7450-697200
OS REV: 1.05 Sensor Cal: 1618508223
Time (sec),  BV (Volts),  T (deg C),  DO (mg/l),  Q ()
1722014820,+3.27,+29.225, +0.107,+0.944
1722015420,+3.27,+29.174, +0.131,+0.945
1722016020,+3.27,+29.311, +0.125,+0.945
1722016620,+3.27,+29.302, +0.346,+0.950
1722017220,+3.27,+29.294, +0.270,+0.948
1722017820,+3.27,+29.302, +0.193,+0.946
1722018420,+3.27,+29.294, +0.294,+0.949
1722019020,+3.26,+29.380, +0.175,+0.946
1722019620,+3.26,+29.440, +0.257,+0.948
1722020220,+3.26,+29.466, +0.271,+0.949
1722020820,+3.26,+29.457, +0.278,+0.949
1722021420,+3.26,+29.612, +0.371,+0.951
1722022020,+3.26,+29.681, +0.257,+0.948
1722022620,+3.26,+29.664, +0.229,+0.947
1722023220,+3.26,+29.595, +0.243,+0.948
1722023820,+3.26,+29.577, +0.306,+0.949
1722024420,+3.26,+29.595, +0.164,+0.945
1722025020,+3.26,+29.543, +0.246,+0.948
1722025620,+3.26,+29.500, +0.220,+0.947
1722026220,+3.26,+29.526, +0.185,+0.946
1722026820,+3.26,+29.500, +0.111,+0.944
1722027420,+3.26,+29.500, +0.110,+0.944
1722028020,+3.26,+29.449, +0.127,+0.945
1722028620,+3.26,+29.491, +0.103,+0.944
1722029220,+3.26,+29.414, +0.106,+0.944
1722029820,+3.26,+29.406, +0.114,+0.944
1722030420,+3.26,+29.388, +0.096,+0.944
1722031020,+3.26,+29.380, +0.084,+0.944
1722031620,+3.26,+29.337, +0.091,+0.944
1722032220,+3.26,+29.363, +0.079,+0.943
1722032820,+3.26,+29.363, +0.059,+0.943
1722033420,+3.26,+29.354, +0.074,+0.943
1722034020,+3.26,+29.388, +0.076,+0.943
1722034620,+3.26,+29.363, +0.068,+0.943
1722035220,+3.26,+29.302, +0.058,+0.943
1722035820,+3.27,+29.242, +0.050,+0.942
1722036420,+3.27,+29.182, +0.066,+0.943
1722037020,+3.27,+29.174, +0.053,+0.943
1722037620,+3.27,+29.114, +0.053,+0.942
1722038220,+3.27,+29.062, +0.052,+0.942
1722038820,+3.27,+29.096, +0.047,+0.942
1722039420,+3.27,+29.062, +0.044,+0.942
1722040020,+3.27,+29.028, +0.045,+0.942
1722040620,+3.27,+28.976, +0.045,+0.942
1722041220,+3.27,+28.942, +0.047,+0.942
1722041820,+3.27,+28.959, +0.044,+0.942
1722042420,+3.27,+28.908, +0.048,+0.942
1722043020,+3.27,+28.848, +0.045,+0.942
1722043620,+3.27,+28.848, +0.046,+0.942
1722044220,+3.27,+28.814, +0.045,+0.942
1722044820,+3.27,+28.788, +0.150,+0.945
1722045420,+3.27,+28.771, +0.051,+0.942
1722046020,+3.27,+28.745, +0.046,+0.942
1722046620,+3.27,+28.702, +0.046,+0.942
1722047220,+3.27,+28.668, +0.046,+0.942
1722047820,+3.27,+28.668, +0.045,+0.942
1722048420,+3.27,+28.634, +0.053,+0.942
1722049020,+3.26,+28.591, +0.046,+0.942
1722049620,+3.26,+28.557, +0.052,+0.942
1722050220,+3.26,+28.531, +0.045,+0.942
1722050820,+3.26,+28.497, +0.044,+0.942
1722051420,+3.26,+28.471, +0.046,+0.942
1722052020,+3.26,+28.454, +0.044,+0.942
1722052620,+3.26,+28.412, +0.044,+0.942
1722053220,+3.26,+28.395, +0.044,+0.942
1722053820,+3.26,+28.378, +0.044,+0.942
1722054420,+3.26,+28.343, +0.043,+0.941
1722055020,+3.26,+28.301, +0.044,+0.942
1722055620,+3.26,+28.318, +0.043,+0.942
1722056220,+3.26,+28.258, +0.050,+0.942
1722056820,+3.27,+28.232, +0.044,+0.942
1722057420,+3.27,+28.198, +0.044,+0.941
1722058020,+3.27,+28.147, +0.046,+0.941
1722058620,+3.27,+28.139, +0.043,+0.941
1722059220,+3.27,+28.087, +0.045,+0.941
1722059820,+3.27,+28.087, +0.043,+0.941
1722060420,+3.27,+28.053, +0.043,+0.941
1722061020,+3.27,+28.002, +0.043,+0.941
1722061620,+3.27,+27.968, +0.043,+0.941
1722062220,+3.27,+27.951, +0.043,+0.941
1722062820,+3.27,+27.908, +0.043,+0.941
1722063420,+3.27,+27.891, +0.048,+0.941
1722064020,+3.27,+27.849, +0.043,+0.941
1722064620,+3.27,+27.840, +0.044,+0.941
1722065220,+3.27,+27.815, +0.053,+0.942
1722065820,+3.27,+27.798, +0.044,+0.941
1722066420,+3.27,+27.789, +0.043,+0.941
1722067020,+3.27,+27.747, +0.043,+0.941
1722067620,+3.27,+27.738, +0.043,+0.941
1722068220,+3.27,+27.704, +0.043,+0.941
1722068820,+3.27,+27.679, +0.049,+0.941
1722069420,+3.27,+27.636, +0.044,+0.941
1722070020,+3.27,+27.559, +0.075,+0.942
1722070620,+3.27,+27.559, +0.043,+0.941
1722071220,+3.27,+27.517, +0.043,+0.941
1722071820,+3.26,+27.483, +0.043,+0.941
1722072420,+3.26,+27.474, +0.043,+0.941
1722073020,+3.26,+27.466, +0.043,+0.941
1722073620,+3.26,+27.415, +0.043,+0.941
1722074220,+3.26,+27.389, +0.051,+0.941
1722074820,+3.26,+27.364, +0.043,+0.941
1722075420,+3.26,+27.355, +0.045,+0.941
1722076020,+3.26,+27.330, +0.044,+0.941
1722076620,+3.26,+27.313, +0.048,+0.941
1722077220,+3.26,+27.288, +0.043,+0.941
1722077820,+3.26,+27.313, +0.043,+0.941
1722078420,+3.26,+27.322, +0.043,+0.941
1722079020,+3.26,+27.313, +0.048,+0.941
1722079620,+3.26,+27.305, +0.043,+0.941
1722080220,+3.26,+27.305, +0.042,+0.941
1722080820,+3.26,+27.313, +0.043,+0.941
1722081420,+3.26,+27.305, +0.043,+0.941
1722082020,+3.26,+27.313, +0.043,+0.941
1722082620,+3.26,+27.322, +0.042,+0.941
1722083220,+3.26,+27.313, +0.043,+0.941
1722083820,+3.26,+27.347, +0.043,+0.941
1722084420,+3.26,+27.364, +0.042,+0.941
1722085020,+3.26,+27.372, +0.042,+0.941
1722085620,+3.26,+27.406, +0.042,+0.941
1722086220,+3.26,+27.440, +0.042,+0.941
1722086820,+3.26,+27.449, +0.042,+0.941
1722087420,+3.26,+27.440, +0.042,+0.941
1722088020,+3.26,+27.517, +0.042,+0.941
1722088620,+3.27,+27.610, +0.042,+0.941
1722089220,+3.27,+27.687, +0.043,+0.941
1722089820,+3.27,+27.789, +0.042,+0.941
1722090420,+3.27,+27.874, +0.042,+0.941
1722091020,+3.27,+27.960, +0.043,+0.941
1722091620,+3.27,+28.028, +0.043,+0.941
1722092220,+3.27,+28.139, +0.042,+0.941
1722092820,+3.26,+28.232, +0.043,+0.941
1722093420,+3.26,+28.352, +0.042,+0.941
1722094020,+3.26,+28.489, +0.042,+0.941
1722094620,+3.26,+28.446, +0.042,+0.941
1722095220,+3.26,+28.454, +0.043,+0.941
1722095820,+3.26,+28.540, +0.043,+0.941
1722096420,+3.26,+28.608, +0.045,+0.941
1722097020,+3.27,+28.779, +0.043,+0.941
1722097620,+3.27,+28.951, +0.050,+0.942
1722098220,+3.27,+29.045, +0.044,+0.942
1722098820,+3.27,+29.062, +0.044,+0.942
1722099420,+3.27,+29.105, +0.043,+0.942
1722100020,+3.26,+29.268, +0.049,+0.942
1722100620,+3.26,+29.345, +0.046,+0.942
1722101220,+3.27,+29.139, +0.044,+0.942
