7450-988987
OS REV: 1.05 Sensor Cal: 1620327161
Time (sec),  BV (Volts),  T (deg C),  DO (mg/l),  Q ()
1702846500,+3.48,+19.128, +8.022,+0.952
1702847100,+3.48,+19.162, +8.016,+0.951
1702847700,+3.48,+19.162, +8.023,+0.952
1702848300,+3.48,+19.187, +8.013,+0.952
1702848900,+3.48,+19.237, +8.002,+0.951
1702849500,+3.48,+19.246, +8.004,+0.951
1702850100,+3.48,+19.246, +7.992,+0.951
1702850700,+3.48,+19.246, +7.995,+0.952
1702851300,+3.48,+19.262, +7.987,+0.951
1702851900,+3.48,+19.237, +7.993,+0.952
1702852500,+3.48,+19.212, +7.998,+0.952
1702853100,+3.48,+19.170, +8.018,+0.952
1702853700,+3.48,+19.153, +8.009,+0.952
1702854300,+3.48,+19.111, +8.019,+0.951
1702854900,+3.48,+19.086, +8.018,+0.951
1702855500,+3.48,+19.052, +8.027,+0.951
1702856100,+3.48,+19.044, +8.022,+0.951
1702856700,+3.48,+18.977, +8.043,+0.952
1702857300,+3.48,+18.943, +8.054,+0.952
1702857900,+3.47,+18.910, +8.054,+0.952
1702858500,+3.47,+18.868, +8.061,+0.952
1702859100,+3.47,+18.868, +8.058,+0.951
1702859700,+3.47,+18.817, +8.059,+0.951
1702860300,+3.47,+18.775, +8.073,+0.951
1702860900,+3.47,+18.725, +8.085,+0.952
1702861500,+3.47,+18.716, +8.094,+0.952
1702862100,+3.47,+18.691, +8.082,+0.952
1702862700,+3.47,+18.649, +8.089,+0.951
1702863300,+3.47,+18.607, +8.108,+0.951
1702863900,+3.48,+18.548, +8.110,+0.951
1702864500,+3.47,+18.590, +8.097,+0.952
1702865100,+3.47,+18.624, +8.082,+0.951
1702865700,+3.47,+18.700, +8.058,+0.951
1702866300,+3.47,+18.716, +8.059,+0.952
1702866900,+3.47,+18.716, +8.055,+0.952
1702867500,+3.47,+18.725, +8.050,+0.951
1702868100,+3.47,+18.733, +8.040,+0.951
1702868700,+3.47,+18.742, +8.047,+0.952
1702869300,+3.47,+18.716, +8.049,+0.952
1702869900,+3.47,+18.742, +8.039,+0.951
1702870500,+3.47,+18.716, +8.048,+0.952
1702871100,+3.47,+18.742, +8.015,+0.950
1702871700,+3.47,+18.742, +8.021,+0.951
1702872300,+3.47,+18.742, +8.033,+0.952
1702872900,+3.47,+18.742, +8.026,+0.951
1702873500,+3.47,+18.725, +8.028,+0.951
1702874100,+3.47,+18.725, +8.037,+0.952
1702874700,+3.47,+18.725, +8.029,+0.951
1702875300,+3.47,+18.716, +8.037,+0.952
1702875900,+3.47,+18.733, +8.027,+0.951
1702876500,+3.47,+18.742, +8.027,+0.951
1702877100,+3.47,+18.725, +8.029,+0.951
1702877700,+3.47,+18.733, +8.031,+0.951
1702878300,+3.47,+18.733, +8.021,+0.951
1702878900,+3.47,+18.750, +8.025,+0.952
1702879500,+3.47,+18.708, +8.036,+0.952
1702880100,+3.47,+18.700, +8.036,+0.952
1702880700,+3.47,+18.674, +8.040,+0.952
1702881300,+3.47,+18.658, +8.038,+0.951
1702881900,+3.47,+18.641, +8.036,+0.951
1702882500,+3.47,+18.607, +8.053,+0.951
1702883100,+3.48,+18.590, +8.053,+0.951
1702883700,+3.48,+18.523, +8.070,+0.951
1702884300,+3.48,+18.498, +8.080,+0.951
1702884900,+3.48,+18.489, +8.082,+0.951
1702885500,+3.48,+18.439, +8.092,+0.951
1702886100,+3.48,+18.414, +8.095,+0.951
1702886700,+3.48,+18.405, +8.093,+0.951
1702887300,+3.48,+18.355, +8.123,+0.952
1702887900,+3.48,+18.321, +8.124,+0.951
1702888500,+3.48,+18.304, +8.132,+0.952
1702889100,+3.48,+18.279, +8.141,+0.952
1702889700,+3.48,+18.304, +8.138,+0.951
1702890300,+3.48,+18.338, +8.149,+0.952
1702890900,+3.48,+18.355, +8.142,+0.952
1702891500,+3.48,+18.372, +8.146,+0.952
1702892100,+3.48,+18.380, +8.132,+0.951
1702892700,+3.48,+18.397, +8.130,+0.951
1702893300,+3.48,+18.372, +8.151,+0.952
1702893900,+3.48,+18.380, +8.141,+0.951
1702894500,+3.48,+18.363, +8.148,+0.951
1702895100,+3.48,+18.372, +8.148,+0.952
1702895700,+3.48,+18.338, +8.149,+0.951
1702896300,+3.48,+18.313, +8.153,+0.951
1702896900,+3.48,+18.363, +8.165,+0.952
1702897500,+3.48,+18.464, +8.153,+0.952
1702898100,+3.48,+18.540, +8.139,+0.951
1702898700,+3.48,+18.632, +8.120,+0.951
1702899300,+3.47,+18.716, +8.107,+0.951
1702899900,+3.47,+18.784, +8.100,+0.951
1702900500,+3.47,+18.901, +8.087,+0.951
1702901100,+3.48,+18.994, +8.084,+0.952
1702901700,+3.48,+19.061, +8.070,+0.951
1702902300,+3.48,+19.145, +8.052,+0.951
1702902900,+3.48,+19.187, +8.053,+0.952
1702903500,+3.48,+19.287, +8.044,+0.952
1702904100,+3.48,+19.380, +8.031,+0.952
1702904700,+3.48,+19.438, +8.020,+0.951
1702905300,+3.48,+19.506, +8.005,+0.951
1702905900,+3.48,+19.531, +8.007,+0.951
1702906500,+3.47,+19.573, +8.007,+0.952
1702907100,+3.47,+19.648, +7.995,+0.951
1702907700,+3.47,+19.690, +7.988,+0.951
1702908300,+3.47,+19.732, +7.986,+0.951
1702908900,+3.47,+19.765, +7.986,+0.952
1702909500,+3.47,+19.774, +7.991,+0.952
1702910100,+3.47,+19.824, +7.989,+0.952
1702910700,+3.47,+19.849, +7.992,+0.952
1702911300,+3.47,+19.891, +7.983,+0.952
1702911900,+3.47,+19.933, +7.974,+0.952
1702912500,+3.47,+19.941, +7.976,+0.952
1702913100,+3.48,+20.125, +7.921,+0.952
1702913700,+3.48,+20.117, +7.914,+0.952
1702914300,+3.48,+20.092, +7.909,+0.952
1702914900,+3.48,+20.050, +7.927,+0.952
1702915500,+3.48,+20.033, +7.932,+0.952
1702916100,+3.48,+20.017, +7.935,+0.952
1702916700,+3.47,+19.966, +7.920,+0.952
1702917300,+3.47,+19.916, +7.939,+0.951
1702917900,+3.47,+19.849, +8.033,+0.952
1702918500,+3.47,+19.749, +8.212,+0.952
1702919100,+3.48,+19.665, +8.216,+0.952
1702919700,+3.48,+19.564, +8.269,+0.952
1702920300,+3.48,+19.447, +8.278,+0.952
1702920900,+3.48,+19.371, +8.297,+0.952
1702921500,+3.48,+19.287, +8.311,+0.952
1702922100,+3.48,+19.204, +8.316,+0.952
1702922700,+3.48,+19.145, +8.325,+0.952
1702923300,+3.48,+19.086, +8.336,+0.952
1702923900,+3.48,+19.027, +8.351,+0.952
1702924500,+3.48,+18.969, +8.358,+0.952
1702925100,+3.48,+18.918, +8.373,+0.952
1702925700,+3.47,+18.901, +8.370,+0.952
1702926300,+3.47,+18.843, +8.380,+0.952
1702926900,+3.47,+18.817, +8.384,+0.952
1702927500,+3.48,+18.801, +8.387,+0.952
1702928100,+3.48,+18.758, +8.400,+0.952
1702928700,+3.48,+18.725, +8.417,+0.952
1702929300,+3.48,+18.725, +8.489,+0.952
1702929900,+3.48,+18.691, +7.852,+0.952
1702930500,+3.48,+18.641, +8.715,+0.952
1702931100,+3.48,+18.616, +8.714,+0.952
1702931700,+3.48,+18.582, +8.714,+0.952
1702932300,+3.48,+18.548, +8.719,+0.952
1702932900,+3.48,+18.515, +8.699,+0.953
