7450-988987
OS REV: 1.05 Sensor Cal: 1620327161
Time (sec),  BV (Volts),  T (deg C),  DO (mg/l),  Q ()
1704392880,+3.46,+24.561, +0.051,+0.933
1704392940,+3.46,+24.577, +0.051,+0.933
1704393000,+3.46,+24.586, +0.051,+0.933
1704393060,+3.46,+24.603, +0.051,+0.933
1704393120,+3.46,+24.603, +0.051,+0.933
1704393180,+3.46,+24.611, +0.050,+0.933
1704393240,+3.46,+24.628, +0.051,+0.933
1704393300,+3.46,+24.611, +0.051,+0.933
1704393360,+3.46,+24.594, +0.051,+0.933
1704393420,+3.46,+24.636, +0.050,+0.933
1704393480,+3.46,+24.628, +0.051,+0.933
1704393540,+3.46,+24.628, +0.051,+0.933
1704393600,+3.46,+24.645, +0.050,+0.933
1704393660,+3.46,+24.653, +0.051,+0.933
1704393720,+3.46,+24.653, +0.051,+0.933
1704393780,+3.46,+24.678, +0.051,+0.933
1704393840,+3.46,+24.687, +0.051,+0.933
1704393900,+3.46,+24.670, +0.051,+0.933
1704393960,+3.46,+24.653, +0.051,+0.933
1704394020,+3.46,+24.670, +0.051,+0.933
1704394080,+3.46,+24.653, +0.051,+0.933
1704394140,+3.46,+24.695, +0.051,+0.933
1704394200,+3.46,+24.712, +0.051,+0.933
1704394260,+3.46,+24.737, +0.051,+0.933
1704394320,+3.46,+24.737, +0.051,+0.933
1704394380,+3.46,+24.762, +0.051,+0.933
1704394440,+3.46,+24.762, +0.050,+0.933
1704394500,+3.46,+24.745, +0.051,+0.933
1704394560,+3.46,+24.737, +0.051,+0.933
1704394620,+3.46,+24.737, +0.051,+0.933
1704394680,+3.46,+24.745, +0.052,+0.933
1704394740,+3.46,+24.779, +0.051,+0.933
1704394800,+3.46,+24.771, +0.051,+0.933
1704394860,+3.46,+24.779, +0.051,+0.933
1704394920,+3.46,+24.754, +0.051,+0.933
1704394980,+3.46,+24.771, +0.051,+0.933
1704395040,+3.45,+24.804, +0.051,+0.933
1704395100,+3.46,+24.813, +0.052,+0.933
1704395160,+3.46,+24.796, +0.051,+0.933
1704395220,+3.46,+24.779, +0.051,+0.933
1704395280,+3.46,+24.804, +0.051,+0.933
1704395340,+3.46,+24.771, +0.051,+0.933
1704395400,+3.46,+24.779, +0.052,+0.933
1704395460,+3.46,+24.813, +0.052,+0.933
1704395520,+3.46,+24.804, +0.051,+0.933
1704395580,+3.46,+24.829, +0.051,+0.933
1704395640,+3.45,+24.838, +0.051,+0.933
1704395700,+3.46,+24.838, +0.051,+0.933
1704395760,+3.46,+24.846, +0.051,+0.933
1704395820,+3.46,+24.829, +0.051,+0.933
1704395880,+3.46,+24.855, +0.051,+0.933
1704395940,+3.45,+24.855, +0.051,+0.933
1704396000,+3.45,+24.863, +0.051,+0.933
1704396060,+3.45,+24.838, +0.051,+0.933
1704396120,+3.45,+24.863, +0.052,+0.933
1704396180,+3.46,+24.855, +0.051,+0.933
1704396240,+3.45,+24.838, +0.051,+0.933
1704396300,+3.45,+24.888, +0.051,+0.933
1704396360,+3.45,+24.871, +0.051,+0.933
1704396420,+3.45,+24.863, +0.051,+0.933
1704396480,+3.46,+24.880, +0.051,+0.933
1704396540,+3.46,+24.855, +0.051,+0.933
1704396600,+3.46,+24.863, +0.052,+0.933
1704396660,+3.45,+24.897, +0.051,+0.933
1704396720,+3.45,+24.897, +0.052,+0.933
1704396780,+3.45,+24.939, +0.051,+0.933
1704396840,+3.45,+24.930, +0.052,+0.933
1704396900,+3.45,+24.955, +0.051,+0.933
1704396960,+3.45,+24.964, +0.051,+0.933
1704397020,+3.45,+24.947, +0.052,+0.933
1704397080,+3.45,+24.955, +0.052,+0.933
1704397140,+3.45,+24.955, +0.051,+0.933
1704397200,+3.45,+24.930, +0.051,+0.933
1704397260,+3.45,+24.939, +0.051,+0.933
1704397320,+3.45,+24.922, +0.052,+0.933
1704397380,+3.45,+24.930, +0.051,+0.933
1704397440,+3.45,+24.939, +0.051,+0.933
1704397500,+3.45,+24.955, +0.051,+0.933
1704397560,+3.45,+24.964, +0.051,+0.933
1704397620,+3.45,+24.981, +0.052,+0.933
1704397680,+3.45,+24.972, +0.052,+0.933
1704397740,+3.45,+24.981, +0.051,+0.933
1704397800,+3.45,+24.981, +0.051,+0.933
1704397860,+3.45,+24.972, +0.052,+0.933
1704397920,+3.45,+24.981, +0.051,+0.933
1704397980,+3.45,+24.981, +0.051,+0.933
1704398040,+3.45,+24.989, +0.051,+0.933
1704398100,+3.45,+24.997, +0.051,+0.933
1704398160,+3.45,+24.981, +0.052,+0.933
1704398220,+3.45,+24.964, +0.051,+0.933
1704398280,+3.45,+24.939, +0.051,+0.933
1704398340,+3.45,+24.897, +0.051,+0.933
1704398400,+3.45,+24.905, +0.051,+0.933
1704398460,+3.45,+24.913, +0.051,+0.933
1704398520,+3.46,+24.922, +0.052,+0.933
1704398580,+3.45,+24.930, +0.051,+0.933
1704398640,+3.45,+24.939, +0.051,+0.933
1704398700,+3.45,+24.939, +0.051,+0.933
1704398760,+3.45,+24.947, +0.051,+0.933
1704398820,+3.45,+24.964, +0.051,+0.933
1704398880,+3.45,+24.989, +0.051,+0.933
1704398940,+3.45,+25.006, +0.051,+0.933
1704399000,+3.45,+25.023, +0.052,+0.933
1704399060,+3.45,+25.031, +0.051,+0.933
1704399120,+3.45,+25.039, +0.051,+0.933
1704399180,+3.45,+25.065, +0.052,+0.933
1704399240,+3.45,+25.073, +0.051,+0.933
1704399300,+3.45,+25.098, +0.051,+0.933
1704399360,+3.45,+25.107, +0.052,+0.933
1704399420,+3.45,+25.124, +0.052,+0.933
1704399480,+3.45,+25.124, +0.051,+0.933
1704399540,+3.45,+25.132, +0.051,+0.933
1704399600,+3.45,+25.107, +0.051,+0.933
1704399660,+3.45,+25.124, +0.052,+0.933
1704399720,+3.45,+25.115, +0.051,+0.933
1704399780,+3.45,+25.115, +0.051,+0.933
1704399840,+3.45,+25.090, +0.051,+0.933
1704399900,+3.45,+25.065, +0.051,+0.933
1704399960,+3.45,+25.073, +0.051,+0.933
1704400020,+3.45,+25.031, +0.051,+0.933
1704400080,+3.45,+24.997, +0.051,+0.933
1704400140,+3.45,+24.997, +0.051,+0.933
1704400200,+3.45,+25.031, +0.051,+0.933
1704400260,+3.45,+25.039, +0.051,+0.933
1704400320,+3.45,+25.048, +0.052,+0.933
1704400380,+3.45,+25.065, +0.051,+0.933
1704400440,+3.45,+25.082, +0.051,+0.933
1704400500,+3.45,+25.082, +0.052,+0.933
1704400560,+3.45,+25.065, +0.051,+0.933
1704400620,+3.45,+25.065, +0.052,+0.933
1704400680,+3.45,+25.073, +0.051,+0.933
1704400740,+3.45,+25.090, +0.051,+0.933
1704400800,+3.45,+25.082, +0.051,+0.933
1704400860,+3.45,+25.082, +0.052,+0.933
1704400920,+3.45,+25.065, +0.052,+0.933
1704400980,+3.45,+25.065, +0.051,+0.933
1704401040,+3.45,+25.065, +0.052,+0.933
1704401100,+3.45,+25.082, +0.051,+0.933
1704401160,+3.45,+25.048, +0.051,+0.933
1704401220,+3.45,+25.065, +0.052,+0.933
1704401280,+3.45,+25.073, +0.051,+0.933
1704401340,+3.45,+25.090, +0.052,+0.933
1704401400,+3.45,+25.090, +0.051,+0.933
1704401460,+3.45,+25.107, +0.052,+0.933
1704401520,+3.45,+25.098, +0.051,+0.933
1704401580,+3.45,+25.115, +0.051,+0.933
1704401640,+3.45,+25.115, +0.052,+0.933
1704401700,+3.45,+25.124, +0.051,+0.933
1704401760,+3.45,+25.115, +0.051,+0.933
1704401820,+3.45,+25.107, +0.051,+0.933
1704401880,+3.45,+25.124, +0.052,+0.933
1704401940,+3.45,+25.098, +0.052,+0.933
1704402000,+3.45,+25.124, +0.051,+0.933
1704402060,+3.45,+25.124, +0.051,+0.933
1704402120,+3.45,+25.107, +0.052,+0.933
1704402180,+3.45,+25.124, +0.052,+0.933
1704402240,+3.45,+25.132, +0.053,+0.933
1704402300,+3.45,+25.124, +0.052,+0.933
1704402360,+3.45,+25.132, +0.052,+0.933
1704402420,+3.45,+25.140, +0.052,+0.933
1704402480,+3.45,+25.124, +0.052,+0.933
1704402540,+3.45,+25.132, +0.052,+0.933
1704402600,+3.45,+25.140, +0.052,+0.933
1704402660,+3.45,+25.149, +0.052,+0.933
1704402720,+3.45,+25.166, +0.052,+0.933
1704402780,+3.45,+25.166, +0.052,+0.933
1704402840,+3.45,+25.149, +0.052,+0.933
1704402900,+3.45,+25.140, +0.052,+0.933
1704402960,+3.45,+25.132, +0.053,+0.933
1704403020,+3.45,+25.157, +0.054,+0.933
1704403080,+3.45,+25.191, +0.059,+0.933
1704403140,+3.45,+25.174, +0.057,+0.933
1704403200,+3.45,+25.182, +0.110,+0.935
1704403260,+3.45,+25.166, +0.105,+0.935
1704403320,+3.45,+25.182, +0.127,+0.936
1704403380,+3.45,+25.157, +0.091,+0.934
1704403440,+3.45,+25.166, +0.072,+0.934
1704403500,+3.45,+25.166, +0.063,+0.934
1704403560,+3.45,+25.174, +0.058,+0.933
1704403620,+3.45,+25.174, +0.056,+0.933
1704403680,+3.45,+25.166, +0.056,+0.933
1704403740,+3.45,+25.149, +0.057,+0.933
1704403800,+3.45,+25.140, +0.055,+0.933
1704403860,+3.45,+25.140, +0.055,+0.933
1704403920,+3.45,+25.140, +0.052,+0.933
1704403980,+3.45,+25.124, +0.053,+0.933
1704404040,+3.45,+25.132, +0.051,+0.933
1704404100,+3.45,+25.107, +0.052,+0.933
1704404160,+3.45,+25.073, +0.052,+0.933
1704404220,+3.45,+25.090, +0.054,+0.933
1704404280,+3.45,+25.132, +0.070,+0.934
1704404340,+3.45,+25.132, +0.079,+0.934
1704404400,+3.45,+25.140, +0.086,+0.934
1704404460,+3.45,+25.149, +0.086,+0.934
1704404520,+3.45,+25.149, +0.077,+0.934
1704404580,+3.45,+25.157, +0.068,+0.934
1704404640,+3.45,+25.149, +0.062,+0.933
1704404700,+3.45,+25.115, +0.056,+0.933
1704404760,+3.45,+25.107, +0.053,+0.933
1704404820,+3.45,+25.115, +0.052,+0.933
1704404880,+3.45,+25.098, +0.052,+0.933
1704404940,+3.45,+25.073, +0.052,+0.933
1704405000,+3.45,+25.082, +0.052,+0.933
1704405060,+3.45,+25.107, +0.052,+0.933
1704405120,+3.45,+25.098, +0.052,+0.933
1704405180,+3.45,+25.115, +0.052,+0.933
1704405240,+3.45,+25.115, +0.051,+0.933
1704405300,+3.45,+25.132, +0.052,+0.933
1704405360,+3.45,+25.098, +0.053,+0.933
1704405420,+3.45,+25.107, +0.054,+0.933
1704405480,+3.45,+25.124, +0.053,+0.933
1704405540,+3.45,+25.098, +0.053,+0.933
1704405600,+3.45,+25.115, +0.053,+0.933
1704405660,+3.45,+25.107, +0.066,+0.934
1704405720,+3.45,+25.107, +0.078,+0.934
1704405780,+3.45,+25.124, +0.073,+0.934
1704405840,+3.45,+25.115, +0.071,+0.934
1704405900,+3.45,+25.140, +0.070,+0.934
1704405960,+3.45,+25.140, +0.063,+0.934
1704406020,+3.45,+25.124, +0.058,+0.933
1704406080,+3.45,+25.132, +0.057,+0.933
1704406140,+3.45,+25.115, +0.055,+0.933
1704406200,+3.45,+25.115, +0.087,+0.935
1704406260,+3.45,+25.124, +0.081,+0.934
1704406320,+3.45,+25.107, +0.070,+0.934
1704406380,+3.45,+25.115, +0.068,+0.934
1704406440,+3.45,+25.098, +0.064,+0.934
1704406500,+3.45,+25.124, +0.066,+0.934
1704406560,+3.45,+25.115, +0.071,+0.934
1704406620,+3.45,+25.115, +0.106,+0.935
1704406680,+3.45,+25.107, +0.123,+0.936
1704406740,+3.45,+25.107, +0.088,+0.934
1704406800,+3.45,+25.107, +0.080,+0.934
1704406860,+3.45,+25.107, +0.079,+0.934
1704406920,+3.45,+25.124, +0.072,+0.934
1704406980,+3.45,+25.115, +0.064,+0.934
1704407040,+3.45,+25.107, +0.061,+0.934
1704407100,+3.45,+25.115, +0.062,+0.934
1704407160,+3.45,+25.107, +0.061,+0.934
1704407220,+3.45,+25.098, +0.058,+0.933
1704407280,+3.45,+25.115, +0.056,+0.933
1704407340,+3.45,+25.098, +0.055,+0.933
1704407400,+3.45,+25.098, +0.056,+0.933
1704407460,+3.45,+25.098, +0.056,+0.933
1704407520,+3.45,+25.082, +0.054,+0.933
1704407580,+3.45,+25.082, +0.053,+0.933
1704407640,+3.45,+25.065, +0.053,+0.933
1704407700,+3.45,+25.073, +0.053,+0.933
1704407760,+3.45,+25.065, +0.052,+0.933
1704407820,+3.45,+25.082, +0.052,+0.933
1704407880,+3.45,+25.065, +0.052,+0.933
1704407940,+3.45,+25.082, +0.052,+0.933
1704408000,+3.45,+25.073, +0.052,+0.933
1704408060,+3.45,+25.082, +0.052,+0.933
1704408120,+3.45,+25.090, +0.052,+0.933
1704408180,+3.45,+25.056, +0.052,+0.933
1704408240,+3.45,+25.073, +0.052,+0.933
1704408300,+3.45,+25.082, +0.052,+0.933
1704408360,+3.45,+25.073, +0.052,+0.933
1704408420,+3.45,+25.082, +0.053,+0.933
1704408480,+3.45,+25.090, +0.052,+0.933
1704408540,+3.45,+25.031, +0.053,+0.933
1704408600,+3.45,+25.048, +0.064,+0.934
1704408660,+3.46,+25.048, +0.067,+0.934
1704408720,+3.45,+25.048, +0.063,+0.934
1704408780,+3.46,+25.039, +0.071,+0.934
1704408840,+3.45,+25.048, +0.072,+0.934
1704408900,+3.46,+25.039, +0.069,+0.934
1704408960,+3.46,+25.031, +0.064,+0.934
1704409020,+3.46,+25.031, +0.061,+0.934
1704409080,+3.45,+25.048, +0.057,+0.933
1704409140,+3.45,+25.039, +0.057,+0.933
1704409200,+3.46,+25.031, +0.056,+0.933
1704409260,+3.46,+25.023, +0.055,+0.933
1704409320,+3.46,+25.031, +0.067,+0.934
1704409380,+3.45,+25.031, +0.082,+0.934
1704409440,+3.45,+25.048, +0.079,+0.934
1704409500,+3.45,+25.039, +0.081,+0.934
1704409560,+3.45,+25.031, +0.070,+0.934
1704409620,+3.45,+25.023, +0.065,+0.934
1704409680,+3.45,+25.031, +0.063,+0.933
1704409740,+3.45,+25.023, +0.060,+0.933
1704409800,+3.46,+25.031, +0.059,+0.933
1704409860,+3.46,+25.006, +0.073,+0.934
1704409920,+3.46,+25.014, +0.091,+0.935
1704409980,+3.46,+25.014, +0.083,+0.934
1704410040,+3.46,+25.014, +0.069,+0.934
1704410100,+3.46,+25.006, +0.070,+0.934
1704410160,+3.46,+24.989, +0.098,+0.935
1704410220,+3.46,+24.997, +0.097,+0.935
1704410280,+3.46,+24.989, +0.090,+0.934
1704410340,+3.46,+24.997, +0.082,+0.934
1704410400,+3.46,+24.997, +0.072,+0.934
1704410460,+3.46,+24.997, +0.070,+0.934
1704410520,+3.46,+24.981, +0.073,+0.934
1704410580,+3.46,+24.981, +0.076,+0.934
1704410640,+3.46,+24.981, +0.070,+0.934
1704410700,+3.46,+24.964, +0.062,+0.934
1704410760,+3.46,+24.972, +0.057,+0.933
1704410820,+3.46,+24.964, +0.057,+0.933
1704410880,+3.46,+24.964, +0.054,+0.933
1704410940,+3.46,+24.964, +0.053,+0.933
1704411000,+3.46,+24.955, +0.052,+0.933
1704411060,+3.46,+24.939, +0.052,+0.933
1704411120,+3.46,+24.964, +0.052,+0.933
1704411180,+3.46,+24.939, +0.052,+0.933
1704411240,+3.46,+24.939, +0.052,+0.933
1704411300,+3.46,+24.955, +0.053,+0.933
1704411360,+3.46,+24.939, +0.053,+0.933
1704411420,+3.46,+24.955, +0.052,+0.933
1704411480,+3.46,+24.955, +0.052,+0.933
1704411540,+3.46,+24.955, +0.052,+0.933
1704411600,+3.46,+24.947, +0.053,+0.933
1704411660,+3.46,+24.939, +0.057,+0.933
1704411720,+3.46,+24.947, +0.057,+0.934
1704411780,+3.46,+24.955, +0.054,+0.933
1704411840,+3.46,+24.939, +0.053,+0.933
1704411900,+3.46,+24.939, +0.053,+0.933
1704411960,+3.46,+24.939, +0.057,+0.933
1704412020,+3.46,+24.930, +0.063,+0.934
1704412080,+3.46,+24.939, +0.070,+0.934
1704412140,+3.46,+24.913, +0.082,+0.934
1704412200,+3.46,+24.922, +0.095,+0.935
1704412260,+3.46,+24.905, +0.093,+0.935
1704412320,+3.46,+24.922, +0.138,+0.936
1704412380,+3.46,+24.913, +0.156,+0.937
1704412440,+3.46,+24.930, +0.146,+0.936
1704412500,+3.46,+24.913, +0.152,+0.937
1704412560,+3.46,+24.897, +0.143,+0.936
1704412620,+3.46,+24.905, +0.123,+0.936
1704412680,+3.46,+24.888, +0.104,+0.935
1704412740,+3.46,+24.905, +0.092,+0.935
1704412800,+3.46,+24.905, +0.085,+0.934
1704412860,+3.46,+24.888, +0.079,+0.934
1704412920,+3.46,+24.913, +0.182,+0.938
1704412980,+3.46,+24.897, +0.176,+0.937
1704413040,+3.46,+24.880, +0.150,+0.936
1704413100,+3.46,+24.880, +0.123,+0.936
1704413160,+3.46,+24.871, +0.101,+0.935
1704413220,+3.46,+24.880, +0.087,+0.934
1704413280,+3.46,+24.871, +0.078,+0.934
1704413340,+3.46,+24.871, +0.086,+0.934
1704413400,+3.46,+24.863, +0.119,+0.935
1704413460,+3.46,+24.863, +0.132,+0.936
1704413520,+3.46,+24.855, +0.118,+0.936
1704413580,+3.46,+24.863, +0.101,+0.935
1704413640,+3.46,+24.855, +0.085,+0.934
1704413700,+3.46,+24.855, +0.070,+0.934
1704413760,+3.46,+24.871, +0.064,+0.934
1704413820,+3.46,+24.846, +0.064,+0.934
1704413880,+3.46,+24.846, +0.097,+0.935
1704413940,+3.46,+24.829, +0.093,+0.935
1704414000,+3.46,+24.829, +0.120,+0.936
1704414060,+3.46,+24.838, +0.116,+0.935
1704414120,+3.46,+24.829, +0.097,+0.935
1704414180,+3.46,+24.813, +0.081,+0.934
1704414240,+3.46,+24.813, +0.070,+0.934
1704414300,+3.46,+24.796, +0.158,+0.937
1704414360,+3.46,+24.829, +0.214,+0.938
1704414420,+3.46,+24.796, +0.239,+0.939
1704414480,+3.46,+24.813, +0.209,+0.938
1704414540,+3.46,+24.804, +0.166,+0.937
1704414600,+3.46,+24.804, +0.126,+0.936
1704414660,+3.46,+24.804, +0.094,+0.935
1704414720,+3.46,+24.804, +0.075,+0.934
1704414780,+3.46,+24.787, +0.065,+0.934
1704414840,+3.46,+24.779, +0.060,+0.933
1704414900,+3.46,+24.771, +0.057,+0.933
1704414960,+3.46,+24.779, +0.055,+0.933
1704415020,+3.46,+24.796, +0.074,+0.934
1704415080,+3.46,+24.779, +0.082,+0.934
1704415140,+3.46,+24.787, +0.073,+0.934
1704415200,+3.46,+24.779, +0.078,+0.934
1704415260,+3.46,+24.762, +0.071,+0.934
1704415320,+3.46,+24.771, +0.107,+0.935
1704415380,+3.46,+24.762, +0.111,+0.935
1704415440,+3.46,+24.754, +0.088,+0.934
1704415500,+3.46,+24.762, +0.068,+0.934
1704415560,+3.46,+24.762, +0.058,+0.933
1704415620,+3.46,+24.762, +0.055,+0.933
1704415680,+3.46,+24.754, +0.054,+0.933
1704415740,+3.46,+24.754, +0.054,+0.933
1704415800,+3.46,+24.754, +0.053,+0.933
1704415860,+3.46,+24.745, +0.053,+0.933
1704415920,+3.46,+24.737, +0.053,+0.933
1704415980,+3.46,+24.712, +0.053,+0.933
1704416040,+3.46,+24.720, +0.053,+0.933
1704416100,+3.46,+24.737, +0.089,+0.934
1704416160,+3.46,+24.729, +0.078,+0.934
1704416220,+3.46,+24.712, +0.063,+0.934
1704416280,+3.46,+24.703, +0.056,+0.933
1704416340,+3.46,+24.720, +0.053,+0.933
1704416400,+3.46,+24.712, +0.053,+0.933
1704416460,+3.46,+24.712, +0.052,+0.933
1704416520,+3.46,+24.712, +0.053,+0.933
1704416580,+3.46,+24.695, +0.058,+0.933
1704416640,+3.46,+24.695, +0.058,+0.933
1704416700,+3.46,+24.695, +0.054,+0.933
1704416760,+3.46,+24.678, +0.055,+0.933
1704416820,+3.46,+24.678, +0.053,+0.933
1704416880,+3.46,+24.670, +0.053,+0.933
1704416940,+3.46,+24.678, +0.052,+0.933
1704417000,+3.46,+24.670, +0.056,+0.933
1704417060,+3.46,+24.670, +0.069,+0.934
1704417120,+3.46,+24.670, +0.063,+0.934
1704417180,+3.46,+24.678, +0.055,+0.933
1704417240,+3.46,+24.670, +0.054,+0.933
1704417300,+3.46,+24.653, +0.054,+0.933
1704417360,+3.46,+24.653, +0.054,+0.933
1704417420,+3.46,+24.645, +0.053,+0.933
1704417480,+3.46,+24.661, +0.053,+0.933
1704417540,+3.46,+24.645, +0.053,+0.933
1704417600,+3.46,+24.636, +0.053,+0.933
1704417660,+3.46,+24.636, +0.053,+0.933
1704417720,+3.46,+24.636, +0.053,+0.933
1704417780,+3.46,+24.628, +0.053,+0.933
1704417840,+3.46,+24.636, +0.053,+0.933
1704417900,+3.46,+24.619, +0.052,+0.933
1704417960,+3.46,+24.611, +0.053,+0.933
1704418020,+3.46,+24.619, +0.054,+0.933
1704418080,+3.46,+24.603, +0.053,+0.933
1704418140,+3.46,+24.603, +0.053,+0.933
1704418200,+3.46,+24.586, +0.055,+0.933
1704418260,+3.46,+24.603, +0.055,+0.933
1704418320,+3.46,+24.611, +0.053,+0.933
1704418380,+3.46,+24.586, +0.052,+0.933
1704418440,+3.46,+24.586, +0.052,+0.933
1704418500,+3.46,+24.594, +0.052,+0.933
1704418560,+3.46,+24.569, +0.052,+0.933
1704418620,+3.46,+24.603, +0.052,+0.933
1704418680,+3.46,+24.577, +0.052,+0.933
1704418740,+3.46,+24.569, +0.052,+0.933
1704418800,+3.46,+24.586, +0.052,+0.933
1704418860,+3.46,+24.577, +0.052,+0.933
1704418920,+3.46,+24.594, +0.052,+0.933
1704418980,+3.46,+24.561, +0.052,+0.933
1704419040,+3.46,+24.561, +0.052,+0.933
1704419100,+3.46,+24.569, +0.052,+0.933
1704419160,+3.46,+24.586, +0.052,+0.933
1704419220,+3.46,+24.561, +0.052,+0.933
1704419280,+3.46,+24.561, +0.052,+0.933
1704419340,+3.46,+24.544, +0.052,+0.933
1704419400,+3.46,+24.552, +0.052,+0.933
1704419460,+3.46,+24.552, +0.052,+0.933
1704419520,+3.46,+24.552, +0.052,+0.933
1704419580,+3.46,+24.535, +0.052,+0.933
1704419640,+3.46,+24.535, +0.053,+0.934
1704419700,+3.46,+24.527, +0.052,+0.933
1704419760,+3.46,+24.535, +0.052,+0.933
1704419820,+3.46,+24.535, +0.052,+0.933
1704419880,+3.46,+24.535, +0.052,+0.933
1704419940,+3.46,+24.552, +0.052,+0.933
1704420000,+3.46,+24.527, +0.051,+0.933
1704420060,+3.46,+24.544, +0.052,+0.933
1704420120,+3.46,+24.535, +0.052,+0.933
1704420180,+3.46,+24.519, +0.052,+0.933
1704420240,+3.46,+24.519, +0.052,+0.933
1704420300,+3.46,+24.510, +0.052,+0.933
1704420360,+3.46,+24.510, +0.051,+0.933
1704420420,+3.46,+24.519, +0.052,+0.933
1704420480,+3.46,+24.502, +0.052,+0.933
1704420540,+3.46,+24.502, +0.052,+0.933
1704420600,+3.46,+24.510, +0.051,+0.933
1704420660,+3.46,+24.493, +0.052,+0.933
1704420720,+3.46,+24.477, +0.052,+0.933
1704420780,+3.46,+24.493, +0.067,+0.934
1704420840,+3.46,+24.485, +0.059,+0.934
1704420900,+3.46,+24.468, +0.054,+0.933
1704420960,+3.46,+24.477, +0.053,+0.933
1704421020,+3.46,+24.451, +0.060,+0.934
1704421080,+3.46,+24.468, +0.056,+0.934
1704421140,+3.46,+24.477, +0.053,+0.933
1704421200,+3.46,+24.468, +0.051,+0.933
1704421260,+3.46,+24.451, +0.052,+0.933
1704421320,+3.46,+24.451, +0.052,+0.933
1704421380,+3.46,+24.443, +0.052,+0.933
1704421440,+3.46,+24.460, +0.052,+0.933
1704421500,+3.46,+24.451, +0.053,+0.933
1704421560,+3.46,+24.451, +0.053,+0.933
1704421620,+3.46,+24.435, +0.053,+0.933
1704421680,+3.46,+24.443, +0.056,+0.933
1704421740,+3.46,+24.451, +0.052,+0.933
1704421800,+3.46,+24.443, +0.053,+0.933
1704421860,+3.46,+24.435, +0.053,+0.933
1704421920,+3.46,+24.426, +0.053,+0.933
1704421980,+3.46,+24.426, +0.053,+0.933
1704422040,+3.46,+24.426, +0.052,+0.933
1704422100,+3.46,+24.418, +0.053,+0.933
1704422160,+3.46,+24.418, +0.052,+0.933
1704422220,+3.46,+24.384, +0.052,+0.933
1704422280,+3.46,+24.418, +0.053,+0.933
1704422340,+3.46,+24.410, +0.053,+0.933
1704422400,+3.46,+24.401, +0.052,+0.933
1704422460,+3.46,+24.401, +0.052,+0.933
1704422520,+3.46,+24.393, +0.051,+0.933
1704422580,+3.46,+24.393, +0.051,+0.933
1704422640,+3.46,+24.401, +0.051,+0.933
1704422700,+3.46,+24.368, +0.051,+0.933
1704422760,+3.46,+24.368, +0.052,+0.933
1704422820,+3.46,+24.368, +0.052,+0.933
1704422880,+3.46,+24.359, +0.052,+0.933
1704422940,+3.46,+24.376, +0.051,+0.933
1704423000,+3.46,+24.384, +0.052,+0.933
1704423060,+3.46,+24.359, +0.052,+0.933
1704423120,+3.46,+24.351, +0.055,+0.933
1704423180,+3.46,+24.359, +0.056,+0.934
1704423240,+3.46,+24.351, +0.053,+0.933
1704423300,+3.46,+24.342, +0.053,+0.933
1704423360,+3.46,+24.359, +0.052,+0.933
1704423420,+3.46,+24.351, +0.051,+0.933
1704423480,+3.46,+24.351, +0.052,+0.933
1704423540,+3.46,+24.334, +0.051,+0.933
1704423600,+3.46,+24.334, +0.051,+0.933
1704423660,+3.46,+24.334, +0.051,+0.933
1704423720,+3.46,+24.317, +0.052,+0.934
1704423780,+3.46,+24.326, +0.051,+0.933
1704423840,+3.46,+24.342, +0.071,+0.934
1704423900,+3.46,+24.334, +0.055,+0.934
1704423960,+3.46,+24.317, +0.064,+0.934
1704424020,+3.46,+24.317, +0.054,+0.933
1704424080,+3.46,+24.317, +0.051,+0.933
1704424140,+3.46,+24.300, +0.051,+0.933
1704424200,+3.46,+24.317, +0.052,+0.933
1704424260,+3.46,+24.317, +0.051,+0.933
1704424320,+3.46,+24.300, +0.051,+0.933
1704424380,+3.46,+24.284, +0.051,+0.933
1704424440,+3.46,+24.300, +0.051,+0.933
1704424500,+3.46,+24.292, +0.052,+0.933
1704424560,+3.46,+24.292, +0.055,+0.933
1704424620,+3.46,+24.284, +0.054,+0.933
1704424680,+3.46,+24.275, +0.054,+0.933
1704424740,+3.45,+24.284, +0.052,+0.933
1704424800,+3.45,+24.267, +0.053,+0.933
1704424860,+3.46,+24.275, +0.053,+0.933
1704424920,+3.45,+24.275, +0.057,+0.934
1704424980,+3.45,+24.250, +0.064,+0.934
1704425040,+3.45,+24.259, +0.054,+0.934
1704425100,+3.45,+24.267, +0.053,+0.933
1704425160,+3.45,+24.267, +0.051,+0.933
1704425220,+3.45,+24.250, +0.052,+0.933
1704425280,+3.45,+24.250, +0.052,+0.933
1704425340,+3.45,+24.242, +0.051,+0.933
1704425400,+3.45,+24.242, +0.052,+0.933
1704425460,+3.45,+24.259, +0.052,+0.933
1704425520,+3.45,+24.233, +0.052,+0.933
1704425580,+3.45,+24.242, +0.052,+0.934
1704425640,+3.45,+24.233, +0.052,+0.933
1704425700,+3.45,+24.233, +0.052,+0.933
1704425760,+3.45,+24.225, +0.051,+0.933
1704425820,+3.45,+24.225, +0.052,+0.933
1704425880,+3.45,+24.225, +0.051,+0.933
1704425940,+3.45,+24.217, +0.051,+0.933
1704426000,+3.45,+24.225, +0.052,+0.933
1704426060,+3.45,+24.208, +0.052,+0.933
1704426120,+3.45,+24.217, +0.051,+0.933
1704426180,+3.45,+24.200, +0.051,+0.933
1704426240,+3.45,+24.183, +0.051,+0.933
1704426300,+3.45,+24.191, +0.052,+0.933
1704426360,+3.45,+24.200, +0.051,+0.933
1704426420,+3.45,+24.175, +0.052,+0.933
1704426480,+3.45,+24.200, +0.051,+0.933
1704426540,+3.45,+24.175, +0.051,+0.933
1704426600,+3.46,+24.200, +0.051,+0.933
1704426660,+3.45,+24.166, +0.051,+0.933
1704426720,+3.45,+24.175, +0.051,+0.933
1704426780,+3.45,+24.166, +0.052,+0.933
1704426840,+3.46,+24.166, +0.051,+0.933
1704426900,+3.45,+24.166, +0.052,+0.934
1704426960,+3.45,+24.166, +0.051,+0.933
1704427020,+3.45,+24.158, +0.052,+0.933
1704427080,+3.45,+24.158, +0.052,+0.933
1704427140,+3.45,+24.149, +0.052,+0.934
1704427200,+3.45,+24.149, +0.051,+0.933
1704427260,+3.45,+24.141, +0.051,+0.933
1704427320,+3.45,+24.124, +0.051,+0.933
1704427380,+3.45,+24.124, +0.051,+0.933
1704427440,+3.46,+24.141, +0.052,+0.934
1704427500,+3.45,+24.124, +0.051,+0.933
1704427560,+3.45,+24.133, +0.051,+0.933
1704427620,+3.45,+24.133, +0.051,+0.933
1704427680,+3.45,+24.124, +0.051,+0.933
1704427740,+3.46,+24.108, +0.058,+0.934
1704427800,+3.46,+24.108, +0.059,+0.934
1704427860,+3.45,+24.108, +0.052,+0.933
1704427920,+3.45,+24.099, +0.052,+0.933
1704427980,+3.46,+24.108, +0.052,+0.933
1704428040,+3.45,+24.091, +0.052,+0.933
1704428100,+3.45,+24.099, +0.052,+0.933
1704428160,+3.45,+24.108, +0.051,+0.933
1704428220,+3.45,+24.099, +0.052,+0.933
1704428280,+3.46,+24.099, +0.051,+0.933
1704428340,+3.46,+24.091, +0.051,+0.933
1704428400,+3.46,+24.091, +0.051,+0.933
1704428460,+3.46,+24.082, +0.051,+0.933
1704428520,+3.46,+24.082, +0.051,+0.933
1704428580,+3.45,+24.074, +0.051,+0.933
1704428640,+3.46,+24.049, +0.051,+0.933
1704428700,+3.46,+24.074, +0.051,+0.933
1704428760,+3.46,+24.057, +0.051,+0.933
1704428820,+3.46,+24.082, +0.051,+0.933
1704428880,+3.46,+24.057, +0.051,+0.933
1704428940,+3.46,+24.074, +0.051,+0.933
1704429000,+3.46,+24.049, +0.051,+0.933
1704429060,+3.46,+24.049, +0.051,+0.933
1704429120,+3.45,+24.040, +0.051,+0.933
1704429180,+3.46,+24.040, +0.050,+0.933
1704429240,+3.45,+24.049, +0.050,+0.933
1704429300,+3.46,+24.032, +0.050,+0.933
1704429360,+3.46,+24.040, +0.051,+0.933
1704429420,+3.46,+24.024, +0.051,+0.933
1704429480,+3.46,+24.040, +0.051,+0.933
1704429540,+3.46,+24.015, +0.051,+0.933
1704429600,+3.45,+24.040, +0.051,+0.933
1704429660,+3.46,+24.024, +0.051,+0.934
1704429720,+3.46,+24.024, +0.051,+0.933
1704429780,+3.46,+24.007, +0.051,+0.933
1704429840,+3.46,+24.015, +0.051,+0.933
1704429900,+3.46,+23.999, +0.051,+0.933
1704429960,+3.46,+24.007, +0.053,+0.933
1704430020,+3.46,+24.015, +0.050,+0.933
1704430080,+3.46,+24.007, +0.052,+0.933
1704430140,+3.46,+24.015, +0.051,+0.933
1704430200,+3.46,+24.007, +0.052,+0.933
1704430260,+3.46,+23.990, +0.051,+0.933
1704430320,+3.46,+23.990, +0.051,+0.933
1704430380,+3.46,+23.990, +0.051,+0.933
1704430440,+3.46,+23.990, +0.051,+0.933
1704430500,+3.46,+23.999, +0.051,+0.933
1704430560,+3.46,+23.973, +0.051,+0.933
1704430620,+3.46,+23.990, +0.051,+0.934
1704430680,+3.46,+23.973, +0.051,+0.933
1704430740,+3.46,+23.957, +0.052,+0.934
1704430800,+3.46,+23.999, +0.051,+0.933
1704430860,+3.46,+23.982, +0.051,+0.933
1704430920,+3.46,+23.965, +0.051,+0.933
1704430980,+3.46,+23.948, +0.051,+0.933
1704431040,+3.46,+23.957, +0.051,+0.934
1704431100,+3.46,+23.948, +0.052,+0.934
1704431160,+3.46,+23.957, +0.052,+0.934
1704431220,+3.46,+23.957, +0.051,+0.933
1704431280,+3.46,+23.948, +0.051,+0.933
1704431340,+3.46,+23.940, +0.050,+0.933
1704431400,+3.46,+23.948, +0.051,+0.933
1704431460,+3.46,+23.957, +0.050,+0.933
1704431520,+3.46,+23.932, +0.051,+0.933
1704431580,+3.46,+23.940, +0.051,+0.933
1704431640,+3.46,+23.923, +0.051,+0.933
1704431700,+3.46,+23.923, +0.056,+0.934
1704431760,+3.46,+23.915, +0.051,+0.933
1704431820,+3.46,+23.915, +0.051,+0.933
1704431880,+3.46,+23.915, +0.051,+0.933
1704431940,+3.46,+23.915, +0.051,+0.933
1704432000,+3.46,+23.898, +0.050,+0.933
1704432060,+3.46,+23.906, +0.051,+0.933
1704432120,+3.46,+23.906, +0.051,+0.933
1704432180,+3.46,+23.890, +0.051,+0.933
1704432240,+3.46,+23.898, +0.051,+0.933
1704432300,+3.46,+23.890, +0.051,+0.933
1704432360,+3.46,+23.881, +0.051,+0.933
1704432420,+3.46,+23.873, +0.051,+0.933
1704432480,+3.46,+23.881, +0.051,+0.933
1704432540,+3.46,+23.881, +0.051,+0.933
1704432600,+3.46,+23.873, +0.051,+0.934
1704432660,+3.46,+23.873, +0.051,+0.933
1704432720,+3.46,+23.864, +0.051,+0.933
1704432780,+3.46,+23.881, +0.051,+0.933
1704432840,+3.46,+23.864, +0.051,+0.933
1704432900,+3.46,+23.848, +0.051,+0.933
1704432960,+3.46,+23.856, +0.051,+0.933
1704433020,+3.46,+23.856, +0.051,+0.933
1704433080,+3.46,+23.864, +0.051,+0.933
1704433140,+3.46,+23.848, +0.051,+0.933
1704433200,+3.46,+23.848, +0.051,+0.933
1704433260,+3.46,+23.839, +0.051,+0.934
1704433320,+3.46,+23.831, +0.051,+0.934
1704433380,+3.46,+23.831, +0.051,+0.934
1704433440,+3.46,+23.839, +0.052,+0.934
1704433500,+3.46,+23.839, +0.051,+0.934
1704433560,+3.46,+23.839, +0.051,+0.933
1704433620,+3.46,+23.839, +0.051,+0.933
1704433680,+3.46,+23.814, +0.051,+0.933
1704433740,+3.46,+23.814, +0.051,+0.933
1704433800,+3.46,+23.831, +0.050,+0.933
1704433860,+3.46,+23.839, +0.051,+0.934
1704433920,+3.46,+23.806, +0.051,+0.933
1704433980,+3.46,+23.839, +0.050,+0.933
1704434040,+3.46,+23.806, +0.051,+0.933
1704434100,+3.46,+23.839, +0.051,+0.934
1704434160,+3.46,+23.806, +0.051,+0.933
1704434220,+3.46,+23.814, +0.051,+0.933
1704434280,+3.46,+23.806, +0.051,+0.933
1704434340,+3.46,+23.814, +0.051,+0.933
1704434400,+3.46,+23.797, +0.051,+0.934
1704434460,+3.46,+23.806, +0.051,+0.933
1704434520,+3.46,+23.814, +0.050,+0.933
1704434580,+3.46,+23.797, +0.051,+0.933
1704434640,+3.46,+23.789, +0.050,+0.933
1704434700,+3.46,+23.797, +0.050,+0.933
1704434760,+3.46,+23.789, +0.051,+0.933
1704434820,+3.46,+23.781, +0.051,+0.934
1704434880,+3.46,+23.797, +0.051,+0.933
1704434940,+3.46,+23.789, +0.051,+0.934
1704435000,+3.46,+23.772, +0.051,+0.934
1704435060,+3.46,+23.772, +0.051,+0.933
1704435120,+3.46,+23.764, +0.051,+0.933
1704435180,+3.46,+23.764, +0.050,+0.933
1704435240,+3.46,+23.772, +0.051,+0.934
1704435300,+3.46,+23.772, +0.051,+0.934
1704435360,+3.46,+23.764, +0.051,+0.934
1704435420,+3.46,+23.747, +0.051,+0.933
1704435480,+3.46,+23.756, +0.051,+0.933
1704435540,+3.46,+23.764, +0.050,+0.933
1704435600,+3.46,+23.756, +0.051,+0.934
1704435660,+3.46,+23.764, +0.051,+0.934
1704435720,+3.46,+23.739, +0.051,+0.934
1704435780,+3.46,+23.739, +0.051,+0.934
1704435840,+3.46,+23.747, +0.051,+0.933
1704435900,+3.46,+23.739, +0.051,+0.934
1704435960,+3.46,+23.739, +0.051,+0.933
1704436020,+3.46,+23.722, +0.051,+0.933
1704436080,+3.46,+23.739, +0.051,+0.934
1704436140,+3.46,+23.705, +0.051,+0.933
1704436200,+3.46,+23.714, +0.051,+0.933
1704436260,+3.46,+23.705, +0.051,+0.933
1704436320,+3.46,+23.714, +0.050,+0.933
1704436380,+3.46,+23.705, +0.051,+0.933
1704436440,+3.46,+23.705, +0.051,+0.933
1704436500,+3.46,+23.705, +0.050,+0.933
1704436560,+3.46,+23.689, +0.051,+0.933
1704436620,+3.46,+23.697, +0.051,+0.933
1704436680,+3.46,+23.680, +0.050,+0.934
1704436740,+3.46,+23.697, +0.050,+0.933
1704436800,+3.46,+23.672, +0.051,+0.933
1704436860,+3.46,+23.697, +0.051,+0.934
1704436920,+3.46,+23.672, +0.051,+0.933
1704436980,+3.46,+23.680, +0.051,+0.934
1704437040,+3.46,+23.672, +0.051,+0.934
1704437100,+3.46,+23.680, +0.051,+0.933
1704437160,+3.46,+23.689, +0.051,+0.934
1704437220,+3.46,+23.655, +0.051,+0.933
1704437280,+3.46,+23.663, +0.051,+0.933
1704437340,+3.46,+23.672, +0.051,+0.934
1704437400,+3.46,+23.647, +0.051,+0.934
1704437460,+3.46,+23.663, +0.051,+0.934
1704437520,+3.46,+23.663, +0.050,+0.933
1704437580,+3.46,+23.663, +0.051,+0.934
1704437640,+3.46,+23.647, +0.051,+0.934
1704437700,+3.46,+23.638, +0.051,+0.933
1704437760,+3.46,+23.647, +0.051,+0.933
1704437820,+3.46,+23.647, +0.051,+0.933
1704437880,+3.46,+23.630, +0.051,+0.933
1704437940,+3.46,+23.638, +0.051,+0.933
1704438000,+3.46,+23.622, +0.050,+0.933
1704438060,+3.46,+23.638, +0.050,+0.933
1704438120,+3.46,+23.622, +0.051,+0.933
1704438180,+3.46,+23.622, +0.051,+0.933
1704438240,+3.46,+23.630, +0.051,+0.933
1704438300,+3.46,+23.630, +0.051,+0.934
1704438360,+3.46,+23.613, +0.051,+0.934
1704438420,+3.46,+23.605, +0.050,+0.933
1704438480,+3.46,+23.622, +0.051,+0.933
1704438540,+3.46,+23.622, +0.051,+0.933
1704438600,+3.46,+23.605, +0.051,+0.933
1704438660,+3.46,+23.605, +0.051,+0.933
1704438720,+3.46,+23.605, +0.050,+0.933
1704438780,+3.46,+23.622, +0.051,+0.933
1704438840,+3.46,+23.622, +0.051,+0.934
1704438900,+3.46,+23.613, +0.050,+0.933
1704438960,+3.46,+23.613, +0.051,+0.933
1704439020,+3.46,+23.605, +0.050,+0.934
1704439080,+3.46,+23.588, +0.051,+0.934
1704439140,+3.46,+23.588, +0.051,+0.933
1704439200,+3.46,+23.605, +0.050,+0.933
1704439260,+3.46,+23.596, +0.051,+0.934
1704439320,+3.46,+23.588, +0.051,+0.934
1704439380,+3.46,+23.580, +0.051,+0.933
1704439440,+3.46,+23.588, +0.050,+0.934
1704439500,+3.46,+23.588, +0.051,+0.933
1704439560,+3.46,+23.580, +0.050,+0.933
1704439620,+3.46,+23.571, +0.051,+0.934
1704439680,+3.46,+23.546, +0.051,+0.934
1704439740,+3.46,+23.555, +0.050,+0.933
1704439800,+3.46,+23.563, +0.050,+0.933
1704439860,+3.46,+23.546, +0.050,+0.933
1704439920,+3.46,+23.563, +0.051,+0.933
1704439980,+3.46,+23.571, +0.051,+0.933
1704440040,+3.46,+23.571, +0.050,+0.933
1704440100,+3.46,+23.555, +0.051,+0.933
1704440160,+3.46,+23.563, +0.051,+0.934
1704440220,+3.46,+23.555, +0.051,+0.934
1704440280,+3.46,+23.563, +0.051,+0.934
1704440340,+3.46,+23.546, +0.051,+0.934
1704440400,+3.46,+23.546, +0.051,+0.933
1704440460,+3.46,+23.555, +0.051,+0.934
1704440520,+3.46,+23.546, +0.051,+0.934
1704440580,+3.46,+23.538, +0.051,+0.934
1704440640,+3.46,+23.529, +0.051,+0.933
1704440700,+3.46,+23.529, +0.051,+0.933
1704440760,+3.46,+23.529, +0.050,+0.934
1704440820,+3.46,+23.521, +0.051,+0.934
1704440880,+3.46,+23.521, +0.051,+0.934
1704440940,+3.46,+23.513, +0.050,+0.934
1704441000,+3.46,+23.496, +0.051,+0.934
1704441060,+3.46,+23.504, +0.051,+0.934
1704441120,+3.46,+23.504, +0.051,+0.933
1704441180,+3.46,+23.504, +0.051,+0.934
1704441240,+3.46,+23.504, +0.051,+0.934
1704441300,+3.46,+23.496, +0.051,+0.933
1704441360,+3.46,+23.479, +0.051,+0.934
1704441420,+3.46,+23.488, +0.051,+0.933
1704441480,+3.46,+23.504, +0.050,+0.933
1704441540,+3.46,+23.488, +0.050,+0.933
1704441600,+3.46,+23.479, +0.050,+0.933
1704441660,+3.46,+23.496, +0.051,+0.934
1704441720,+3.46,+23.471, +0.051,+0.934
1704441780,+3.46,+23.471, +0.051,+0.933
1704441840,+3.46,+23.488, +0.052,+0.934
1704441900,+3.46,+23.479, +0.052,+0.934
1704441960,+3.46,+23.462, +0.051,+0.933
1704442020,+3.46,+23.479, +0.051,+0.934
1704442080,+3.46,+23.488, +0.051,+0.934
1704442140,+3.46,+23.446, +0.051,+0.934
1704442200,+3.46,+23.454, +0.051,+0.934
1704442260,+3.46,+23.446, +0.051,+0.933
1704442320,+3.46,+23.446, +0.051,+0.933
1704442380,+3.46,+23.462, +0.050,+0.933
1704442440,+3.46,+23.437, +0.051,+0.934
1704442500,+3.46,+23.429, +0.051,+0.934
1704442560,+3.46,+23.446, +0.050,+0.933
1704442620,+3.46,+23.446, +0.050,+0.933
1704442680,+3.46,+23.437, +0.050,+0.934
1704442740,+3.46,+23.421, +0.051,+0.933
1704442800,+3.46,+23.429, +0.050,+0.934
1704442860,+3.46,+23.429, +0.050,+0.933
1704442920,+3.46,+23.412, +0.050,+0.933
1704442980,+3.46,+23.437, +0.050,+0.934
1704443040,+3.46,+23.412, +0.051,+0.934
1704443100,+3.46,+23.429, +0.050,+0.934
1704443160,+3.46,+23.404, +0.051,+0.933
1704443220,+3.46,+23.412, +0.051,+0.934
1704443280,+3.46,+23.412, +0.051,+0.934
1704443340,+3.46,+23.437, +0.051,+0.933
1704443400,+3.46,+23.429, +0.050,+0.934
1704443460,+3.46,+23.429, +0.050,+0.933
1704443520,+3.46,+23.404, +0.050,+0.933
1704443580,+3.46,+23.412, +0.051,+0.933
1704443640,+3.46,+23.412, +0.050,+0.934
1704443700,+3.46,+23.412, +0.051,+0.934
1704443760,+3.46,+23.404, +0.050,+0.933
1704443820,+3.46,+23.404, +0.051,+0.934
1704443880,+3.46,+23.395, +0.050,+0.934
1704443940,+3.46,+23.387, +0.050,+0.933
1704444000,+3.46,+23.404, +0.051,+0.934
1704444060,+3.46,+23.362, +0.050,+0.934
1704444120,+3.46,+23.370, +0.050,+0.933
1704444180,+3.46,+23.379, +0.050,+0.933
1704444240,+3.46,+23.379, +0.050,+0.933
1704444300,+3.46,+23.362, +0.050,+0.934
1704444360,+3.46,+23.370, +0.050,+0.933
1704444420,+3.46,+23.370, +0.050,+0.933
1704444480,+3.46,+23.362, +0.050,+0.933
1704444540,+3.46,+23.362, +0.050,+0.933
1704444600,+3.46,+23.345, +0.050,+0.933
1704444660,+3.46,+23.345, +0.050,+0.934
1704444720,+3.46,+23.337, +0.051,+0.934
1704444780,+3.46,+23.337, +0.050,+0.933
1704444840,+3.46,+23.337, +0.051,+0.934
1704444900,+3.46,+23.328, +0.050,+0.933
1704444960,+3.46,+23.328, +0.051,+0.933
1704445020,+3.46,+23.337, +0.051,+0.934
1704445080,+3.46,+23.312, +0.050,+0.933
1704445140,+3.46,+23.320, +0.050,+0.934
1704445200,+3.46,+23.337, +0.050,+0.933
1704445260,+3.46,+23.303, +0.050,+0.933
1704445320,+3.46,+23.320, +0.050,+0.933
1704445380,+3.46,+23.312, +0.050,+0.934
1704445440,+3.46,+23.312, +0.050,+0.934
1704445500,+3.46,+23.303, +0.050,+0.934
1704445560,+3.46,+23.328, +0.050,+0.933
1704445620,+3.46,+23.320, +0.050,+0.933
1704445680,+3.46,+23.312, +0.051,+0.933
1704445740,+3.46,+23.303, +0.050,+0.933
1704445800,+3.46,+23.312, +0.050,+0.933
1704445860,+3.46,+23.303, +0.050,+0.933
1704445920,+3.46,+23.303, +0.050,+0.933
1704445980,+3.46,+23.303, +0.051,+0.934
1704446040,+3.46,+23.287, +0.051,+0.934
1704446100,+3.46,+23.303, +0.051,+0.934
1704446160,+3.46,+23.312, +0.051,+0.934
1704446220,+3.46,+23.295, +0.051,+0.933
1704446280,+3.46,+23.287, +0.050,+0.933
1704446340,+3.46,+23.287, +0.050,+0.933
1704446400,+3.46,+23.295, +0.051,+0.934
1704446460,+3.46,+23.295, +0.050,+0.933
1704446520,+3.46,+23.303, +0.051,+0.933
1704446580,+3.46,+23.303, +0.050,+0.933
1704446640,+3.46,+23.312, +0.050,+0.933
1704446700,+3.46,+23.328, +0.051,+0.933
1704446760,+3.46,+23.312, +0.050,+0.933
1704446820,+3.46,+23.295, +0.050,+0.933
1704446880,+3.46,+23.295, +0.051,+0.934
1704446940,+3.46,+23.295, +0.050,+0.933
1704447000,+3.46,+23.270, +0.050,+0.933
1704447060,+3.46,+23.270, +0.050,+0.934
1704447120,+3.46,+23.270, +0.051,+0.934
1704447180,+3.46,+23.270, +0.055,+0.934
1704447240,+3.46,+23.270, +0.051,+0.934
1704447300,+3.46,+23.270, +0.050,+0.934
1704447360,+3.46,+23.278, +0.050,+0.934
1704447420,+3.46,+23.261, +0.050,+0.933
1704447480,+3.46,+23.270, +0.050,+0.934
1704447540,+3.46,+23.261, +0.050,+0.933
1704447600,+3.46,+23.261, +0.051,+0.934
1704447660,+3.46,+23.253, +0.050,+0.934
1704447720,+3.46,+23.245, +0.051,+0.934
1704447780,+3.46,+23.236, +0.050,+0.934
1704447840,+3.46,+23.228, +0.051,+0.934
1704447900,+3.46,+23.228, +0.050,+0.934
1704447960,+3.46,+23.228, +0.050,+0.933
1704448020,+3.46,+23.245, +0.051,+0.934
1704448080,+3.45,+23.228, +0.051,+0.934
1704448140,+3.45,+23.228, +0.050,+0.934
1704448200,+3.45,+23.211, +0.050,+0.933
1704448260,+3.46,+23.211, +0.050,+0.933
1704448320,+3.45,+23.220, +0.050,+0.934
1704448380,+3.45,+23.236, +0.050,+0.934
1704448440,+3.45,+23.220, +0.050,+0.933
1704448500,+3.45,+23.220, +0.050,+0.933
1704448560,+3.45,+23.203, +0.050,+0.933
1704448620,+3.45,+23.220, +0.050,+0.934
1704448680,+3.45,+23.211, +0.050,+0.934
1704448740,+3.45,+23.211, +0.050,+0.934
1704448800,+3.45,+23.220, +0.051,+0.934
1704448860,+3.45,+23.211, +0.050,+0.934
1704448920,+3.45,+23.203, +0.050,+0.933
1704448980,+3.45,+23.203, +0.050,+0.934
1704449040,+3.45,+23.186, +0.050,+0.933
1704449100,+3.45,+23.195, +0.050,+0.933
1704449160,+3.45,+23.186, +0.050,+0.933
1704449220,+3.45,+23.195, +0.050,+0.934
1704449280,+3.45,+23.169, +0.051,+0.934
1704449340,+3.45,+23.169, +0.050,+0.933
1704449400,+3.45,+23.169, +0.050,+0.934
1704449460,+3.45,+23.169, +0.050,+0.933
1704449520,+3.45,+23.169, +0.050,+0.934
1704449580,+3.45,+23.169, +0.050,+0.933
1704449640,+3.45,+23.161, +0.050,+0.934
1704449700,+3.45,+23.161, +0.050,+0.933
1704449760,+3.45,+23.161, +0.050,+0.933
1704449820,+3.45,+23.169, +0.050,+0.934
1704449880,+3.45,+23.161, +0.051,+0.934
1704449940,+3.45,+23.169, +0.050,+0.934
1704450000,+3.45,+23.161, +0.050,+0.934
1704450060,+3.45,+23.153, +0.051,+0.934
1704450120,+3.45,+23.136, +0.050,+0.934
1704450180,+3.45,+23.144, +0.050,+0.934
1704450240,+3.45,+23.144, +0.051,+0.934
1704450300,+3.45,+23.153, +0.050,+0.933
1704450360,+3.45,+23.144, +0.050,+0.933
1704450420,+3.45,+23.144, +0.050,+0.933
1704450480,+3.45,+23.128, +0.050,+0.934
1704450540,+3.45,+23.128, +0.051,+0.934
1704450600,+3.45,+23.136, +0.050,+0.934
1704450660,+3.45,+23.136, +0.050,+0.934
1704450720,+3.45,+23.136, +0.050,+0.933
1704450780,+3.45,+23.144, +0.050,+0.934
1704450840,+3.45,+23.136, +0.050,+0.934
1704450900,+3.45,+23.128, +0.050,+0.934
1704450960,+3.45,+23.111, +0.050,+0.934
1704451020,+3.45,+23.111, +0.051,+0.934
1704451080,+3.45,+23.111, +0.050,+0.933
1704451140,+3.45,+23.102, +0.050,+0.933
1704451200,+3.45,+23.119, +0.051,+0.934
1704451260,+3.45,+23.119, +0.050,+0.933
1704451320,+3.45,+23.102, +0.050,+0.934
1704451380,+3.45,+23.102, +0.050,+0.934
1704451440,+3.45,+23.094, +0.050,+0.934
1704451500,+3.45,+23.102, +0.051,+0.934
1704451560,+3.45,+23.086, +0.050,+0.933
1704451620,+3.45,+23.086, +0.050,+0.934
1704451680,+3.45,+23.077, +0.050,+0.933
1704451740,+3.45,+23.086, +0.050,+0.934
1704451800,+3.45,+23.077, +0.050,+0.933
1704451860,+3.45,+23.086, +0.050,+0.934
1704451920,+3.45,+23.069, +0.051,+0.934
1704451980,+3.45,+23.086, +0.050,+0.933
1704452040,+3.45,+23.069, +0.050,+0.934
1704452100,+3.45,+23.069, +0.051,+0.934
1704452160,+3.45,+23.077, +0.050,+0.933
1704452220,+3.45,+23.077, +0.050,+0.934
1704452280,+3.45,+23.069, +0.051,+0.934
1704452340,+3.45,+23.069, +0.050,+0.933
1704452400,+3.45,+23.061, +0.050,+0.933
1704452460,+3.45,+23.044, +0.050,+0.933
1704452520,+3.45,+23.061, +0.050,+0.933
1704452580,+3.45,+23.061, +0.050,+0.934
1704452640,+3.45,+23.061, +0.050,+0.934
1704452700,+3.45,+23.052, +0.050,+0.933
1704452760,+3.45,+23.052, +0.050,+0.933
1704452820,+3.45,+23.044, +0.051,+0.934
1704452880,+3.45,+23.044, +0.050,+0.934
1704452940,+3.45,+23.044, +0.050,+0.933
1704453000,+3.45,+23.052, +0.050,+0.933
1704453060,+3.45,+23.036, +0.051,+0.934
1704453120,+3.45,+23.044, +0.049,+0.933
1704453180,+3.45,+23.027, +0.050,+0.933
1704453240,+3.45,+23.052, +0.050,+0.933
1704453300,+3.45,+23.036, +0.050,+0.933
1704453360,+3.45,+23.044, +0.050,+0.933
1704453420,+3.45,+23.036, +0.050,+0.933
1704453480,+3.45,+23.036, +0.051,+0.934
1704453540,+3.45,+23.036, +0.050,+0.934
1704453600,+3.45,+23.027, +0.050,+0.934
1704453660,+3.45,+23.036, +0.050,+0.933
1704453720,+3.45,+23.027, +0.050,+0.934
1704453780,+3.45,+23.019, +0.050,+0.934
1704453840,+3.45,+23.036, +0.050,+0.933
1704453900,+3.45,+23.036, +0.050,+0.933
1704453960,+3.45,+23.036, +0.050,+0.933
1704454020,+3.45,+23.010, +0.050,+0.934
1704454080,+3.45,+23.027, +0.050,+0.933
1704454140,+3.45,+23.036, +0.050,+0.933
1704454200,+3.45,+23.019, +0.050,+0.934
1704454260,+3.45,+23.010, +0.050,+0.933
1704454320,+3.45,+23.010, +0.050,+0.934
1704454380,+3.45,+23.010, +0.050,+0.934
1704454440,+3.45,+23.036, +0.050,+0.933
1704454500,+3.45,+23.036, +0.050,+0.934
1704454560,+3.45,+23.019, +0.050,+0.934
1704454620,+3.45,+23.027, +0.051,+0.934
1704454680,+3.45,+23.036, +0.050,+0.933
1704454740,+3.45,+23.027, +0.050,+0.934
1704454800,+3.45,+23.019, +0.050,+0.934
1704454860,+3.45,+23.044, +0.050,+0.934
1704454920,+3.45,+23.019, +0.050,+0.934
1704454980,+3.45,+23.002, +0.051,+0.934
1704455040,+3.45,+22.994, +0.051,+0.933
1704455100,+3.45,+23.002, +0.050,+0.933
1704455160,+3.45,+23.010, +0.050,+0.934
1704455220,+3.45,+23.002, +0.050,+0.934
1704455280,+3.45,+22.985, +0.050,+0.934
1704455340,+3.45,+22.994, +0.050,+0.933
1704455400,+3.45,+22.985, +0.050,+0.934
1704455460,+3.45,+22.994, +0.050,+0.934
1704455520,+3.45,+22.985, +0.050,+0.934
1704455580,+3.45,+22.977, +0.050,+0.933
1704455640,+3.45,+22.969, +0.050,+0.934
1704455700,+3.45,+22.960, +0.050,+0.934
1704455760,+3.45,+22.960, +0.050,+0.934
1704455820,+3.45,+22.969, +0.050,+0.933
1704455880,+3.45,+22.960, +0.050,+0.933
1704455940,+3.45,+22.944, +0.050,+0.934
1704456000,+3.45,+22.944, +0.050,+0.934
1704456060,+3.45,+22.952, +0.050,+0.934
1704456120,+3.45,+22.969, +0.050,+0.933
1704456180,+3.45,+22.927, +0.050,+0.933
1704456240,+3.45,+22.969, +0.050,+0.934
1704456300,+3.45,+22.960, +0.050,+0.934
1704456360,+3.45,+22.935, +0.050,+0.933
1704456420,+3.45,+22.918, +0.049,+0.933
1704456480,+3.45,+22.918, +0.050,+0.933
1704456540,+3.45,+22.935, +0.049,+0.933
1704456600,+3.45,+22.944, +0.050,+0.934
1704456660,+3.45,+22.927, +0.050,+0.934
1704456720,+3.45,+22.927, +0.050,+0.933
1704456780,+3.45,+22.918, +0.050,+0.934
1704456840,+3.45,+22.927, +0.050,+0.933
1704456900,+3.45,+22.918, +0.050,+0.934
1704456960,+3.45,+22.918, +0.050,+0.934
1704457020,+3.45,+22.918, +0.050,+0.933
1704457080,+3.45,+22.944, +0.050,+0.934
1704457140,+3.45,+22.918, +0.050,+0.933
1704457200,+3.45,+22.944, +0.050,+0.934
1704457260,+3.45,+22.918, +0.050,+0.933
1704457320,+3.45,+22.935, +0.050,+0.933
1704457380,+3.45,+22.918, +0.050,+0.933
1704457440,+3.45,+22.935, +0.050,+0.934
1704457500,+3.45,+22.927, +0.050,+0.934
1704457560,+3.45,+22.927, +0.049,+0.933
1704457620,+3.45,+22.910, +0.050,+0.933
1704457680,+3.45,+22.918, +0.050,+0.933
1704457740,+3.45,+22.910, +0.050,+0.933
1704457800,+3.45,+22.902, +0.050,+0.934
1704457860,+3.45,+22.927, +0.050,+0.933
1704457920,+3.45,+22.918, +0.050,+0.933
1704457980,+3.45,+22.927, +0.050,+0.934
1704458040,+3.45,+22.910, +0.050,+0.934
1704458100,+3.45,+22.902, +0.050,+0.934
1704458160,+3.45,+22.918, +0.050,+0.933
1704458220,+3.45,+22.918, +0.050,+0.933
1704458280,+3.45,+22.910, +0.050,+0.934
1704458340,+3.45,+22.918, +0.050,+0.934
1704458400,+3.45,+22.918, +0.049,+0.933
1704458460,+3.45,+22.927, +0.050,+0.933
1704458520,+3.45,+22.902, +0.050,+0.934
1704458580,+3.45,+22.927, +0.050,+0.933
1704458640,+3.45,+22.910, +0.050,+0.934
1704458700,+3.45,+22.902, +0.050,+0.933
1704458760,+3.45,+22.910, +0.050,+0.933
1704458820,+3.45,+22.935, +0.049,+0.933
1704458880,+3.45,+22.910, +0.050,+0.933
1704458940,+3.45,+22.893, +0.050,+0.933
1704459000,+3.45,+22.918, +0.050,+0.934
1704459060,+3.45,+22.927, +0.050,+0.934
1704459120,+3.45,+22.902, +0.050,+0.933
1704459180,+3.45,+22.918, +0.050,+0.934
1704459240,+3.45,+22.910, +0.050,+0.933
1704459300,+3.45,+22.927, +0.050,+0.933
1704459360,+3.45,+22.910, +0.050,+0.933
1704459420,+3.45,+22.918, +0.050,+0.933
1704459480,+3.45,+22.902, +0.050,+0.934
1704459540,+3.45,+22.918, +0.050,+0.933
1704459600,+3.45,+22.918, +0.050,+0.933
1704459660,+3.45,+22.910, +0.050,+0.933
1704459720,+3.45,+22.902, +0.050,+0.933
1704459780,+3.45,+22.927, +0.049,+0.933
1704459840,+3.45,+22.902, +0.050,+0.934
1704459900,+3.45,+22.893, +0.050,+0.933
1704459960,+3.45,+22.918, +0.050,+0.933
1704460020,+3.45,+22.918, +0.050,+0.934
1704460080,+3.45,+22.918, +0.050,+0.933
1704460140,+3.45,+22.902, +0.050,+0.933
1704460200,+3.45,+22.927, +0.050,+0.933
1704460260,+3.45,+22.918, +0.049,+0.933
1704460320,+3.45,+22.927, +0.050,+0.934
1704460380,+3.45,+22.918, +0.049,+0.933
1704460440,+3.45,+22.910, +0.050,+0.933
1704460500,+3.45,+22.935, +0.050,+0.933
1704460560,+3.45,+22.902, +0.050,+0.933
1704460620,+3.45,+22.910, +0.050,+0.934
1704460680,+3.45,+22.910, +0.050,+0.934
1704460740,+3.45,+22.935, +0.050,+0.933
1704460800,+3.45,+22.910, +0.050,+0.933
1704460860,+3.45,+22.918, +0.049,+0.933
1704460920,+3.45,+22.935, +0.050,+0.934
1704460980,+3.45,+22.935, +0.050,+0.933
1704461040,+3.45,+22.935, +0.050,+0.933
1704461100,+3.45,+22.918, +0.050,+0.933
1704461160,+3.45,+22.918, +0.050,+0.933
1704461220,+3.45,+22.910, +0.050,+0.933
1704461280,+3.45,+22.935, +0.050,+0.933
1704461340,+3.45,+22.918, +0.050,+0.933
1704461400,+3.45,+22.918, +0.050,+0.933
1704461460,+3.45,+22.944, +0.050,+0.933
1704461520,+3.45,+22.935, +0.050,+0.933
1704461580,+3.45,+22.918, +0.050,+0.933
1704461640,+3.45,+22.927, +0.050,+0.933
1704461700,+3.45,+22.944, +0.050,+0.933
1704461760,+3.45,+22.935, +0.050,+0.933
1704461820,+3.45,+22.952, +0.050,+0.933
1704461880,+3.45,+22.927, +0.050,+0.934
1704461940,+3.45,+22.935, +0.050,+0.933
1704462000,+3.45,+22.944, +0.050,+0.933
1704462060,+3.45,+22.927, +0.050,+0.933
1704462120,+3.45,+22.944, +0.050,+0.933
1704462180,+3.45,+22.944, +0.050,+0.934
1704462240,+3.45,+22.960, +0.050,+0.933
1704462300,+3.45,+22.944, +0.050,+0.933
1704462360,+3.45,+22.927, +0.050,+0.933
1704462420,+3.45,+22.944, +0.050,+0.933
1704462480,+3.45,+22.944, +0.050,+0.933
1704462540,+3.45,+22.952, +0.050,+0.933
1704462600,+3.45,+22.952, +0.050,+0.933
1704462660,+3.45,+22.960, +0.050,+0.933
1704462720,+3.45,+22.960, +0.050,+0.933
1704462780,+3.45,+22.960, +0.049,+0.933
1704462840,+3.45,+22.969, +0.050,+0.933
1704462900,+3.45,+22.977, +0.050,+0.933
1704462960,+3.45,+22.985, +0.050,+0.933
1704463020,+3.45,+22.977, +0.050,+0.933
1704463080,+3.45,+22.977, +0.051,+0.933
1704463140,+3.45,+23.010, +0.050,+0.933
1704463200,+3.45,+23.010, +0.050,+0.933
1704463260,+3.45,+23.002, +0.050,+0.933
1704463320,+3.45,+23.019, +0.050,+0.933
1704463380,+3.45,+23.052, +0.050,+0.933
1704463440,+3.45,+23.036, +0.049,+0.933
1704463500,+3.45,+23.027, +0.050,+0.933
1704463560,+3.45,+23.036, +0.051,+0.934
1704463620,+3.45,+23.027, +0.050,+0.933
1704463680,+3.45,+23.052, +0.050,+0.933
1704463740,+3.45,+23.044, +0.050,+0.933
1704463800,+3.45,+23.052, +0.050,+0.933
1704463860,+3.45,+23.069, +0.050,+0.933
1704463920,+3.45,+23.077, +0.050,+0.933
1704463980,+3.45,+23.061, +0.050,+0.933
1704464040,+3.45,+23.069, +0.051,+0.933
1704464100,+3.45,+23.077, +0.051,+0.933
1704464160,+3.45,+23.069, +0.050,+0.933
1704464220,+3.45,+23.086, +0.051,+0.933
1704464280,+3.45,+23.077, +0.050,+0.933
1704464340,+3.45,+23.102, +0.049,+0.933
1704464400,+3.45,+23.086, +0.050,+0.933
1704464460,+3.45,+23.102, +0.050,+0.933
1704464520,+3.45,+23.102, +0.050,+0.933
1704464580,+3.45,+23.077, +0.051,+0.933
1704464640,+3.45,+23.094, +0.050,+0.933
1704464700,+3.45,+23.102, +0.050,+0.933
1704464760,+3.45,+23.094, +0.050,+0.933
1704464820,+3.45,+23.094, +0.050,+0.933
1704464880,+3.45,+23.102, +0.049,+0.933
1704464940,+3.45,+23.119, +0.050,+0.933
1704465000,+3.45,+23.128, +0.050,+0.933
1704465060,+3.45,+23.111, +0.050,+0.933
1704465120,+3.45,+23.128, +0.050,+0.933
1704465180,+3.45,+23.111, +0.050,+0.933
1704465240,+3.45,+23.119, +0.050,+0.933
1704465300,+3.45,+23.128, +0.050,+0.933
1704465360,+3.45,+23.136, +0.049,+0.933
1704465420,+3.45,+23.119, +0.050,+0.933
1704465480,+3.45,+23.136, +0.050,+0.933
1704465540,+3.45,+23.153, +0.049,+0.933
1704465600,+3.45,+23.136, +0.050,+0.933
1704465660,+3.45,+23.136, +0.050,+0.933
1704465720,+3.45,+23.144, +0.050,+0.933
1704465780,+3.45,+23.153, +0.050,+0.933
1704465840,+3.45,+23.153, +0.050,+0.933
1704465900,+3.45,+23.144, +0.050,+0.933
1704465960,+3.45,+23.169, +0.050,+0.933
1704466020,+3.45,+23.169, +0.050,+0.933
1704466080,+3.45,+23.169, +0.050,+0.933
1704466140,+3.45,+23.169, +0.051,+0.933
1704466200,+3.45,+23.186, +0.050,+0.933
1704466260,+3.45,+23.178, +0.050,+0.933
1704466320,+3.45,+23.178, +0.050,+0.933
1704466380,+3.45,+23.178, +0.050,+0.933
1704466440,+3.45,+23.186, +0.050,+0.933
1704466500,+3.45,+23.211, +0.050,+0.933
1704466560,+3.45,+23.220, +0.050,+0.933
1704466620,+3.45,+23.220, +0.050,+0.933
1704466680,+3.45,+23.228, +0.050,+0.933
1704466740,+3.45,+23.228, +0.050,+0.933
1704466800,+3.45,+23.245, +0.050,+0.933
1704466860,+3.45,+23.245, +0.050,+0.933
1704466920,+3.45,+23.245, +0.050,+0.933
1704466980,+3.45,+23.253, +0.050,+0.933
1704467040,+3.45,+23.261, +0.050,+0.933
1704467100,+3.45,+23.278, +0.049,+0.933
1704467160,+3.45,+23.270, +0.050,+0.933
1704467220,+3.45,+23.253, +0.050,+0.933
1704467280,+3.45,+23.253, +0.051,+0.933
1704467340,+3.45,+23.261, +0.051,+0.933
1704467400,+3.45,+23.261, +0.050,+0.933
1704467460,+3.45,+23.270, +0.049,+0.933
1704467520,+3.46,+23.287, +0.050,+0.933
1704467580,+3.45,+23.287, +0.050,+0.933
1704467640,+3.45,+23.295, +0.050,+0.933
1704467700,+3.45,+23.278, +0.050,+0.933
1704467760,+3.46,+23.278, +0.050,+0.933
1704467820,+3.46,+23.278, +0.051,+0.933
1704467880,+3.46,+23.295, +0.051,+0.933
1704467940,+3.46,+23.303, +0.050,+0.933
1704468000,+3.46,+23.312, +0.050,+0.933
1704468060,+3.46,+23.303, +0.050,+0.933
1704468120,+3.46,+23.312, +0.050,+0.933
1704468180,+3.46,+23.328, +0.050,+0.933
1704468240,+3.46,+23.328, +0.050,+0.933
1704468300,+3.46,+23.328, +0.050,+0.933
1704468360,+3.46,+23.345, +0.050,+0.933
1704468420,+3.46,+23.337, +0.050,+0.933
1704468480,+3.46,+23.337, +0.050,+0.933
1704468540,+3.46,+23.354, +0.050,+0.933
1704468600,+3.46,+23.328, +0.050,+0.933
1704468660,+3.46,+23.379, +0.050,+0.933
1704468720,+3.46,+23.370, +0.050,+0.933
1704468780,+3.46,+23.370, +0.049,+0.933
1704468840,+3.46,+23.379, +0.050,+0.933
1704468900,+3.46,+23.404, +0.050,+0.933
1704468960,+3.46,+23.437, +0.050,+0.933
1704469020,+3.46,+23.429, +0.050,+0.933
1704469080,+3.46,+23.446, +0.050,+0.933
1704469140,+3.46,+23.462, +0.050,+0.933
1704469200,+3.46,+23.462, +0.051,+0.933
1704469260,+3.46,+23.471, +0.050,+0.933
1704469320,+3.46,+23.454, +0.050,+0.933
1704469380,+3.46,+23.446, +0.050,+0.933
1704469440,+3.46,+23.471, +0.050,+0.933
1704469500,+3.46,+23.496, +0.050,+0.933
1704469560,+3.46,+23.504, +0.050,+0.933
1704469620,+3.46,+23.513, +0.050,+0.933
1704469680,+3.46,+23.504, +0.050,+0.933
1704469740,+3.46,+23.513, +0.050,+0.933
1704469800,+3.46,+23.513, +0.051,+0.933
1704469860,+3.46,+23.529, +0.050,+0.933
1704469920,+3.46,+23.538, +0.050,+0.933
1704469980,+3.46,+23.546, +0.050,+0.933
1704470040,+3.46,+23.538, +0.050,+0.933
1704470100,+3.46,+23.546, +0.050,+0.933
1704470160,+3.46,+23.563, +0.050,+0.933
1704470220,+3.46,+23.563, +0.050,+0.933
1704470280,+3.46,+23.563, +0.050,+0.933
1704470340,+3.46,+23.580, +0.050,+0.933
1704470400,+3.46,+23.571, +0.050,+0.933
1704470460,+3.45,+23.580, +0.051,+0.933
1704470520,+3.46,+23.588, +0.050,+0.933
1704470580,+3.46,+23.571, +0.050,+0.933
1704470640,+3.46,+23.622, +0.051,+0.933
1704470700,+3.46,+23.613, +0.050,+0.933
1704470760,+3.46,+23.647, +0.050,+0.933
1704470820,+3.46,+23.630, +0.050,+0.933
1704470880,+3.46,+23.647, +0.050,+0.933
1704470940,+3.45,+23.663, +0.051,+0.933
1704471000,+3.45,+23.680, +0.050,+0.933
1704471060,+3.45,+23.680, +0.051,+0.933
1704471120,+3.45,+23.672, +0.050,+0.933
1704471180,+3.45,+23.705, +0.051,+0.933
1704471240,+3.45,+23.680, +0.050,+0.933
1704471300,+3.45,+23.697, +0.051,+0.933
1704471360,+3.45,+23.697, +0.050,+0.933
1704471420,+3.45,+23.697, +0.050,+0.933
1704471480,+3.45,+23.705, +0.050,+0.933
1704471540,+3.45,+23.730, +0.050,+0.933
1704471600,+3.45,+23.747, +0.051,+0.933
1704471660,+3.45,+23.739, +0.051,+0.933
1704471720,+3.45,+23.747, +0.050,+0.933
1704471780,+3.45,+23.756, +0.050,+0.933
1704471840,+3.45,+23.781, +0.051,+0.933
1704471900,+3.45,+23.781, +0.050,+0.933
1704471960,+3.45,+23.797, +0.050,+0.933
1704472020,+3.45,+23.814, +0.050,+0.933
1704472080,+3.45,+23.814, +0.051,+0.933
1704472140,+3.45,+23.831, +0.051,+0.933
1704472200,+3.45,+23.823, +0.050,+0.933
1704472260,+3.45,+23.848, +0.051,+0.933
1704472320,+3.45,+23.864, +0.050,+0.933
1704472380,+3.45,+23.873, +0.050,+0.933
1704472440,+3.45,+23.915, +0.051,+0.933
1704472500,+3.45,+23.940, +0.051,+0.933
1704472560,+3.45,+23.957, +0.051,+0.933
1704472620,+3.45,+23.940, +0.051,+0.933
1704472680,+3.45,+23.973, +0.051,+0.933
1704472740,+3.45,+23.990, +0.051,+0.933
1704472800,+3.45,+24.015, +0.050,+0.933
1704472860,+3.45,+24.007, +0.051,+0.933
1704472920,+3.45,+24.007, +0.051,+0.933
1704472980,+3.45,+24.015, +0.051,+0.933
1704473040,+3.45,+24.015, +0.051,+0.933
1704473100,+3.45,+24.024, +0.050,+0.933
1704473160,+3.45,+24.032, +0.051,+0.933
1704473220,+3.45,+24.057, +0.051,+0.933
1704473280,+3.45,+24.057, +0.050,+0.933
1704473340,+3.45,+24.057, +0.050,+0.933
1704473400,+3.45,+24.057, +0.051,+0.933
1704473460,+3.45,+24.057, +0.051,+0.933
1704473520,+3.45,+24.057, +0.050,+0.933
1704473580,+3.45,+24.057, +0.050,+0.933
1704473640,+3.45,+24.066, +0.051,+0.933
1704473700,+3.45,+24.082, +0.050,+0.933
1704473760,+3.45,+24.091, +0.050,+0.933
1704473820,+3.45,+24.108, +0.051,+0.932
1704473880,+3.45,+24.124, +0.051,+0.933
1704473940,+3.45,+24.141, +0.050,+0.933
1704474000,+3.45,+24.149, +0.051,+0.933
1704474060,+3.45,+24.141, +0.051,+0.933
1704474120,+3.45,+24.158, +0.051,+0.933
1704474180,+3.45,+24.166, +0.051,+0.933
1704474240,+3.45,+24.158, +0.051,+0.933
1704474300,+3.45,+24.166, +0.051,+0.933
1704474360,+3.45,+24.175, +0.051,+0.933
1704474420,+3.45,+24.200, +0.051,+0.933
1704474480,+3.45,+24.183, +0.051,+0.933
1704474540,+3.45,+24.191, +0.050,+0.932
1704474600,+3.45,+24.191, +0.051,+0.933
1704474660,+3.45,+24.183, +0.051,+0.933
1704474720,+3.45,+24.200, +0.051,+0.933
1704474780,+3.45,+24.208, +0.050,+0.933
1704474840,+3.45,+24.225, +0.050,+0.933
1704474900,+3.45,+24.217, +0.050,+0.933
1704474960,+3.45,+24.208, +0.050,+0.932
1704475020,+3.45,+24.208, +0.050,+0.933
1704475080,+3.45,+24.200, +0.051,+0.933
1704475140,+3.45,+24.208, +0.050,+0.933
1704475200,+3.45,+24.191, +0.050,+0.933
1704475260,+3.45,+24.208, +0.050,+0.933
1704475320,+3.45,+24.191, +0.050,+0.933
1704475380,+3.45,+24.200, +0.050,+0.933
1704475440,+3.45,+24.200, +0.050,+0.932
1704475500,+3.45,+24.191, +0.050,+0.932
1704475560,+3.45,+24.191, +0.050,+0.933
1704475620,+3.45,+24.208, +0.051,+0.933
1704475680,+3.45,+24.217, +0.051,+0.933
1704475740,+3.45,+24.250, +0.051,+0.932
1704475800,+3.45,+24.259, +0.051,+0.933
1704475860,+3.45,+24.259, +0.051,+0.933
1704475920,+3.45,+24.292, +0.051,+0.933
1704475980,+3.45,+24.250, +0.051,+0.933
1704476040,+3.45,+24.267, +0.050,+0.933
1704476100,+3.45,+24.267, +0.051,+0.933
1704476160,+3.45,+24.284, +0.051,+0.932
1704476220,+3.46,+24.376, +0.052,+0.933
1704476280,+3.46,+24.401, +0.051,+0.932
1704476340,+3.46,+24.426, +0.051,+0.933
1704476400,+3.46,+24.418, +0.051,+0.933
1704476460,+3.46,+24.426, +0.051,+0.933
1704476520,+3.46,+24.401, +0.051,+0.933
1704476580,+3.46,+24.401, +0.051,+0.933
1704476640,+3.46,+24.368, +0.051,+0.933
1704476700,+3.46,+24.384, +0.051,+0.932
1704476760,+3.46,+24.376, +0.051,+0.932
1704476820,+3.46,+24.418, +0.051,+0.933
1704476880,+3.46,+24.435, +0.051,+0.932
1704476940,+3.46,+24.426, +0.051,+0.932
1704477000,+3.46,+24.435, +0.051,+0.933
1704477060,+3.46,+24.435, +0.051,+0.933
1704477120,+3.46,+24.418, +0.051,+0.933
1704477180,+3.46,+24.410, +0.051,+0.933
1704477240,+3.46,+24.410, +0.051,+0.933
1704477300,+3.46,+24.384, +0.051,+0.932
1704477360,+3.46,+24.393, +0.051,+0.933
1704477420,+3.46,+24.410, +0.051,+0.932
1704477480,+3.46,+24.426, +0.051,+0.932
1704477540,+3.46,+24.401, +0.051,+0.933
1704477600,+3.46,+24.418, +0.051,+0.932
1704477660,+3.46,+24.426, +0.051,+0.933
1704477720,+3.46,+24.460, +0.051,+0.932
1704477780,+3.46,+24.468, +0.051,+0.933
1704477840,+3.46,+24.468, +0.051,+0.932
1704477900,+3.46,+24.485, +0.051,+0.933
1704477960,+3.46,+24.485, +0.051,+0.932
1704478020,+3.46,+24.519, +0.051,+0.933
1704478080,+3.46,+24.510, +0.051,+0.933
1704478140,+3.46,+24.519, +0.051,+0.933
1704478200,+3.46,+24.510, +0.051,+0.933
1704478260,+3.46,+24.519, +0.051,+0.932
1704478320,+3.46,+24.502, +0.050,+0.932
1704478380,+3.46,+24.502, +0.051,+0.932
1704478440,+3.46,+24.502, +0.051,+0.932
1704478500,+3.46,+24.519, +0.051,+0.933
1704478560,+3.46,+24.502, +0.051,+0.933
1704478620,+3.46,+24.527, +0.051,+0.933
1704478680,+3.46,+24.527, +0.051,+0.933
1704478740,+3.46,+24.535, +0.051,+0.933
1704478800,+3.46,+24.535, +0.051,+0.933
1704478860,+3.46,+24.544, +0.051,+0.933
1704478920,+3.46,+24.544, +0.052,+0.933
1704478980,+3.46,+24.561, +0.050,+0.932
1704479040,+3.46,+24.552, +0.051,+0.933
1704479100,+3.46,+24.586, +0.051,+0.933
1704479160,+3.46,+24.586, +0.051,+0.933
1704479220,+3.46,+24.569, +0.051,+0.932
