7450-988987
OS REV: 1.05 Sensor Cal: 1620327161
Time (sec),  BV (Volts),  T (deg C),  DO (mg/l),  Q ()
1704997680,+3.46,+26.337, +0.054,+0.929
1704997740,+3.46,+26.346, +0.054,+0.929
1704997800,+3.46,+26.354, +0.055,+0.929
1704997860,+3.46,+26.354, +0.055,+0.929
1704997920,+3.46,+26.371, +0.054,+0.929
1704997980,+3.46,+26.371, +0.054,+0.929
1704998040,+3.46,+26.371, +0.054,+0.929
1704998100,+3.46,+26.380, +0.054,+0.929
1704998160,+3.46,+26.388, +0.055,+0.929
1704998220,+3.46,+26.397, +0.054,+0.929
1704998280,+3.46,+26.422, +0.055,+0.929
1704998340,+3.46,+26.414, +0.054,+0.929
1704998400,+3.46,+26.414, +0.055,+0.929
1704998460,+3.46,+26.422, +0.055,+0.929
1704998520,+3.46,+26.439, +0.054,+0.929
1704998580,+3.46,+26.456, +0.055,+0.929
1704998640,+3.46,+26.447, +0.055,+0.930
1704998700,+3.46,+26.439, +0.055,+0.929
1704998760,+3.46,+26.430, +0.054,+0.929
1704998820,+3.46,+26.414, +0.055,+0.929
1704998880,+3.46,+26.422, +0.054,+0.929
1704998940,+3.46,+26.439, +0.054,+0.929
1704999000,+3.46,+26.439, +0.055,+0.929
1704999060,+3.46,+26.439, +0.054,+0.929
1704999120,+3.46,+26.456, +0.055,+0.929
1704999180,+3.46,+26.464, +0.055,+0.929
1704999240,+3.46,+26.456, +0.055,+0.929
1704999300,+3.46,+26.464, +0.054,+0.929
1704999360,+3.46,+26.481, +0.055,+0.929
1704999420,+3.46,+26.473, +0.055,+0.929
1704999480,+3.46,+26.473, +0.055,+0.929
1704999540,+3.46,+26.464, +0.054,+0.929
1704999600,+3.46,+26.490, +0.055,+0.929
1704999660,+3.46,+26.507, +0.055,+0.929
1704999720,+3.46,+26.523, +0.055,+0.929
1704999780,+3.46,+26.540, +0.054,+0.929
1704999840,+3.46,+26.557, +0.055,+0.929
1704999900,+3.46,+26.566, +0.054,+0.929
1704999960,+3.46,+26.549, +0.055,+0.929
1705000020,+3.46,+26.557, +0.055,+0.929
1705000080,+3.46,+26.549, +0.055,+0.929
1705000140,+3.46,+26.557, +0.055,+0.930
1705000200,+3.46,+26.557, +0.055,+0.929
1705000260,+3.47,+26.557, +0.055,+0.929
1705000320,+3.46,+26.574, +0.055,+0.929
1705000380,+3.46,+26.566, +0.054,+0.929
1705000440,+3.46,+26.574, +0.055,+0.929
1705000500,+3.46,+26.583, +0.055,+0.929
1705000560,+3.46,+26.583, +0.055,+0.929
1705000620,+3.46,+26.574, +0.055,+0.929
1705000680,+3.46,+26.574, +0.055,+0.930
1705000740,+3.46,+26.591, +0.054,+0.929
1705000800,+3.46,+26.583, +0.055,+0.929
1705000860,+3.46,+26.583, +0.055,+0.930
1705000920,+3.46,+26.574, +0.055,+0.929
1705000980,+3.46,+26.566, +0.055,+0.930
1705001040,+3.46,+26.574, +0.055,+0.930
1705001100,+3.46,+26.566, +0.055,+0.929
1705001160,+3.47,+26.574, +0.055,+0.929
1705001220,+3.46,+26.600, +0.055,+0.929
1705001280,+3.46,+26.600, +0.056,+0.929
1705001340,+3.46,+26.633, +0.055,+0.929
1705001400,+3.46,+26.642, +0.055,+0.929
1705001460,+3.46,+26.633, +0.055,+0.929
1705001520,+3.46,+26.642, +0.055,+0.929
1705001580,+3.46,+26.633, +0.055,+0.929
1705001640,+3.47,+26.633, +0.054,+0.929
1705001700,+3.46,+26.625, +0.055,+0.929
1705001760,+3.47,+26.617, +0.055,+0.929
1705001820,+3.46,+26.642, +0.055,+0.929
1705001880,+3.46,+26.608, +0.055,+0.929
1705001940,+3.46,+26.625, +0.054,+0.929
1705002000,+3.46,+26.659, +0.054,+0.929
1705002060,+3.46,+26.642, +0.054,+0.929
1705002120,+3.46,+26.633, +0.055,+0.929
1705002180,+3.46,+26.625, +0.055,+0.929
1705002240,+3.46,+26.633, +0.055,+0.929
1705002300,+3.47,+26.625, +0.054,+0.929
1705002360,+3.46,+26.633, +0.055,+0.929
1705002420,+3.46,+26.625, +0.055,+0.929
1705002480,+3.47,+26.633, +0.055,+0.929
1705002540,+3.47,+26.625, +0.055,+0.929
1705002600,+3.46,+26.633, +0.055,+0.929
1705002660,+3.46,+26.642, +0.055,+0.929
1705002720,+3.46,+26.608, +0.055,+0.929
1705002780,+3.46,+26.617, +0.055,+0.929
1705002840,+3.46,+26.633, +0.055,+0.929
1705002900,+3.47,+26.617, +0.055,+0.929
1705002960,+3.46,+26.642, +0.055,+0.929
1705003020,+3.47,+26.633, +0.055,+0.929
1705003080,+3.47,+26.633, +0.055,+0.929
1705003140,+3.46,+26.633, +0.055,+0.929
1705003200,+3.47,+26.625, +0.055,+0.929
1705003260,+3.47,+26.633, +0.055,+0.930
1705003320,+3.47,+26.625, +0.055,+0.929
1705003380,+3.47,+26.633, +0.055,+0.929
1705003440,+3.46,+26.617, +0.054,+0.929
1705003500,+3.47,+26.633, +0.056,+0.930
1705003560,+3.47,+26.633, +0.055,+0.930
1705003620,+3.47,+26.625, +0.055,+0.930
1705003680,+3.47,+26.625, +0.055,+0.929
1705003740,+3.47,+26.633, +0.055,+0.929
1705003800,+3.47,+26.633, +0.055,+0.930
1705003860,+3.47,+26.625, +0.055,+0.930
1705003920,+3.47,+26.642, +0.055,+0.929
1705003980,+3.47,+26.625, +0.055,+0.930
1705004040,+3.46,+26.600, +0.055,+0.929
1705004100,+3.47,+26.608, +0.054,+0.930
1705004160,+3.47,+26.591, +0.055,+0.930
1705004220,+3.47,+26.600, +0.055,+0.930
1705004280,+3.47,+26.600, +0.055,+0.930
1705004340,+3.47,+26.600, +0.055,+0.930
1705004400,+3.47,+26.591, +0.055,+0.930
1705004460,+3.47,+26.600, +0.055,+0.930
1705004520,+3.47,+26.591, +0.055,+0.930
1705004580,+3.47,+26.591, +0.055,+0.930
1705004640,+3.47,+26.591, +0.055,+0.930
1705004700,+3.47,+26.583, +0.055,+0.930
1705004760,+3.47,+26.574, +0.055,+0.930
1705004820,+3.47,+26.583, +0.055,+0.930
1705004880,+3.47,+26.583, +0.055,+0.930
1705004940,+3.47,+26.583, +0.055,+0.930
1705005000,+3.47,+26.583, +0.054,+0.929
1705005060,+3.47,+26.583, +0.055,+0.930
1705005120,+3.47,+26.574, +0.055,+0.930
1705005180,+3.47,+26.566, +0.055,+0.930
1705005240,+3.47,+26.566, +0.055,+0.930
1705005300,+3.47,+26.557, +0.055,+0.930
1705005360,+3.47,+26.557, +0.056,+0.930
1705005420,+3.46,+26.532, +0.055,+0.930
1705005480,+3.47,+26.549, +0.055,+0.930
1705005540,+3.47,+26.540, +0.055,+0.930
1705005600,+3.47,+26.540, +0.055,+0.930
1705005660,+3.47,+26.523, +0.055,+0.930
1705005720,+3.46,+26.523, +0.055,+0.930
1705005780,+3.46,+26.523, +0.055,+0.930
1705005840,+3.46,+26.498, +0.055,+0.930
1705005900,+3.46,+26.532, +0.055,+0.930
1705005960,+3.46,+26.515, +0.055,+0.930
1705006020,+3.46,+26.507, +0.055,+0.930
1705006080,+3.46,+26.507, +0.055,+0.930
1705006140,+3.46,+26.490, +0.055,+0.930
1705006200,+3.46,+26.481, +0.055,+0.930
1705006260,+3.46,+26.490, +0.056,+0.930
1705006320,+3.46,+26.490, +0.055,+0.930
1705006380,+3.46,+26.490, +0.055,+0.930
1705006440,+3.46,+26.481, +0.055,+0.930
1705006500,+3.46,+26.473, +0.055,+0.930
1705006560,+3.46,+26.473, +0.055,+0.930
1705006620,+3.46,+26.473, +0.055,+0.930
1705006680,+3.46,+26.447, +0.055,+0.930
1705006740,+3.46,+26.464, +0.055,+0.930
1705006800,+3.46,+26.456, +0.055,+0.930
1705006860,+3.46,+26.456, +0.055,+0.930
1705006920,+3.46,+26.439, +0.055,+0.930
1705006980,+3.46,+26.456, +0.055,+0.930
1705007040,+3.46,+26.439, +0.055,+0.930
1705007100,+3.46,+26.430, +0.055,+0.930
1705007160,+3.46,+26.456, +0.055,+0.930
1705007220,+3.46,+26.456, +0.055,+0.930
1705007280,+3.46,+26.439, +0.055,+0.930
1705007340,+3.46,+26.414, +0.056,+0.930
1705007400,+3.46,+26.439, +0.055,+0.930
1705007460,+3.46,+26.430, +0.055,+0.930
1705007520,+3.46,+26.422, +0.055,+0.930
1705007580,+3.46,+26.414, +0.055,+0.930
1705007640,+3.46,+26.439, +0.055,+0.930
1705007700,+3.46,+26.422, +0.055,+0.930
1705007760,+3.46,+26.414, +0.055,+0.930
1705007820,+3.46,+26.414, +0.055,+0.930
1705007880,+3.46,+26.422, +0.055,+0.930
1705007940,+3.46,+26.422, +0.054,+0.930
1705008000,+3.46,+26.405, +0.055,+0.930
1705008060,+3.46,+26.405, +0.056,+0.930
1705008120,+3.46,+26.397, +0.056,+0.930
1705008180,+3.46,+26.405, +0.055,+0.930
1705008240,+3.46,+26.397, +0.055,+0.930
1705008300,+3.46,+26.388, +0.054,+0.930
1705008360,+3.46,+26.397, +0.055,+0.930
1705008420,+3.46,+26.414, +0.055,+0.930
1705008480,+3.46,+26.388, +0.055,+0.930
1705008540,+3.46,+26.388, +0.055,+0.930
1705008600,+3.46,+26.380, +0.055,+0.930
1705008660,+3.46,+26.405, +0.055,+0.930
1705008720,+3.46,+26.371, +0.055,+0.930
1705008780,+3.46,+26.363, +0.055,+0.930
1705008840,+3.46,+26.380, +0.055,+0.930
1705008900,+3.46,+26.371, +0.055,+0.930
1705008960,+3.46,+26.363, +0.055,+0.930
1705009020,+3.46,+26.354, +0.055,+0.930
1705009080,+3.46,+26.354, +0.055,+0.930
1705009140,+3.46,+26.363, +0.055,+0.930
1705009200,+3.46,+26.371, +0.055,+0.930
1705009260,+3.46,+26.346, +0.055,+0.930
1705009320,+3.46,+26.354, +0.055,+0.930
1705009380,+3.46,+26.354, +0.055,+0.930
1705009440,+3.46,+26.363, +0.055,+0.930
1705009500,+3.46,+26.337, +0.055,+0.930
1705009560,+3.46,+26.354, +0.055,+0.930
1705009620,+3.46,+26.346, +0.055,+0.930
1705009680,+3.46,+26.337, +0.055,+0.930
1705009740,+3.46,+26.337, +0.055,+0.930
1705009800,+3.46,+26.337, +0.055,+0.930
1705009860,+3.46,+26.337, +0.055,+0.930
1705009920,+3.46,+26.329, +0.055,+0.930
1705009980,+3.46,+26.337, +0.055,+0.930
1705010040,+3.46,+26.312, +0.055,+0.930
1705010100,+3.46,+26.321, +0.055,+0.930
1705010160,+3.46,+26.321, +0.055,+0.930
1705010220,+3.46,+26.304, +0.055,+0.930
1705010280,+3.46,+26.295, +0.055,+0.930
1705010340,+3.46,+26.304, +0.054,+0.930
1705010400,+3.46,+26.304, +0.055,+0.930
1705010460,+3.46,+26.287, +0.055,+0.930
1705010520,+3.46,+26.295, +0.055,+0.930
1705010580,+3.46,+26.287, +0.056,+0.930
1705010640,+3.46,+26.278, +0.055,+0.930
1705010700,+3.46,+26.261, +0.055,+0.930
1705010760,+3.46,+26.261, +0.055,+0.930
1705010820,+3.46,+26.261, +0.055,+0.930
1705010880,+3.46,+26.253, +0.055,+0.930
1705010940,+3.46,+26.261, +0.055,+0.930
1705011000,+3.46,+26.261, +0.055,+0.930
1705011060,+3.46,+26.236, +0.055,+0.930
1705011120,+3.46,+26.228, +0.055,+0.930
1705011180,+3.46,+26.228, +0.055,+0.930
1705011240,+3.46,+26.228, +0.063,+0.930
1705011300,+3.46,+26.219, +0.058,+0.930
1705011360,+3.46,+26.202, +0.055,+0.930
1705011420,+3.46,+26.211, +0.055,+0.930
1705011480,+3.46,+26.211, +0.055,+0.930
1705011540,+3.46,+26.219, +0.055,+0.930
1705011600,+3.46,+26.211, +0.055,+0.930
1705011660,+3.46,+26.211, +0.056,+0.930
1705011720,+3.46,+26.194, +0.055,+0.930
1705011780,+3.46,+26.177, +0.055,+0.930
1705011840,+3.46,+26.185, +0.055,+0.930
1705011900,+3.46,+26.194, +0.055,+0.930
1705011960,+3.46,+26.185, +0.055,+0.930
1705012020,+3.46,+26.177, +0.055,+0.930
1705012080,+3.46,+26.160, +0.055,+0.930
1705012140,+3.46,+26.169, +0.055,+0.930
1705012200,+3.46,+26.169, +0.055,+0.930
1705012260,+3.46,+26.152, +0.057,+0.930
1705012320,+3.46,+26.160, +0.056,+0.930
1705012380,+3.46,+26.143, +0.055,+0.930
1705012440,+3.46,+26.160, +0.056,+0.930
1705012500,+3.46,+26.143, +0.054,+0.930
1705012560,+3.46,+26.135, +0.055,+0.930
1705012620,+3.46,+26.135, +0.055,+0.930
1705012680,+3.46,+26.143, +0.055,+0.930
1705012740,+3.46,+26.135, +0.055,+0.930
1705012800,+3.46,+26.126, +0.055,+0.930
1705012860,+3.46,+26.135, +0.055,+0.930
1705012920,+3.46,+26.126, +0.055,+0.930
1705012980,+3.46,+26.126, +0.055,+0.930
1705013040,+3.46,+26.109, +0.055,+0.930
1705013100,+3.46,+26.118, +0.054,+0.930
1705013160,+3.46,+26.109, +0.055,+0.930
1705013220,+3.46,+26.109, +0.055,+0.930
1705013280,+3.46,+26.118, +0.054,+0.930
1705013340,+3.46,+26.118, +0.055,+0.930
1705013400,+3.46,+26.093, +0.055,+0.930
1705013460,+3.46,+26.093, +0.055,+0.930
1705013520,+3.46,+26.101, +0.055,+0.930
1705013580,+3.46,+26.126, +0.055,+0.930
1705013640,+3.46,+26.076, +0.055,+0.930
1705013700,+3.46,+26.109, +0.055,+0.930
1705013760,+3.46,+26.084, +0.064,+0.930
1705013820,+3.46,+26.084, +0.055,+0.930
1705013880,+3.46,+26.076, +0.055,+0.930
1705013940,+3.46,+26.076, +0.055,+0.930
1705014000,+3.46,+26.067, +0.055,+0.930
1705014060,+3.46,+26.067, +0.055,+0.930
1705014120,+3.46,+26.050, +0.055,+0.930
1705014180,+3.46,+26.067, +0.054,+0.930
1705014240,+3.46,+26.059, +0.055,+0.930
1705014300,+3.46,+26.059, +0.055,+0.930
1705014360,+3.46,+26.059, +0.055,+0.930
1705014420,+3.46,+26.067, +0.055,+0.930
1705014480,+3.46,+26.059, +0.055,+0.930
1705014540,+3.46,+26.059, +0.055,+0.930
1705014600,+3.46,+26.067, +0.055,+0.930
1705014660,+3.46,+26.059, +0.055,+0.930
1705014720,+3.46,+26.050, +0.055,+0.930
1705014780,+3.46,+26.042, +0.055,+0.930
1705014840,+3.46,+26.050, +0.056,+0.930
1705014900,+3.46,+26.059, +0.056,+0.930
1705014960,+3.46,+26.042, +0.055,+0.930
1705015020,+3.46,+26.042, +0.055,+0.930
1705015080,+3.46,+26.050, +0.055,+0.930
1705015140,+3.46,+26.050, +0.055,+0.930
1705015200,+3.46,+26.050, +0.055,+0.930
1705015260,+3.46,+26.017, +0.058,+0.930
1705015320,+3.46,+26.033, +0.056,+0.930
1705015380,+3.46,+26.017, +0.055,+0.930
1705015440,+3.46,+26.033, +0.055,+0.930
1705015500,+3.46,+26.017, +0.055,+0.930
1705015560,+3.46,+26.017, +0.055,+0.930
1705015620,+3.46,+26.017, +0.055,+0.930
1705015680,+3.46,+26.008, +0.055,+0.930
1705015740,+3.46,+26.017, +0.055,+0.930
1705015800,+3.46,+26.017, +0.055,+0.930
1705015860,+3.46,+26.008, +0.054,+0.930
1705015920,+3.46,+26.000, +0.055,+0.930
1705015980,+3.46,+26.000, +0.054,+0.930
1705016040,+3.46,+26.000, +0.055,+0.930
1705016100,+3.46,+26.025, +0.055,+0.930
1705016160,+3.46,+25.991, +0.055,+0.930
1705016220,+3.46,+26.000, +0.055,+0.930
1705016280,+3.46,+25.983, +0.055,+0.930
1705016340,+3.46,+26.000, +0.054,+0.930
1705016400,+3.46,+25.991, +0.055,+0.930
1705016460,+3.46,+25.991, +0.055,+0.930
1705016520,+3.46,+25.983, +0.055,+0.930
1705016580,+3.46,+26.000, +0.055,+0.930
1705016640,+3.46,+25.983, +0.055,+0.930
1705016700,+3.46,+25.983, +0.055,+0.930
1705016760,+3.46,+25.966, +0.055,+0.930
1705016820,+3.46,+25.966, +0.055,+0.930
1705016880,+3.46,+25.974, +0.055,+0.930
1705016940,+3.46,+25.974, +0.055,+0.930
1705017000,+3.46,+25.983, +0.054,+0.930
1705017060,+3.46,+25.966, +0.055,+0.930
1705017120,+3.46,+25.949, +0.055,+0.930
1705017180,+3.46,+25.932, +0.054,+0.930
1705017240,+3.46,+25.949, +0.055,+0.930
1705017300,+3.46,+25.966, +0.055,+0.930
1705017360,+3.46,+25.958, +0.054,+0.930
1705017420,+3.46,+25.958, +0.055,+0.930
1705017480,+3.46,+25.958, +0.067,+0.930
1705017540,+3.46,+25.941, +0.056,+0.930
1705017600,+3.46,+25.941, +0.055,+0.930
1705017660,+3.46,+25.958, +0.055,+0.930
1705017720,+3.46,+25.932, +0.055,+0.930
1705017780,+3.46,+25.941, +0.055,+0.930
1705017840,+3.46,+25.941, +0.055,+0.930
1705017900,+3.46,+25.924, +0.054,+0.930
1705017960,+3.46,+25.932, +0.055,+0.930
1705018020,+3.46,+25.924, +0.056,+0.930
1705018080,+3.46,+25.924, +0.055,+0.930
1705018140,+3.46,+25.915, +0.056,+0.930
1705018200,+3.46,+25.924, +0.055,+0.930
1705018260,+3.46,+25.907, +0.055,+0.930
1705018320,+3.46,+25.915, +0.054,+0.930
1705018380,+3.46,+25.907, +0.055,+0.930
1705018440,+3.46,+25.898, +0.057,+0.930
1705018500,+3.46,+25.907, +0.057,+0.930
1705018560,+3.46,+25.898, +0.055,+0.930
1705018620,+3.46,+25.890, +0.071,+0.931
1705018680,+3.46,+25.907, +0.055,+0.930
1705018740,+3.46,+25.890, +0.054,+0.930
1705018800,+3.46,+25.873, +0.055,+0.930
1705018860,+3.46,+25.890, +0.054,+0.930
1705018920,+3.46,+25.890, +0.055,+0.930
1705018980,+3.46,+25.890, +0.054,+0.930
1705019040,+3.46,+25.882, +0.055,+0.930
1705019100,+3.46,+25.890, +0.055,+0.930
1705019160,+3.46,+25.882, +0.056,+0.930
1705019220,+3.46,+25.873, +0.055,+0.930
1705019280,+3.46,+25.856, +0.055,+0.930
1705019340,+3.46,+25.865, +0.055,+0.930
1705019400,+3.46,+25.848, +0.056,+0.930
1705019460,+3.46,+25.856, +0.055,+0.930
1705019520,+3.46,+25.839, +0.055,+0.930
1705019580,+3.46,+25.839, +0.055,+0.930
1705019640,+3.46,+25.856, +0.055,+0.930
1705019700,+3.46,+25.823, +0.055,+0.930
1705019760,+3.46,+25.839, +0.055,+0.930
1705019820,+3.46,+25.848, +0.054,+0.930
1705019880,+3.46,+25.831, +0.055,+0.930
1705019940,+3.46,+25.839, +0.054,+0.930
1705020000,+3.46,+25.839, +0.054,+0.930
1705020060,+3.46,+25.823, +0.056,+0.930
1705020120,+3.46,+25.814, +0.056,+0.930
1705020180,+3.46,+25.831, +0.055,+0.930
1705020240,+3.46,+25.823, +0.055,+0.930
1705020300,+3.46,+25.814, +0.055,+0.930
1705020360,+3.46,+25.831, +0.054,+0.930
1705020420,+3.46,+25.814, +0.054,+0.930
1705020480,+3.46,+25.806, +0.055,+0.930
1705020540,+3.46,+25.806, +0.055,+0.930
1705020600,+3.46,+25.814, +0.055,+0.930
1705020660,+3.46,+25.797, +0.054,+0.930
1705020720,+3.46,+25.797, +0.055,+0.930
1705020780,+3.46,+25.789, +0.054,+0.930
1705020840,+3.46,+25.797, +0.055,+0.930
1705020900,+3.46,+25.789, +0.055,+0.930
1705020960,+3.46,+25.797, +0.055,+0.930
1705021020,+3.46,+25.772, +0.055,+0.930
1705021080,+3.46,+25.772, +0.055,+0.930
1705021140,+3.46,+25.764, +0.055,+0.930
1705021200,+3.46,+25.772, +0.055,+0.930
1705021260,+3.46,+25.764, +0.054,+0.930
1705021320,+3.46,+25.772, +0.055,+0.930
1705021380,+3.46,+25.755, +0.055,+0.930
1705021440,+3.47,+25.764, +0.054,+0.930
1705021500,+3.46,+25.772, +0.055,+0.930
1705021560,+3.46,+25.764, +0.055,+0.930
1705021620,+3.46,+25.764, +0.055,+0.930
1705021680,+3.46,+25.755, +0.055,+0.930
1705021740,+3.46,+25.755, +0.055,+0.930
1705021800,+3.46,+25.747, +0.055,+0.930
1705021860,+3.46,+25.730, +0.055,+0.930
1705021920,+3.47,+25.721, +0.055,+0.930
1705021980,+3.46,+25.730, +0.055,+0.930
1705022040,+3.46,+25.730, +0.055,+0.930
1705022100,+3.47,+25.738, +0.054,+0.930
1705022160,+3.46,+25.747, +0.055,+0.930
1705022220,+3.47,+25.721, +0.055,+0.930
1705022280,+3.46,+25.705, +0.054,+0.930
1705022340,+3.47,+25.705, +0.054,+0.930
1705022400,+3.47,+25.705, +0.055,+0.930
1705022460,+3.47,+25.705, +0.055,+0.930
1705022520,+3.47,+25.713, +0.055,+0.930
1705022580,+3.47,+25.696, +0.054,+0.930
1705022640,+3.46,+25.696, +0.055,+0.930
1705022700,+3.46,+25.713, +0.055,+0.930
1705022760,+3.47,+25.696, +0.055,+0.930
1705022820,+3.47,+25.705, +0.054,+0.930
1705022880,+3.46,+25.679, +0.055,+0.930
1705022940,+3.47,+25.688, +0.055,+0.930
1705023000,+3.47,+25.679, +0.055,+0.930
1705023060,+3.46,+25.696, +0.055,+0.930
1705023120,+3.47,+25.671, +0.055,+0.930
1705023180,+3.47,+25.679, +0.054,+0.930
1705023240,+3.46,+25.671, +0.055,+0.930
1705023300,+3.47,+25.671, +0.055,+0.930
1705023360,+3.46,+25.679, +0.054,+0.930
1705023420,+3.47,+25.679, +0.055,+0.930
1705023480,+3.47,+25.679, +0.055,+0.930
1705023540,+3.47,+25.654, +0.055,+0.930
1705023600,+3.47,+25.662, +0.055,+0.930
1705023660,+3.47,+25.646, +0.055,+0.930
1705023720,+3.47,+25.654, +0.056,+0.930
1705023780,+3.47,+25.629, +0.054,+0.930
1705023840,+3.47,+25.646, +0.055,+0.930
1705023900,+3.47,+25.654, +0.054,+0.930
1705023960,+3.47,+25.646, +0.054,+0.930
1705024020,+3.47,+25.646, +0.055,+0.930
1705024080,+3.47,+25.629, +0.055,+0.930
1705024140,+3.47,+25.637, +0.055,+0.930
1705024200,+3.47,+25.637, +0.055,+0.930
1705024260,+3.47,+25.620, +0.055,+0.930
1705024320,+3.47,+25.620, +0.055,+0.930
1705024380,+3.47,+25.629, +0.054,+0.930
1705024440,+3.46,+25.612, +0.055,+0.930
1705024500,+3.46,+25.612, +0.093,+0.932
1705024560,+3.47,+25.603, +0.072,+0.931
1705024620,+3.47,+25.595, +0.060,+0.930
1705024680,+3.47,+25.603, +0.101,+0.932
1705024740,+3.47,+25.595, +0.096,+0.932
1705024800,+3.47,+25.595, +0.087,+0.931
1705024860,+3.47,+25.595, +0.062,+0.930
1705024920,+3.47,+25.578, +0.083,+0.931
1705024980,+3.47,+25.587, +0.059,+0.930
1705025040,+3.46,+25.561, +0.058,+0.930
1705025100,+3.47,+25.570, +0.068,+0.931
1705025160,+3.47,+25.561, +0.056,+0.930
1705025220,+3.47,+25.578, +0.054,+0.930
1705025280,+3.47,+25.570, +0.055,+0.930
1705025340,+3.47,+25.578, +0.054,+0.930
1705025400,+3.47,+25.570, +0.055,+0.930
1705025460,+3.47,+25.578, +0.055,+0.930
1705025520,+3.47,+25.570, +0.055,+0.930
1705025580,+3.47,+25.561, +0.054,+0.930
1705025640,+3.47,+25.553, +0.054,+0.930
1705025700,+3.47,+25.561, +0.054,+0.930
1705025760,+3.47,+25.561, +0.055,+0.930
1705025820,+3.47,+25.544, +0.054,+0.930
1705025880,+3.46,+25.553, +0.054,+0.930
1705025940,+3.47,+25.544, +0.054,+0.930
1705026000,+3.47,+25.536, +0.055,+0.930
1705026060,+3.47,+25.553, +0.055,+0.930
1705026120,+3.47,+25.544, +0.055,+0.930
1705026180,+3.47,+25.536, +0.054,+0.930
1705026240,+3.47,+25.536, +0.055,+0.930
1705026300,+3.47,+25.528, +0.054,+0.930
1705026360,+3.47,+25.528, +0.054,+0.930
1705026420,+3.47,+25.511, +0.055,+0.930
1705026480,+3.47,+25.511, +0.055,+0.930
1705026540,+3.47,+25.511, +0.055,+0.930
1705026600,+3.47,+25.528, +0.076,+0.931
1705026660,+3.46,+25.494, +0.065,+0.931
1705026720,+3.47,+25.502, +0.055,+0.930
1705026780,+3.47,+25.519, +0.055,+0.930
1705026840,+3.47,+25.511, +0.055,+0.930
1705026900,+3.46,+25.502, +0.054,+0.930
1705026960,+3.47,+25.494, +0.055,+0.930
1705027020,+3.47,+25.502, +0.055,+0.930
1705027080,+3.47,+25.494, +0.055,+0.930
1705027140,+3.47,+25.502, +0.054,+0.930
1705027200,+3.46,+25.485, +0.055,+0.930
1705027260,+3.46,+25.485, +0.055,+0.930
1705027320,+3.47,+25.494, +0.054,+0.930
1705027380,+3.46,+25.477, +0.054,+0.930
1705027440,+3.46,+25.485, +0.055,+0.930
1705027500,+3.47,+25.477, +0.054,+0.930
1705027560,+3.46,+25.469, +0.054,+0.930
1705027620,+3.46,+25.460, +0.055,+0.930
1705027680,+3.47,+25.452, +0.055,+0.930
1705027740,+3.47,+25.485, +0.054,+0.930
1705027800,+3.46,+25.469, +0.055,+0.930
1705027860,+3.47,+25.477, +0.054,+0.930
1705027920,+3.47,+25.469, +0.055,+0.930
1705027980,+3.47,+25.469, +0.054,+0.930
1705028040,+3.46,+25.460, +0.055,+0.930
1705028100,+3.46,+25.443, +0.055,+0.930
1705028160,+3.46,+25.452, +0.055,+0.930
1705028220,+3.46,+25.460, +0.054,+0.930
1705028280,+3.47,+25.460, +0.054,+0.930
1705028340,+3.46,+25.460, +0.054,+0.930
1705028400,+3.46,+25.435, +0.054,+0.930
1705028460,+3.46,+25.460, +0.054,+0.930
1705028520,+3.46,+25.452, +0.055,+0.930
1705028580,+3.46,+25.435, +0.054,+0.930
1705028640,+3.46,+25.460, +0.054,+0.930
1705028700,+3.46,+25.435, +0.055,+0.930
1705028760,+3.46,+25.443, +0.055,+0.930
1705028820,+3.46,+25.435, +0.054,+0.930
1705028880,+3.46,+25.435, +0.055,+0.930
1705028940,+3.46,+25.443, +0.055,+0.930
1705029000,+3.46,+25.435, +0.055,+0.930
1705029060,+3.46,+25.435, +0.054,+0.930
1705029120,+3.46,+25.427, +0.054,+0.930
1705029180,+3.46,+25.418, +0.054,+0.930
1705029240,+3.46,+25.435, +0.055,+0.930
1705029300,+3.46,+25.410, +0.055,+0.930
1705029360,+3.46,+25.427, +0.054,+0.930
1705029420,+3.46,+25.443, +0.054,+0.930
1705029480,+3.46,+25.427, +0.054,+0.930
1705029540,+3.46,+25.410, +0.055,+0.930
1705029600,+3.46,+25.410, +0.054,+0.930
1705029660,+3.46,+25.418, +0.055,+0.930
1705029720,+3.46,+25.418, +0.054,+0.930
1705029780,+3.46,+25.427, +0.054,+0.930
1705029840,+3.46,+25.427, +0.054,+0.930
1705029900,+3.46,+25.418, +0.055,+0.930
1705029960,+3.46,+25.410, +0.054,+0.930
1705030020,+3.46,+25.410, +0.054,+0.930
1705030080,+3.46,+25.410, +0.055,+0.930
1705030140,+3.46,+25.410, +0.054,+0.930
1705030200,+3.46,+25.410, +0.054,+0.930
1705030260,+3.46,+25.401, +0.055,+0.930
1705030320,+3.46,+25.410, +0.054,+0.930
1705030380,+3.46,+25.401, +0.054,+0.930
1705030440,+3.46,+25.393, +0.055,+0.930
1705030500,+3.46,+25.393, +0.055,+0.930
1705030560,+3.46,+25.384, +0.054,+0.930
1705030620,+3.46,+25.401, +0.054,+0.930
1705030680,+3.46,+25.410, +0.055,+0.930
1705030740,+3.46,+25.410, +0.055,+0.930
1705030800,+3.46,+25.401, +0.054,+0.930
1705030860,+3.46,+25.384, +0.055,+0.930
1705030920,+3.46,+25.376, +0.055,+0.930
1705030980,+3.46,+25.376, +0.054,+0.930
1705031040,+3.46,+25.393, +0.055,+0.930
1705031100,+3.46,+25.368, +0.055,+0.930
1705031160,+3.46,+25.376, +0.054,+0.930
1705031220,+3.46,+25.393, +0.054,+0.930
1705031280,+3.46,+25.376, +0.055,+0.930
1705031340,+3.46,+25.384, +0.055,+0.930
1705031400,+3.46,+25.376, +0.054,+0.930
1705031460,+3.46,+25.359, +0.054,+0.930
1705031520,+3.46,+25.368, +0.054,+0.930
1705031580,+3.46,+25.368, +0.054,+0.930
1705031640,+3.46,+25.359, +0.055,+0.930
1705031700,+3.46,+25.368, +0.054,+0.930
1705031760,+3.46,+25.359, +0.054,+0.930
1705031820,+3.46,+25.359, +0.055,+0.930
1705031880,+3.46,+25.342, +0.054,+0.930
1705031940,+3.46,+25.359, +0.055,+0.930
1705032000,+3.46,+25.351, +0.054,+0.930
1705032060,+3.46,+25.351, +0.054,+0.930
1705032120,+3.46,+25.351, +0.055,+0.930
1705032180,+3.46,+25.359, +0.054,+0.930
1705032240,+3.46,+25.342, +0.055,+0.930
1705032300,+3.46,+25.342, +0.055,+0.930
1705032360,+3.46,+25.342, +0.054,+0.930
1705032420,+3.46,+25.342, +0.054,+0.930
1705032480,+3.46,+25.351, +0.054,+0.930
1705032540,+3.46,+25.326, +0.055,+0.930
1705032600,+3.46,+25.351, +0.054,+0.930
1705032660,+3.46,+25.351, +0.054,+0.930
1705032720,+3.46,+25.351, +0.055,+0.930
1705032780,+3.46,+25.309, +0.054,+0.930
1705032840,+3.46,+25.326, +0.054,+0.930
1705032900,+3.46,+25.334, +0.054,+0.930
1705032960,+3.46,+25.326, +0.054,+0.930
1705033020,+3.46,+25.334, +0.055,+0.930
1705033080,+3.46,+25.334, +0.054,+0.930
1705033140,+3.46,+25.317, +0.054,+0.930
1705033200,+3.46,+25.317, +0.054,+0.930
1705033260,+3.46,+25.300, +0.055,+0.930
1705033320,+3.46,+25.300, +0.055,+0.930
1705033380,+3.46,+25.300, +0.054,+0.930
1705033440,+3.46,+25.300, +0.054,+0.930
1705033500,+3.46,+25.300, +0.054,+0.930
1705033560,+3.46,+25.292, +0.055,+0.930
1705033620,+3.46,+25.275, +0.055,+0.930
1705033680,+3.46,+25.283, +0.054,+0.930
1705033740,+3.46,+25.292, +0.054,+0.930
1705033800,+3.46,+25.292, +0.054,+0.930
1705033860,+3.46,+25.283, +0.054,+0.930
1705033920,+3.46,+25.292, +0.054,+0.930
1705033980,+3.46,+25.283, +0.054,+0.930
1705034040,+3.46,+25.275, +0.055,+0.930
1705034100,+3.46,+25.283, +0.054,+0.930
1705034160,+3.46,+25.292, +0.055,+0.930
1705034220,+3.46,+25.275, +0.055,+0.930
1705034280,+3.46,+25.275, +0.054,+0.930
1705034340,+3.46,+25.283, +0.054,+0.930
1705034400,+3.46,+25.283, +0.055,+0.930
1705034460,+3.46,+25.283, +0.054,+0.930
1705034520,+3.46,+25.275, +0.054,+0.930
1705034580,+3.46,+25.258, +0.054,+0.930
1705034640,+3.46,+25.275, +0.054,+0.930
1705034700,+3.46,+25.267, +0.054,+0.930
1705034760,+3.46,+25.267, +0.055,+0.930
1705034820,+3.46,+25.258, +0.054,+0.930
1705034880,+3.46,+25.267, +0.055,+0.930
1705034940,+3.46,+25.267, +0.054,+0.930
1705035000,+3.46,+25.241, +0.054,+0.930
1705035060,+3.46,+25.241, +0.055,+0.930
1705035120,+3.46,+25.225, +0.054,+0.930
1705035180,+3.46,+25.250, +0.054,+0.930
1705035240,+3.46,+25.233, +0.055,+0.930
1705035300,+3.46,+25.250, +0.054,+0.930
1705035360,+3.46,+25.233, +0.054,+0.930
1705035420,+3.46,+25.216, +0.055,+0.930
1705035480,+3.46,+25.233, +0.055,+0.930
1705035540,+3.46,+25.241, +0.054,+0.930
1705035600,+3.46,+25.241, +0.054,+0.930
1705035660,+3.46,+25.233, +0.054,+0.930
1705035720,+3.46,+25.233, +0.054,+0.930
1705035780,+3.46,+25.241, +0.054,+0.930
1705035840,+3.46,+25.250, +0.054,+0.930
1705035900,+3.46,+25.216, +0.054,+0.930
1705035960,+3.46,+25.241, +0.055,+0.930
1705036020,+3.46,+25.233, +0.054,+0.930
1705036080,+3.46,+25.233, +0.054,+0.930
1705036140,+3.46,+25.225, +0.054,+0.930
1705036200,+3.46,+25.216, +0.055,+0.930
1705036260,+3.46,+25.233, +0.054,+0.930
1705036320,+3.46,+25.233, +0.054,+0.930
1705036380,+3.46,+25.216, +0.054,+0.930
1705036440,+3.46,+25.199, +0.054,+0.930
1705036500,+3.46,+25.225, +0.054,+0.930
1705036560,+3.46,+25.233, +0.055,+0.930
1705036620,+3.46,+25.208, +0.054,+0.930
1705036680,+3.46,+25.216, +0.054,+0.930
1705036740,+3.46,+25.208, +0.054,+0.930
1705036800,+3.46,+25.208, +0.055,+0.930
1705036860,+3.46,+25.191, +0.054,+0.930
1705036920,+3.46,+25.208, +0.054,+0.930
1705036980,+3.46,+25.225, +0.054,+0.930
1705037040,+3.46,+25.208, +0.054,+0.930
1705037100,+3.46,+25.208, +0.054,+0.930
1705037160,+3.46,+25.191, +0.054,+0.930
1705037220,+3.46,+25.216, +0.054,+0.930
1705037280,+3.46,+25.191, +0.055,+0.930
1705037340,+3.46,+25.182, +0.055,+0.930
1705037400,+3.46,+25.191, +0.054,+0.930
1705037460,+3.46,+25.191, +0.054,+0.930
1705037520,+3.46,+25.199, +0.054,+0.930
1705037580,+3.46,+25.208, +0.055,+0.930
1705037640,+3.46,+25.174, +0.054,+0.930
1705037700,+3.46,+25.191, +0.054,+0.930
1705037760,+3.46,+25.166, +0.054,+0.930
1705037820,+3.46,+25.191, +0.055,+0.930
1705037880,+3.46,+25.199, +0.054,+0.930
1705037940,+3.46,+25.182, +0.054,+0.930
1705038000,+3.46,+25.191, +0.054,+0.930
1705038060,+3.46,+25.182, +0.055,+0.930
1705038120,+3.46,+25.182, +0.054,+0.930
1705038180,+3.46,+25.174, +0.054,+0.930
1705038240,+3.46,+25.174, +0.055,+0.930
1705038300,+3.46,+25.174, +0.054,+0.930
1705038360,+3.46,+25.166, +0.054,+0.930
1705038420,+3.46,+25.157, +0.054,+0.930
1705038480,+3.46,+25.174, +0.054,+0.930
1705038540,+3.46,+25.174, +0.054,+0.930
1705038600,+3.46,+25.149, +0.054,+0.930
1705038660,+3.46,+25.166, +0.054,+0.930
1705038720,+3.46,+25.166, +0.054,+0.930
1705038780,+3.46,+25.182, +0.054,+0.930
1705038840,+3.46,+25.174, +0.054,+0.930
1705038900,+3.46,+25.182, +0.054,+0.930
1705038960,+3.46,+25.140, +0.054,+0.930
1705039020,+3.46,+25.166, +0.054,+0.930
1705039080,+3.46,+25.157, +0.055,+0.930
1705039140,+3.46,+25.166, +0.054,+0.930
1705039200,+3.46,+25.174, +0.054,+0.930
1705039260,+3.46,+25.157, +0.054,+0.930
1705039320,+3.46,+25.157, +0.055,+0.930
1705039380,+3.46,+25.166, +0.054,+0.930
1705039440,+3.46,+25.157, +0.054,+0.930
1705039500,+3.46,+25.140, +0.054,+0.930
1705039560,+3.46,+25.166, +0.054,+0.930
1705039620,+3.46,+25.149, +0.054,+0.930
1705039680,+3.46,+25.157, +0.054,+0.930
1705039740,+3.46,+25.149, +0.054,+0.930
1705039800,+3.46,+25.140, +0.054,+0.930
1705039860,+3.46,+25.132, +0.054,+0.930
1705039920,+3.46,+25.140, +0.054,+0.930
1705039980,+3.46,+25.140, +0.054,+0.930
1705040040,+3.46,+25.140, +0.054,+0.930
1705040100,+3.46,+25.140, +0.054,+0.930
1705040160,+3.46,+25.140, +0.054,+0.930
1705040220,+3.46,+25.149, +0.054,+0.930
1705040280,+3.46,+25.124, +0.054,+0.930
1705040340,+3.46,+25.149, +0.055,+0.930
1705040400,+3.46,+25.132, +0.055,+0.930
1705040460,+3.46,+25.149, +0.054,+0.930
1705040520,+3.46,+25.149, +0.054,+0.930
1705040580,+3.46,+25.149, +0.054,+0.930
1705040640,+3.46,+25.149, +0.054,+0.930
1705040700,+3.46,+25.140, +0.054,+0.930
1705040760,+3.46,+25.149, +0.054,+0.930
1705040820,+3.46,+25.140, +0.055,+0.930
1705040880,+3.46,+25.140, +0.055,+0.930
1705040940,+3.46,+25.124, +0.054,+0.930
1705041000,+3.46,+25.140, +0.054,+0.930
1705041060,+3.46,+25.140, +0.054,+0.930
1705041120,+3.46,+25.140, +0.054,+0.930
1705041180,+3.46,+25.124, +0.054,+0.930
1705041240,+3.46,+25.132, +0.054,+0.930
1705041300,+3.46,+25.149, +0.054,+0.930
1705041360,+3.46,+25.124, +0.054,+0.930
1705041420,+3.46,+25.115, +0.055,+0.930
1705041480,+3.46,+25.115, +0.054,+0.930
1705041540,+3.46,+25.107, +0.055,+0.930
1705041600,+3.46,+25.124, +0.054,+0.930
1705041660,+3.46,+25.140, +0.054,+0.930
1705041720,+3.46,+25.124, +0.054,+0.930
1705041780,+3.46,+25.115, +0.054,+0.930
1705041840,+3.46,+25.124, +0.054,+0.930
1705041900,+3.46,+25.115, +0.054,+0.930
1705041960,+3.46,+25.132, +0.054,+0.930
1705042020,+3.46,+25.115, +0.054,+0.930
1705042080,+3.46,+25.115, +0.054,+0.930
1705042140,+3.46,+25.107, +0.055,+0.930
1705042200,+3.46,+25.115, +0.054,+0.930
1705042260,+3.46,+25.107, +0.054,+0.930
1705042320,+3.46,+25.090, +0.055,+0.930
1705042380,+3.46,+25.107, +0.054,+0.930
1705042440,+3.46,+25.115, +0.054,+0.930
1705042500,+3.46,+25.107, +0.055,+0.930
1705042560,+3.46,+25.107, +0.054,+0.930
1705042620,+3.46,+25.107, +0.054,+0.930
1705042680,+3.46,+25.107, +0.054,+0.930
1705042740,+3.46,+25.115, +0.054,+0.930
1705042800,+3.46,+25.132, +0.054,+0.930
1705042860,+3.46,+25.132, +0.054,+0.930
1705042920,+3.46,+25.115, +0.054,+0.930
1705042980,+3.46,+25.124, +0.054,+0.930
1705043040,+3.46,+25.115, +0.054,+0.930
1705043100,+3.46,+25.107, +0.054,+0.930
1705043160,+3.46,+25.107, +0.054,+0.930
1705043220,+3.46,+25.124, +0.054,+0.930
1705043280,+3.46,+25.107, +0.054,+0.930
1705043340,+3.46,+25.098, +0.054,+0.930
1705043400,+3.46,+25.090, +0.054,+0.930
1705043460,+3.46,+25.098, +0.054,+0.930
1705043520,+3.46,+25.090, +0.055,+0.930
1705043580,+3.46,+25.098, +0.054,+0.930
1705043640,+3.46,+25.082, +0.054,+0.930
1705043700,+3.46,+25.098, +0.054,+0.930
1705043760,+3.46,+25.090, +0.054,+0.930
1705043820,+3.46,+25.090, +0.055,+0.930
1705043880,+3.46,+25.082, +0.054,+0.930
1705043940,+3.46,+25.082, +0.054,+0.930
1705044000,+3.46,+25.107, +0.054,+0.930
1705044060,+3.46,+25.098, +0.054,+0.930
1705044120,+3.46,+25.090, +0.054,+0.930
1705044180,+3.46,+25.082, +0.054,+0.930
1705044240,+3.46,+25.082, +0.054,+0.930
1705044300,+3.46,+25.082, +0.054,+0.930
1705044360,+3.46,+25.090, +0.054,+0.930
1705044420,+3.46,+25.082, +0.054,+0.930
1705044480,+3.46,+25.090, +0.054,+0.930
1705044540,+3.46,+25.065, +0.054,+0.930
1705044600,+3.46,+25.073, +0.054,+0.930
1705044660,+3.46,+25.082, +0.054,+0.930
1705044720,+3.46,+25.082, +0.054,+0.930
1705044780,+3.46,+25.073, +0.054,+0.930
1705044840,+3.46,+25.082, +0.054,+0.930
1705044900,+3.46,+25.056, +0.054,+0.930
1705044960,+3.46,+25.048, +0.054,+0.930
1705045020,+3.46,+25.056, +0.054,+0.930
1705045080,+3.46,+25.056, +0.055,+0.930
1705045140,+3.46,+25.048, +0.054,+0.930
1705045200,+3.46,+25.048, +0.054,+0.930
1705045260,+3.46,+25.065, +0.054,+0.930
1705045320,+3.46,+25.056, +0.054,+0.930
1705045380,+3.46,+25.048, +0.055,+0.930
1705045440,+3.46,+25.039, +0.054,+0.930
1705045500,+3.46,+25.056, +0.054,+0.930
1705045560,+3.46,+25.039, +0.054,+0.930
1705045620,+3.46,+25.048, +0.054,+0.930
1705045680,+3.46,+25.039, +0.054,+0.930
1705045740,+3.46,+25.023, +0.054,+0.930
1705045800,+3.46,+25.048, +0.054,+0.930
1705045860,+3.46,+25.039, +0.054,+0.930
1705045920,+3.46,+25.039, +0.054,+0.930
1705045980,+3.46,+25.056, +0.054,+0.930
1705046040,+3.46,+25.039, +0.054,+0.930
1705046100,+3.46,+25.048, +0.054,+0.930
1705046160,+3.46,+25.014, +0.054,+0.930
1705046220,+3.46,+25.023, +0.054,+0.930
1705046280,+3.46,+25.048, +0.054,+0.930
1705046340,+3.46,+25.039, +0.054,+0.930
1705046400,+3.46,+25.023, +0.054,+0.930
1705046460,+3.46,+25.031, +0.054,+0.930
1705046520,+3.46,+25.031, +0.054,+0.930
1705046580,+3.46,+25.056, +0.054,+0.930
1705046640,+3.46,+25.023, +0.054,+0.930
1705046700,+3.46,+25.031, +0.054,+0.930
1705046760,+3.46,+25.023, +0.054,+0.930
1705046820,+3.46,+25.023, +0.054,+0.930
1705046880,+3.46,+25.031, +0.054,+0.930
1705046940,+3.46,+25.031, +0.054,+0.930
1705047000,+3.46,+25.031, +0.054,+0.930
1705047060,+3.46,+25.039, +0.054,+0.930
1705047120,+3.46,+25.023, +0.054,+0.930
1705047180,+3.46,+25.039, +0.054,+0.930
1705047240,+3.46,+25.039, +0.054,+0.930
1705047300,+3.46,+25.023, +0.054,+0.930
1705047360,+3.46,+25.023, +0.054,+0.930
1705047420,+3.46,+25.031, +0.055,+0.930
1705047480,+3.46,+25.014, +0.054,+0.930
1705047540,+3.46,+25.023, +0.054,+0.930
1705047600,+3.46,+25.039, +0.054,+0.930
1705047660,+3.46,+25.039, +0.054,+0.930
1705047720,+3.46,+25.031, +0.054,+0.930
1705047780,+3.46,+25.031, +0.054,+0.930
1705047840,+3.46,+25.023, +0.054,+0.930
1705047900,+3.46,+25.014, +0.054,+0.930
1705047960,+3.46,+25.031, +0.054,+0.930
1705048020,+3.46,+25.039, +0.054,+0.930
1705048080,+3.46,+25.023, +0.054,+0.930
1705048140,+3.46,+25.031, +0.054,+0.930
1705048200,+3.46,+25.023, +0.055,+0.930
1705048260,+3.46,+25.014, +0.054,+0.930
1705048320,+3.46,+25.014, +0.054,+0.930
1705048380,+3.46,+25.039, +0.055,+0.930
1705048440,+3.46,+25.014, +0.053,+0.930
1705048500,+3.46,+25.014, +0.054,+0.930
1705048560,+3.46,+25.014, +0.054,+0.930
1705048620,+3.46,+25.031, +0.054,+0.930
1705048680,+3.46,+25.023, +0.054,+0.930
1705048740,+3.46,+25.006, +0.054,+0.930
1705048800,+3.46,+25.014, +0.054,+0.930
1705048860,+3.46,+25.048, +0.054,+0.930
1705048920,+3.46,+25.031, +0.054,+0.930
1705048980,+3.46,+25.014, +0.054,+0.930
1705049040,+3.46,+25.023, +0.054,+0.930
1705049100,+3.46,+25.023, +0.054,+0.930
1705049160,+3.46,+25.014, +0.055,+0.930
1705049220,+3.46,+25.031, +0.054,+0.930
1705049280,+3.46,+25.014, +0.054,+0.930
1705049340,+3.46,+25.006, +0.054,+0.930
1705049400,+3.46,+25.039, +0.054,+0.930
1705049460,+3.46,+25.006, +0.054,+0.930
1705049520,+3.46,+25.014, +0.054,+0.930
1705049580,+3.46,+25.023, +0.054,+0.930
1705049640,+3.46,+25.006, +0.055,+0.930
1705049700,+3.46,+25.031, +0.054,+0.930
1705049760,+3.46,+25.023, +0.054,+0.930
1705049820,+3.46,+25.006, +0.054,+0.930
1705049880,+3.46,+25.006, +0.054,+0.930
1705049940,+3.46,+25.014, +0.054,+0.930
1705050000,+3.46,+25.006, +0.054,+0.930
1705050060,+3.46,+25.014, +0.054,+0.930
1705050120,+3.46,+25.006, +0.054,+0.930
1705050180,+3.46,+25.014, +0.054,+0.930
1705050240,+3.46,+25.014, +0.054,+0.930
1705050300,+3.46,+24.997, +0.055,+0.930
1705050360,+3.46,+24.997, +0.054,+0.930
1705050420,+3.46,+25.014, +0.053,+0.930
1705050480,+3.46,+24.997, +0.054,+0.930
1705050540,+3.46,+25.006, +0.054,+0.930
1705050600,+3.46,+24.997, +0.054,+0.930
1705050660,+3.46,+25.006, +0.054,+0.930
1705050720,+3.46,+24.989, +0.054,+0.930
1705050780,+3.46,+24.997, +0.054,+0.930
1705050840,+3.46,+24.997, +0.054,+0.930
1705050900,+3.46,+24.989, +0.054,+0.930
1705050960,+3.46,+24.981, +0.054,+0.930
1705051020,+3.46,+24.997, +0.054,+0.930
1705051080,+3.46,+24.972, +0.054,+0.930
1705051140,+3.46,+24.989, +0.054,+0.930
1705051200,+3.46,+24.997, +0.054,+0.930
1705051260,+3.46,+24.997, +0.054,+0.930
1705051320,+3.46,+24.972, +0.054,+0.930
1705051380,+3.46,+24.997, +0.054,+0.930
1705051440,+3.46,+24.972, +0.054,+0.930
1705051500,+3.46,+24.972, +0.053,+0.930
1705051560,+3.46,+24.989, +0.053,+0.930
1705051620,+3.46,+24.997, +0.053,+0.930
1705051680,+3.46,+24.972, +0.054,+0.930
1705051740,+3.46,+24.981, +0.054,+0.930
1705051800,+3.46,+24.972, +0.054,+0.930
1705051860,+3.46,+24.989, +0.054,+0.930
1705051920,+3.46,+24.981, +0.054,+0.930
1705051980,+3.46,+24.997, +0.054,+0.930
1705052040,+3.46,+24.981, +0.054,+0.930
1705052100,+3.46,+24.981, +0.054,+0.930
1705052160,+3.46,+24.981, +0.054,+0.930
1705052220,+3.46,+24.981, +0.054,+0.930
1705052280,+3.46,+24.981, +0.054,+0.930
1705052340,+3.46,+24.964, +0.054,+0.930
1705052400,+3.46,+24.972, +0.054,+0.930
1705052460,+3.46,+24.972, +0.054,+0.930
1705052520,+3.46,+24.997, +0.054,+0.930
1705052580,+3.46,+24.981, +0.053,+0.930
1705052640,+3.46,+24.972, +0.054,+0.930
1705052700,+3.46,+24.964, +0.054,+0.930
1705052760,+3.46,+24.972, +0.054,+0.930
1705052820,+3.46,+24.972, +0.054,+0.930
1705052880,+3.46,+24.981, +0.054,+0.930
1705052940,+3.46,+24.955, +0.054,+0.930
1705053000,+3.46,+24.947, +0.054,+0.930
1705053060,+3.46,+24.964, +0.054,+0.930
1705053120,+3.46,+24.964, +0.054,+0.930
1705053180,+3.46,+24.947, +0.055,+0.930
1705053240,+3.46,+24.955, +0.054,+0.930
1705053300,+3.46,+24.964, +0.054,+0.930
1705053360,+3.46,+24.955, +0.054,+0.930
1705053420,+3.46,+24.955, +0.054,+0.930
1705053480,+3.46,+24.947, +0.055,+0.930
1705053540,+3.46,+24.930, +0.054,+0.930
1705053600,+3.46,+24.947, +0.054,+0.930
1705053660,+3.46,+24.939, +0.054,+0.930
1705053720,+3.46,+24.955, +0.054,+0.930
1705053780,+3.46,+24.947, +0.054,+0.930
1705053840,+3.46,+24.939, +0.054,+0.930
1705053900,+3.46,+24.939, +0.054,+0.930
1705053960,+3.46,+24.939, +0.054,+0.930
1705054020,+3.46,+24.955, +0.054,+0.930
1705054080,+3.46,+24.947, +0.054,+0.930
1705054140,+3.46,+24.930, +0.055,+0.930
1705054200,+3.46,+24.955, +0.054,+0.930
1705054260,+3.46,+24.939, +0.054,+0.930
1705054320,+3.46,+24.947, +0.054,+0.930
1705054380,+3.46,+24.939, +0.054,+0.930
1705054440,+3.46,+24.939, +0.054,+0.930
1705054500,+3.46,+24.930, +0.054,+0.930
1705054560,+3.46,+24.939, +0.054,+0.930
1705054620,+3.46,+24.939, +0.054,+0.930
1705054680,+3.46,+24.939, +0.054,+0.930
1705054740,+3.46,+24.930, +0.054,+0.930
1705054800,+3.46,+24.922, +0.054,+0.930
1705054860,+3.46,+24.930, +0.054,+0.930
1705054920,+3.46,+24.930, +0.054,+0.930
1705054980,+3.46,+24.930, +0.054,+0.930
1705055040,+3.46,+24.913, +0.054,+0.930
1705055100,+3.46,+24.930, +0.054,+0.930
1705055160,+3.46,+24.922, +0.054,+0.930
1705055220,+3.46,+24.930, +0.054,+0.930
1705055280,+3.46,+24.930, +0.054,+0.930
1705055340,+3.46,+24.930, +0.054,+0.930
1705055400,+3.46,+24.922, +0.054,+0.930
1705055460,+3.46,+24.922, +0.054,+0.930
1705055520,+3.46,+24.905, +0.054,+0.930
1705055580,+3.46,+24.905, +0.054,+0.930
1705055640,+3.46,+24.913, +0.055,+0.930
1705055700,+3.46,+24.922, +0.053,+0.930
1705055760,+3.46,+24.922, +0.054,+0.930
1705055820,+3.46,+24.930, +0.054,+0.930
1705055880,+3.46,+24.897, +0.054,+0.930
1705055940,+3.46,+24.913, +0.054,+0.930
1705056000,+3.46,+24.913, +0.054,+0.930
1705056060,+3.46,+24.913, +0.054,+0.930
1705056120,+3.46,+24.922, +0.054,+0.930
1705056180,+3.46,+24.922, +0.055,+0.930
1705056240,+3.46,+24.905, +0.054,+0.930
1705056300,+3.46,+24.922, +0.054,+0.930
1705056360,+3.46,+24.913, +0.054,+0.930
1705056420,+3.46,+24.913, +0.054,+0.930
1705056480,+3.46,+24.913, +0.054,+0.930
1705056540,+3.46,+24.922, +0.054,+0.930
1705056600,+3.46,+24.913, +0.054,+0.930
1705056660,+3.46,+24.905, +0.054,+0.930
1705056720,+3.46,+24.905, +0.054,+0.930
1705056780,+3.46,+24.897, +0.054,+0.930
1705056840,+3.46,+24.930, +0.054,+0.930
1705056900,+3.46,+24.913, +0.054,+0.930
1705056960,+3.46,+24.913, +0.054,+0.930
1705057020,+3.46,+24.905, +0.054,+0.930
1705057080,+3.46,+24.897, +0.054,+0.930
1705057140,+3.46,+24.897, +0.055,+0.930
1705057200,+3.46,+24.897, +0.054,+0.930
1705057260,+3.46,+24.897, +0.054,+0.930
1705057320,+3.46,+24.905, +0.054,+0.930
1705057380,+3.46,+24.905, +0.054,+0.930
1705057440,+3.46,+24.905, +0.054,+0.930
1705057500,+3.46,+24.888, +0.054,+0.930
1705057560,+3.46,+24.880, +0.054,+0.930
1705057620,+3.46,+24.888, +0.054,+0.930
1705057680,+3.46,+24.897, +0.054,+0.930
1705057740,+3.46,+24.888, +0.054,+0.930
1705057800,+3.46,+24.905, +0.054,+0.930
1705057860,+3.46,+24.888, +0.054,+0.930
1705057920,+3.46,+24.905, +0.054,+0.930
1705057980,+3.46,+24.880, +0.054,+0.930
1705058040,+3.46,+24.888, +0.054,+0.930
1705058100,+3.46,+24.888, +0.054,+0.930
1705058160,+3.46,+24.888, +0.054,+0.930
1705058220,+3.46,+24.871, +0.054,+0.930
1705058280,+3.46,+24.871, +0.054,+0.930
1705058340,+3.46,+24.905, +0.054,+0.930
1705058400,+3.46,+24.880, +0.055,+0.930
1705058460,+3.46,+24.871, +0.054,+0.930
1705058520,+3.46,+24.871, +0.054,+0.930
1705058580,+3.46,+24.880, +0.054,+0.930
1705058640,+3.46,+24.880, +0.054,+0.930
1705058700,+3.46,+24.880, +0.054,+0.930
1705058760,+3.46,+24.863, +0.054,+0.930
1705058820,+3.46,+24.897, +0.054,+0.930
1705058880,+3.46,+24.863, +0.054,+0.930
1705058940,+3.46,+24.871, +0.054,+0.930
1705059000,+3.46,+24.871, +0.054,+0.930
1705059060,+3.46,+24.863, +0.054,+0.930
1705059120,+3.46,+24.863, +0.054,+0.930
1705059180,+3.46,+24.871, +0.054,+0.930
1705059240,+3.46,+24.871, +0.054,+0.930
1705059300,+3.46,+24.880, +0.054,+0.930
1705059360,+3.46,+24.871, +0.054,+0.930
1705059420,+3.46,+24.871, +0.054,+0.930
1705059480,+3.46,+24.880, +0.054,+0.930
1705059540,+3.46,+24.871, +0.054,+0.930
1705059600,+3.46,+24.871, +0.054,+0.930
1705059660,+3.46,+24.880, +0.054,+0.930
1705059720,+3.46,+24.880, +0.054,+0.930
1705059780,+3.46,+24.871, +0.054,+0.930
1705059840,+3.46,+24.871, +0.054,+0.930
1705059900,+3.46,+24.871, +0.054,+0.930
1705059960,+3.46,+24.880, +0.055,+0.930
1705060020,+3.46,+24.846, +0.054,+0.930
1705060080,+3.46,+24.871, +0.054,+0.930
1705060140,+3.46,+24.863, +0.055,+0.930
1705060200,+3.46,+24.871, +0.054,+0.930
1705060260,+3.46,+24.880, +0.054,+0.930
1705060320,+3.46,+24.880, +0.054,+0.930
1705060380,+3.46,+24.871, +0.054,+0.930
1705060440,+3.46,+24.871, +0.054,+0.930
1705060500,+3.46,+24.863, +0.054,+0.930
1705060560,+3.46,+24.871, +0.054,+0.930
1705060620,+3.46,+24.855, +0.055,+0.930
1705060680,+3.46,+24.880, +0.055,+0.930
1705060740,+3.46,+24.897, +0.054,+0.930
1705060800,+3.46,+24.863, +0.054,+0.930
1705060860,+3.46,+24.863, +0.054,+0.930
1705060920,+3.46,+24.871, +0.054,+0.930
1705060980,+3.46,+24.863, +0.054,+0.930
1705061040,+3.46,+24.871, +0.054,+0.930
1705061100,+3.46,+24.863, +0.054,+0.930
1705061160,+3.46,+24.855, +0.054,+0.930
1705061220,+3.46,+24.855, +0.054,+0.930
1705061280,+3.46,+24.888, +0.054,+0.930
1705061340,+3.46,+24.871, +0.054,+0.930
1705061400,+3.46,+24.880, +0.054,+0.930
1705061460,+3.46,+24.888, +0.054,+0.930
1705061520,+3.46,+24.871, +0.054,+0.930
1705061580,+3.46,+24.863, +0.053,+0.930
1705061640,+3.46,+24.880, +0.054,+0.930
1705061700,+3.46,+24.871, +0.054,+0.930
1705061760,+3.46,+24.871, +0.054,+0.930
1705061820,+3.46,+24.880, +0.054,+0.930
1705061880,+3.46,+24.880, +0.054,+0.930
1705061940,+3.46,+24.871, +0.054,+0.930
1705062000,+3.46,+24.880, +0.054,+0.930
1705062060,+3.46,+24.871, +0.054,+0.930
1705062120,+3.46,+24.880, +0.054,+0.930
1705062180,+3.46,+24.880, +0.053,+0.930
1705062240,+3.46,+24.880, +0.054,+0.930
1705062300,+3.46,+24.871, +0.053,+0.930
1705062360,+3.46,+24.880, +0.054,+0.930
1705062420,+3.46,+24.863, +0.054,+0.930
1705062480,+3.46,+24.863, +0.054,+0.930
1705062540,+3.46,+24.871, +0.054,+0.930
1705062600,+3.46,+24.871, +0.054,+0.930
1705062660,+3.46,+24.888, +0.053,+0.930
1705062720,+3.46,+24.880, +0.053,+0.930
1705062780,+3.46,+24.888, +0.054,+0.930
1705062840,+3.46,+24.880, +0.054,+0.930
1705062900,+3.46,+24.880, +0.054,+0.930
1705062960,+3.46,+24.888, +0.054,+0.930
1705063020,+3.46,+24.871, +0.054,+0.930
1705063080,+3.46,+24.880, +0.054,+0.930
1705063140,+3.46,+24.871, +0.054,+0.930
1705063200,+3.46,+24.880, +0.054,+0.930
1705063260,+3.46,+24.888, +0.054,+0.930
1705063320,+3.46,+24.888, +0.054,+0.930
1705063380,+3.46,+24.880, +0.055,+0.930
1705063440,+3.46,+24.897, +0.054,+0.930
1705063500,+3.46,+24.905, +0.054,+0.930
1705063560,+3.46,+24.880, +0.054,+0.930
1705063620,+3.46,+24.880, +0.054,+0.930
1705063680,+3.46,+24.897, +0.054,+0.930
1705063740,+3.46,+24.897, +0.054,+0.930
1705063800,+3.46,+24.888, +0.054,+0.930
1705063860,+3.46,+24.897, +0.055,+0.930
1705063920,+3.46,+24.897, +0.054,+0.930
1705063980,+3.46,+24.905, +0.054,+0.930
1705064040,+3.46,+24.905, +0.054,+0.930
1705064100,+3.46,+24.897, +0.054,+0.930
1705064160,+3.46,+24.913, +0.054,+0.930
1705064220,+3.46,+24.913, +0.054,+0.930
1705064280,+3.46,+24.880, +0.054,+0.930
1705064340,+3.46,+24.922, +0.054,+0.930
1705064400,+3.46,+24.897, +0.054,+0.930
1705064460,+3.46,+24.905, +0.054,+0.930
1705064520,+3.46,+24.905, +0.053,+0.930
1705064580,+3.46,+24.905, +0.054,+0.930
1705064640,+3.46,+24.913, +0.054,+0.930
1705064700,+3.46,+24.897, +0.054,+0.930
1705064760,+3.46,+24.922, +0.054,+0.930
1705064820,+3.46,+24.922, +0.053,+0.930
1705064880,+3.46,+24.913, +0.054,+0.930
1705064940,+3.46,+24.913, +0.054,+0.930
1705065000,+3.46,+24.905, +0.053,+0.930
1705065060,+3.46,+24.922, +0.054,+0.930
1705065120,+3.46,+24.913, +0.054,+0.930
1705065180,+3.46,+24.922, +0.054,+0.930
1705065240,+3.46,+24.913, +0.054,+0.930
1705065300,+3.46,+24.930, +0.054,+0.930
1705065360,+3.46,+24.939, +0.054,+0.930
1705065420,+3.46,+24.930, +0.054,+0.930
1705065480,+3.46,+24.922, +0.054,+0.930
1705065540,+3.46,+24.930, +0.054,+0.930
1705065600,+3.46,+24.939, +0.054,+0.930
1705065660,+3.46,+24.947, +0.054,+0.930
1705065720,+3.46,+24.955, +0.054,+0.930
1705065780,+3.46,+24.939, +0.054,+0.930
1705065840,+3.46,+24.955, +0.054,+0.930
1705065900,+3.46,+24.947, +0.054,+0.930
1705065960,+3.46,+24.922, +0.054,+0.930
1705066020,+3.46,+24.955, +0.054,+0.930
1705066080,+3.46,+24.964, +0.054,+0.930
1705066140,+3.46,+24.955, +0.054,+0.930
1705066200,+3.46,+24.947, +0.054,+0.930
1705066260,+3.46,+24.964, +0.054,+0.930
1705066320,+3.46,+24.955, +0.054,+0.930
1705066380,+3.46,+24.955, +0.054,+0.930
1705066440,+3.46,+24.964, +0.054,+0.930
1705066500,+3.46,+24.964, +0.054,+0.930
1705066560,+3.46,+24.964, +0.054,+0.930
1705066620,+3.46,+24.964, +0.054,+0.930
1705066680,+3.46,+24.964, +0.054,+0.930
1705066740,+3.46,+24.947, +0.054,+0.930
1705066800,+3.46,+24.972, +0.054,+0.930
1705066860,+3.46,+24.989, +0.054,+0.930
1705066920,+3.46,+24.989, +0.054,+0.930
1705066980,+3.46,+24.981, +0.054,+0.930
1705067040,+3.46,+24.989, +0.054,+0.930
1705067100,+3.46,+24.997, +0.054,+0.930
1705067160,+3.46,+24.997, +0.054,+0.930
1705067220,+3.46,+24.989, +0.054,+0.930
1705067280,+3.46,+24.997, +0.053,+0.930
1705067340,+3.46,+24.997, +0.054,+0.930
1705067400,+3.46,+24.997, +0.054,+0.930
1705067460,+3.46,+25.006, +0.054,+0.930
1705067520,+3.46,+25.006, +0.054,+0.930
1705067580,+3.46,+25.006, +0.054,+0.930
1705067640,+3.46,+25.014, +0.054,+0.930
1705067700,+3.46,+24.989, +0.053,+0.930
1705067760,+3.46,+25.023, +0.054,+0.930
1705067820,+3.46,+25.039, +0.054,+0.930
1705067880,+3.46,+25.014, +0.054,+0.930
1705067940,+3.46,+25.014, +0.054,+0.930
1705068000,+3.46,+25.014, +0.054,+0.930
1705068060,+3.46,+25.023, +0.054,+0.930
1705068120,+3.46,+25.031, +0.054,+0.930
1705068180,+3.46,+25.023, +0.054,+0.930
1705068240,+3.46,+25.031, +0.054,+0.930
1705068300,+3.46,+25.031, +0.054,+0.930
1705068360,+3.46,+25.031, +0.054,+0.930
1705068420,+3.46,+25.039, +0.054,+0.930
1705068480,+3.46,+25.048, +0.054,+0.930
1705068540,+3.46,+25.056, +0.054,+0.930
1705068600,+3.46,+25.065, +0.054,+0.930
1705068660,+3.46,+25.065, +0.054,+0.930
1705068720,+3.46,+25.056, +0.054,+0.930
1705068780,+3.46,+25.090, +0.054,+0.930
1705068840,+3.46,+25.090, +0.054,+0.930
1705068900,+3.46,+25.090, +0.054,+0.930
1705068960,+3.46,+25.098, +0.054,+0.930
1705069020,+3.46,+25.090, +0.054,+0.930
1705069080,+3.46,+25.090, +0.053,+0.930
1705069140,+3.46,+25.098, +0.054,+0.930
1705069200,+3.46,+25.098, +0.053,+0.930
1705069260,+3.46,+25.107, +0.054,+0.930
1705069320,+3.46,+25.107, +0.054,+0.930
1705069380,+3.46,+25.115, +0.054,+0.930
1705069440,+3.46,+25.124, +0.054,+0.930
1705069500,+3.46,+25.124, +0.054,+0.930
1705069560,+3.46,+25.140, +0.054,+0.930
1705069620,+3.46,+25.166, +0.053,+0.930
1705069680,+3.46,+25.149, +0.054,+0.930
1705069740,+3.46,+25.149, +0.054,+0.930
1705069800,+3.46,+25.157, +0.054,+0.930
1705069860,+3.46,+25.149, +0.054,+0.930
1705069920,+3.46,+25.166, +0.054,+0.930
1705069980,+3.46,+25.157, +0.054,+0.930
1705070040,+3.46,+25.157, +0.054,+0.930
1705070100,+3.46,+25.174, +0.054,+0.930
1705070160,+3.46,+25.166, +0.054,+0.929
1705070220,+3.46,+25.182, +0.054,+0.930
1705070280,+3.46,+25.182, +0.054,+0.929
1705070340,+3.46,+25.166, +0.054,+0.930
1705070400,+3.46,+25.191, +0.054,+0.930
1705070460,+3.46,+25.182, +0.054,+0.930
1705070520,+3.46,+25.174, +0.054,+0.929
1705070580,+3.46,+25.191, +0.054,+0.930
1705070640,+3.46,+25.182, +0.054,+0.929
1705070700,+3.46,+25.208, +0.053,+0.930
1705070760,+3.46,+25.208, +0.054,+0.929
1705070820,+3.46,+25.208, +0.054,+0.930
1705070880,+3.46,+25.199, +0.054,+0.930
1705070940,+3.46,+25.199, +0.054,+0.930
1705071000,+3.46,+25.182, +0.054,+0.930
1705071060,+3.46,+25.216, +0.054,+0.930
1705071120,+3.46,+25.199, +0.054,+0.930
1705071180,+3.46,+25.216, +0.054,+0.930
1705071240,+3.46,+25.216, +0.053,+0.930
1705071300,+3.46,+25.199, +0.054,+0.930
1705071360,+3.46,+25.225, +0.054,+0.930
1705071420,+3.46,+25.208, +0.054,+0.930
1705071480,+3.46,+25.216, +0.053,+0.930
1705071540,+3.46,+25.199, +0.054,+0.930
1705071600,+3.46,+25.233, +0.054,+0.930
1705071660,+3.46,+25.216, +0.054,+0.930
1705071720,+3.46,+25.233, +0.054,+0.930
1705071780,+3.46,+25.250, +0.054,+0.930
1705071840,+3.46,+25.250, +0.053,+0.930
1705071900,+3.46,+25.250, +0.054,+0.930
1705071960,+3.46,+25.241, +0.054,+0.930
1705072020,+3.46,+25.233, +0.053,+0.930
1705072080,+3.46,+25.241, +0.054,+0.930
1705072140,+3.46,+25.258, +0.054,+0.930
1705072200,+3.46,+25.250, +0.054,+0.930
1705072260,+3.46,+25.250, +0.054,+0.930
1705072320,+3.46,+25.241, +0.054,+0.930
1705072380,+3.46,+25.258, +0.054,+0.930
1705072440,+3.46,+25.267, +0.054,+0.930
1705072500,+3.46,+25.267, +0.053,+0.929
1705072560,+3.46,+25.275, +0.054,+0.930
1705072620,+3.46,+25.283, +0.054,+0.930
1705072680,+3.46,+25.275, +0.054,+0.930
1705072740,+3.46,+25.275, +0.054,+0.930
1705072800,+3.46,+25.283, +0.054,+0.930
1705072860,+3.46,+25.300, +0.054,+0.929
1705072920,+3.46,+25.283, +0.054,+0.930
1705072980,+3.46,+25.292, +0.054,+0.930
1705073040,+3.46,+25.300, +0.054,+0.930
1705073100,+3.46,+25.292, +0.054,+0.930
1705073160,+3.46,+25.292, +0.054,+0.930
1705073220,+3.46,+25.309, +0.054,+0.930
1705073280,+3.46,+25.309, +0.054,+0.930
1705073340,+3.46,+25.317, +0.054,+0.930
1705073400,+3.46,+25.309, +0.054,+0.930
1705073460,+3.46,+25.309, +0.054,+0.929
1705073520,+3.46,+25.326, +0.054,+0.930
1705073580,+3.46,+25.342, +0.054,+0.930
1705073640,+3.46,+25.342, +0.054,+0.929
1705073700,+3.46,+25.342, +0.054,+0.930
1705073760,+3.46,+25.342, +0.054,+0.929
1705073820,+3.46,+25.351, +0.054,+0.930
1705073880,+3.46,+25.368, +0.054,+0.930
1705073940,+3.46,+25.368, +0.054,+0.930
1705074000,+3.46,+25.384, +0.054,+0.929
1705074060,+3.46,+25.368, +0.055,+0.930
1705074120,+3.46,+25.376, +0.054,+0.929
1705074180,+3.46,+25.393, +0.054,+0.929
1705074240,+3.46,+25.384, +0.054,+0.930
1705074300,+3.46,+25.393, +0.054,+0.929
1705074360,+3.46,+25.384, +0.055,+0.930
1705074420,+3.46,+25.384, +0.054,+0.930
1705074480,+3.46,+25.410, +0.054,+0.930
1705074540,+3.46,+25.401, +0.054,+0.929
1705074600,+3.46,+25.401, +0.054,+0.930
1705074660,+3.46,+25.393, +0.054,+0.930
1705074720,+3.46,+25.410, +0.053,+0.929
1705074780,+3.46,+25.393, +0.054,+0.929
1705074840,+3.46,+25.401, +0.054,+0.929
1705074900,+3.46,+25.393, +0.054,+0.930
1705074960,+3.46,+25.410, +0.054,+0.929
1705075020,+3.46,+25.418, +0.054,+0.929
1705075080,+3.46,+25.443, +0.054,+0.930
1705075140,+3.46,+25.427, +0.054,+0.929
1705075200,+3.46,+25.418, +0.054,+0.929
1705075260,+3.46,+25.427, +0.054,+0.929
1705075320,+3.46,+25.427, +0.054,+0.930
1705075380,+3.46,+25.435, +0.054,+0.930
1705075440,+3.46,+25.452, +0.054,+0.930
1705075500,+3.46,+25.452, +0.054,+0.930
1705075560,+3.46,+25.452, +0.054,+0.930
1705075620,+3.46,+25.452, +0.054,+0.929
1705075680,+3.46,+25.460, +0.054,+0.929
1705075740,+3.46,+25.477, +0.054,+0.929
1705075800,+3.46,+25.477, +0.055,+0.930
1705075860,+3.46,+25.469, +0.055,+0.930
1705075920,+3.46,+25.477, +0.054,+0.929
1705075980,+3.46,+25.485, +0.054,+0.929
1705076040,+3.46,+25.494, +0.055,+0.929
1705076100,+3.46,+25.485, +0.055,+0.929
1705076160,+3.46,+25.519, +0.054,+0.929
1705076220,+3.46,+25.511, +0.054,+0.929
1705076280,+3.46,+25.519, +0.055,+0.929
1705076340,+3.46,+25.544, +0.054,+0.929
1705076400,+3.46,+25.544, +0.055,+0.929
1705076460,+3.46,+25.536, +0.054,+0.929
1705076520,+3.46,+25.536, +0.054,+0.929
1705076580,+3.46,+25.544, +0.054,+0.929
1705076640,+3.46,+25.544, +0.054,+0.929
1705076700,+3.46,+25.553, +0.054,+0.929
1705076760,+3.46,+25.561, +0.054,+0.929
1705076820,+3.46,+25.536, +0.054,+0.929
1705076880,+3.46,+25.561, +0.055,+0.929
1705076940,+3.46,+25.561, +0.054,+0.929
1705077000,+3.46,+25.561, +0.054,+0.929
1705077060,+3.46,+25.553, +0.054,+0.929
1705077120,+3.46,+25.553, +0.053,+0.929
1705077180,+3.46,+25.570, +0.054,+0.929
1705077240,+3.46,+25.553, +0.054,+0.929
1705077300,+3.46,+25.544, +0.055,+0.929
1705077360,+3.46,+25.561, +0.054,+0.929
1705077420,+3.46,+25.570, +0.054,+0.929
1705077480,+3.46,+25.578, +0.054,+0.929
1705077540,+3.46,+25.595, +0.054,+0.929
1705077600,+3.46,+25.595, +0.054,+0.929
1705077660,+3.46,+25.595, +0.054,+0.929
1705077720,+3.46,+25.620, +0.054,+0.929
1705077780,+3.46,+25.629, +0.054,+0.929
1705077840,+3.46,+25.612, +0.054,+0.929
1705077900,+3.46,+25.637, +0.054,+0.929
1705077960,+3.46,+25.646, +0.054,+0.929
1705078020,+3.46,+25.654, +0.054,+0.929
1705078080,+3.46,+25.679, +0.054,+0.929
1705078140,+3.46,+25.688, +0.054,+0.929
1705078200,+3.46,+25.679, +0.055,+0.929
1705078260,+3.46,+25.705, +0.054,+0.929
1705078320,+3.46,+25.713, +0.054,+0.929
1705078380,+3.46,+25.721, +0.055,+0.929
1705078440,+3.46,+25.738, +0.054,+0.929
1705078500,+3.46,+25.730, +0.054,+0.929
1705078560,+3.46,+25.738, +0.054,+0.929
1705078620,+3.46,+25.713, +0.054,+0.929
1705078680,+3.46,+25.738, +0.054,+0.929
1705078740,+3.46,+25.721, +0.054,+0.929
1705078800,+3.46,+25.738, +0.055,+0.929
1705078860,+3.46,+25.755, +0.054,+0.929
1705078920,+3.46,+25.764, +0.054,+0.929
1705078980,+3.46,+25.764, +0.054,+0.929
1705079040,+3.46,+25.780, +0.054,+0.929
1705079100,+3.46,+25.780, +0.054,+0.929
1705079160,+3.46,+25.789, +0.054,+0.929
1705079220,+3.46,+25.797, +0.054,+0.929
1705079280,+3.46,+25.797, +0.055,+0.929
1705079340,+3.46,+25.823, +0.054,+0.929
1705079400,+3.46,+25.831, +0.054,+0.929
1705079460,+3.46,+25.839, +0.054,+0.929
1705079520,+3.46,+25.848, +0.054,+0.929
1705079580,+3.46,+25.856, +0.055,+0.929
1705079640,+3.46,+25.856, +0.054,+0.929
1705079700,+3.46,+25.848, +0.054,+0.929
1705079760,+3.46,+25.839, +0.054,+0.929
1705079820,+3.46,+25.865, +0.054,+0.929
1705079880,+3.46,+25.856, +0.054,+0.929
1705079940,+3.46,+25.848, +0.054,+0.929
1705080000,+3.46,+25.882, +0.054,+0.929
1705080060,+3.46,+25.873, +0.054,+0.929
1705080120,+3.46,+25.898, +0.053,+0.929
1705080180,+3.46,+25.890, +0.054,+0.929
1705080240,+3.46,+25.890, +0.054,+0.929
1705080300,+3.46,+25.882, +0.054,+0.929
1705080360,+3.46,+25.865, +0.054,+0.929
1705080420,+3.46,+25.865, +0.054,+0.929
1705080480,+3.46,+25.907, +0.054,+0.929
1705080540,+3.46,+25.898, +0.054,+0.929
1705080600,+3.46,+25.907, +0.054,+0.929
1705080660,+3.46,+25.890, +0.054,+0.929
1705080720,+3.46,+25.915, +0.054,+0.929
1705080780,+3.46,+25.907, +0.054,+0.929
1705080840,+3.46,+25.907, +0.054,+0.929
1705080900,+3.46,+25.915, +0.054,+0.929
1705080960,+3.46,+25.941, +0.054,+0.929
1705081020,+3.46,+25.924, +0.055,+0.929
1705081080,+3.46,+25.932, +0.054,+0.929
1705081140,+3.46,+25.949, +0.054,+0.929
1705081200,+3.46,+25.932, +0.054,+0.929
1705081260,+3.46,+25.924, +0.054,+0.929
1705081320,+3.46,+25.941, +0.054,+0.929
1705081380,+3.46,+25.941, +0.054,+0.929
1705081440,+3.46,+25.932, +0.055,+0.929
1705081500,+3.46,+25.958, +0.054,+0.929
1705081560,+3.46,+25.949, +0.054,+0.929
1705081620,+3.46,+25.941, +0.054,+0.929
1705081680,+3.46,+25.949, +0.054,+0.929
1705081740,+3.46,+25.949, +0.054,+0.929
1705081800,+3.46,+25.966, +0.054,+0.929
1705081860,+3.46,+25.949, +0.054,+0.929
1705081920,+3.46,+25.974, +0.054,+0.929
1705081980,+3.46,+25.991, +0.054,+0.929
1705082040,+3.46,+26.000, +0.054,+0.929
1705082100,+3.46,+25.974, +0.054,+0.929
1705082160,+3.46,+26.008, +0.055,+0.929
1705082220,+3.46,+26.008, +0.054,+0.929
1705082280,+3.46,+26.025, +0.054,+0.929
1705082340,+3.46,+26.050, +0.054,+0.929
1705082400,+3.46,+26.025, +0.054,+0.929
1705082460,+3.46,+26.042, +0.054,+0.929
1705082520,+3.46,+26.033, +0.055,+0.929
1705082580,+3.46,+26.042, +0.054,+0.929
1705082640,+3.46,+26.067, +0.054,+0.929
1705082700,+3.46,+26.059, +0.055,+0.929
1705082760,+3.46,+26.076, +0.054,+0.929
1705082820,+3.46,+26.050, +0.054,+0.929
1705082880,+3.46,+26.059, +0.054,+0.929
1705082940,+3.46,+26.059, +0.055,+0.929
1705083000,+3.46,+26.084, +0.054,+0.929
1705083060,+3.46,+26.084, +0.055,+0.929
1705083120,+3.46,+26.067, +0.055,+0.929
1705083180,+3.46,+26.076, +0.055,+0.929
1705083240,+3.46,+26.076, +0.055,+0.929
1705083300,+3.46,+26.084, +0.055,+0.929
1705083360,+3.46,+26.076, +0.055,+0.929
1705083420,+3.46,+26.067, +0.054,+0.929
1705083480,+3.46,+26.067, +0.055,+0.929
1705083540,+3.46,+26.084, +0.054,+0.929
1705083600,+3.46,+26.093, +0.054,+0.929
1705083660,+3.46,+26.084, +0.054,+0.929
1705083720,+3.46,+26.076, +0.055,+0.929
1705083780,+3.46,+26.084, +0.055,+0.929
1705083840,+3.46,+26.084, +0.054,+0.929
1705083900,+3.46,+26.084, +0.055,+0.929
1705083960,+3.46,+26.076, +0.055,+0.929
1705084020,+3.46,+26.084, +0.055,+0.929
