7450-988987
OS REV: 1.05 Sensor Cal: 1620327161
Time (sec),  BV (Volts),  T (deg C),  DO (mg/l),  Q ()
1705084080,+3.46,+26.084, +0.054,+0.929
1705084140,+3.46,+26.084, +0.055,+0.929
1705084200,+3.46,+26.059, +0.054,+0.929
1705084260,+3.46,+26.076, +0.054,+0.929
1705084320,+3.46,+26.084, +0.055,+0.929
1705084380,+3.46,+26.093, +0.054,+0.929
1705084440,+3.46,+26.084, +0.054,+0.929
1705084500,+3.46,+26.084, +0.054,+0.929
1705084560,+3.46,+26.084, +0.055,+0.929
1705084620,+3.46,+26.084, +0.054,+0.929
1705084680,+3.46,+26.093, +0.055,+0.929
1705084740,+3.46,+26.076, +0.055,+0.929
1705084800,+3.46,+26.109, +0.054,+0.929
1705084860,+3.46,+26.093, +0.055,+0.929
1705084920,+3.46,+26.118, +0.055,+0.929
1705084980,+3.46,+26.109, +0.055,+0.929
1705085040,+3.46,+26.101, +0.055,+0.929
1705085100,+3.46,+26.118, +0.054,+0.929
1705085160,+3.46,+26.101, +0.056,+0.929
1705085220,+3.46,+26.135, +0.055,+0.929
1705085280,+3.46,+26.126, +0.055,+0.929
1705085340,+3.46,+26.143, +0.055,+0.929
1705085400,+3.46,+26.152, +0.055,+0.929
1705085460,+3.46,+26.160, +0.055,+0.929
1705085520,+3.46,+26.143, +0.055,+0.929
1705085580,+3.46,+26.169, +0.055,+0.929
1705085640,+3.46,+26.177, +0.055,+0.929
1705085700,+3.46,+26.160, +0.055,+0.929
1705085760,+3.46,+26.152, +0.055,+0.929
1705085820,+3.46,+26.177, +0.055,+0.929
1705085880,+3.46,+26.177, +0.055,+0.929
1705085940,+3.46,+26.169, +0.055,+0.929
1705086000,+3.46,+26.185, +0.055,+0.929
1705086060,+3.46,+26.202, +0.054,+0.929
1705086120,+3.46,+26.169, +0.055,+0.929
1705086180,+3.46,+26.177, +0.055,+0.929
1705086240,+3.46,+26.194, +0.055,+0.929
1705086300,+3.46,+26.194, +0.055,+0.929
1705086360,+3.46,+26.194, +0.055,+0.929
1705086420,+3.46,+26.202, +0.055,+0.929
1705086480,+3.46,+26.202, +0.055,+0.929
1705086540,+3.46,+26.202, +0.055,+0.929
1705086600,+3.46,+26.202, +0.054,+0.929
1705086660,+3.46,+26.185, +0.054,+0.929
1705086720,+3.46,+26.202, +0.055,+0.929
1705086780,+3.46,+26.194, +0.055,+0.929
1705086840,+3.46,+26.185, +0.055,+0.929
1705086900,+3.46,+26.202, +0.054,+0.929
1705086960,+3.46,+26.211, +0.055,+0.929
1705087020,+3.46,+26.211, +0.055,+0.929
1705087080,+3.46,+26.219, +0.055,+0.929
1705087140,+3.46,+26.219, +0.055,+0.929
1705087200,+3.46,+26.202, +0.055,+0.929
1705087260,+3.46,+26.219, +0.055,+0.929
1705087320,+3.46,+26.219, +0.055,+0.929
1705087380,+3.46,+26.202, +0.055,+0.929
1705087440,+3.46,+26.219, +0.055,+0.929
1705087500,+3.46,+26.211, +0.055,+0.929
1705087560,+3.46,+26.219, +0.055,+0.929
1705087620,+3.46,+26.228, +0.055,+0.929
1705087680,+3.46,+26.228, +0.055,+0.929
1705087740,+3.46,+26.236, +0.055,+0.929
1705087800,+3.46,+26.228, +0.054,+0.929
1705087860,+3.46,+26.228, +0.055,+0.929
1705087920,+3.46,+26.236, +0.055,+0.929
1705087980,+3.46,+26.228, +0.055,+0.929
1705088040,+3.46,+26.245, +0.055,+0.929
1705088100,+3.46,+26.236, +0.055,+0.929
1705088160,+3.46,+26.228, +0.055,+0.929
1705088220,+3.46,+26.211, +0.055,+0.929
1705088280,+3.46,+26.219, +0.055,+0.929
1705088340,+3.46,+26.245, +0.055,+0.929
1705088400,+3.46,+26.228, +0.055,+0.929
1705088460,+3.46,+26.236, +0.055,+0.929
1705088520,+3.46,+26.236, +0.055,+0.929
1705088580,+3.46,+26.253, +0.055,+0.929
1705088640,+3.46,+26.228, +0.055,+0.929
1705088700,+3.46,+26.245, +0.055,+0.929
1705088760,+3.46,+26.228, +0.055,+0.929
1705088820,+3.46,+26.228, +0.056,+0.929
1705088880,+3.46,+26.245, +0.055,+0.929
1705088940,+3.46,+26.211, +0.055,+0.929
1705089000,+3.46,+26.245, +0.055,+0.929
1705089060,+3.46,+26.236, +0.055,+0.929
1705089120,+3.46,+26.261, +0.060,+0.929
1705089180,+3.46,+26.253, +0.055,+0.929
1705089240,+3.46,+26.270, +0.055,+0.929
1705089300,+3.46,+26.253, +0.055,+0.929
1705089360,+3.46,+26.253, +0.055,+0.929
1705089420,+3.46,+26.253, +0.055,+0.929
1705089480,+3.46,+26.236, +0.055,+0.929
1705089540,+3.46,+26.245, +0.055,+0.929
1705089600,+3.46,+26.253, +0.055,+0.929
1705089660,+3.46,+26.245, +0.055,+0.929
1705089720,+3.46,+26.236, +0.055,+0.929
1705089780,+3.46,+26.228, +0.055,+0.929
1705089840,+3.46,+26.219, +0.055,+0.929
1705089900,+3.46,+26.219, +0.055,+0.929
1705089960,+3.46,+26.236, +0.055,+0.929
1705090020,+3.46,+26.245, +0.055,+0.929
1705090080,+3.46,+26.228, +0.055,+0.929
1705090140,+3.46,+26.228, +0.055,+0.929
1705090200,+3.46,+26.245, +0.054,+0.929
1705090260,+3.46,+26.236, +0.055,+0.929
1705090320,+3.46,+26.219, +0.055,+0.929
1705090380,+3.46,+26.236, +0.055,+0.929
1705090440,+3.46,+26.211, +0.055,+0.929
1705090500,+3.46,+26.211, +0.055,+0.929
1705090560,+3.46,+26.228, +0.055,+0.929
1705090620,+3.46,+26.211, +0.055,+0.929
1705090680,+3.46,+26.202, +0.055,+0.929
1705090740,+3.46,+26.219, +0.055,+0.929
1705090800,+3.46,+26.202, +0.055,+0.929
1705090860,+3.46,+26.202, +0.055,+0.929
1705090920,+3.46,+26.194, +0.055,+0.929
1705090980,+3.46,+26.202, +0.055,+0.929
1705091040,+3.46,+26.194, +0.055,+0.929
1705091100,+3.46,+26.202, +0.055,+0.929
1705091160,+3.46,+26.202, +0.055,+0.929
1705091220,+3.46,+26.185, +0.055,+0.929
1705091280,+3.46,+26.211, +0.055,+0.929
1705091340,+3.46,+26.194, +0.055,+0.929
1705091400,+3.46,+26.211, +0.054,+0.929
1705091460,+3.46,+26.202, +0.056,+0.929
1705091520,+3.46,+26.211, +0.055,+0.929
1705091580,+3.46,+26.211, +0.055,+0.930
1705091640,+3.46,+26.194, +0.055,+0.929
1705091700,+3.46,+26.202, +0.055,+0.929
1705091760,+3.46,+26.194, +0.055,+0.929
1705091820,+3.46,+26.185, +0.055,+0.929
1705091880,+3.46,+26.169, +0.056,+0.929
1705091940,+3.46,+26.177, +0.055,+0.929
1705092000,+3.46,+26.177, +0.055,+0.929
1705092060,+3.46,+26.177, +0.055,+0.929
1705092120,+3.46,+26.177, +0.055,+0.929
1705092180,+3.46,+26.169, +0.055,+0.929
1705092240,+3.46,+26.185, +0.056,+0.930
1705092300,+3.46,+26.177, +0.055,+0.929
1705092360,+3.46,+26.177, +0.056,+0.929
1705092420,+3.46,+26.160, +0.055,+0.929
1705092480,+3.46,+26.169, +0.055,+0.930
1705092540,+3.46,+26.160, +0.055,+0.929
1705092600,+3.46,+26.152, +0.055,+0.930
1705092660,+3.46,+26.152, +0.055,+0.929
1705092720,+3.46,+26.152, +0.055,+0.929
1705092780,+3.46,+26.160, +0.055,+0.929
1705092840,+3.46,+26.143, +0.055,+0.929
1705092900,+3.46,+26.135, +0.055,+0.930
1705092960,+3.46,+26.152, +0.055,+0.929
1705093020,+3.46,+26.135, +0.055,+0.930
1705093080,+3.46,+26.135, +0.055,+0.929
1705093140,+3.46,+26.126, +0.055,+0.929
1705093200,+3.46,+26.118, +0.055,+0.930
1705093260,+3.46,+26.126, +0.055,+0.930
1705093320,+3.46,+26.109, +0.055,+0.930
1705093380,+3.46,+26.118, +0.055,+0.929
1705093440,+3.46,+26.143, +0.055,+0.930
1705093500,+3.46,+26.118, +0.056,+0.930
1705093560,+3.46,+26.126, +0.055,+0.930
1705093620,+3.46,+26.126, +0.055,+0.929
1705093680,+3.46,+26.135, +0.055,+0.930
1705093740,+3.46,+26.118, +0.056,+0.929
1705093800,+3.46,+26.143, +0.055,+0.929
1705093860,+3.46,+26.135, +0.055,+0.929
1705093920,+3.46,+26.118, +0.055,+0.929
1705093980,+3.46,+26.126, +0.055,+0.929
1705094040,+3.46,+26.118, +0.056,+0.930
1705094100,+3.46,+26.109, +0.055,+0.929
1705094160,+3.46,+26.101, +0.055,+0.929
1705094220,+3.46,+26.109, +0.055,+0.930
1705094280,+3.46,+26.093, +0.055,+0.930
1705094340,+3.46,+26.101, +0.055,+0.929
1705094400,+3.46,+26.109, +0.054,+0.929
1705094460,+3.46,+26.084, +0.056,+0.930
1705094520,+3.46,+26.093, +0.055,+0.930
1705094580,+3.46,+26.084, +0.055,+0.929
1705094640,+3.46,+26.093, +0.056,+0.930
1705094700,+3.46,+26.093, +0.055,+0.930
1705094760,+3.46,+26.067, +0.055,+0.930
1705094820,+3.46,+26.076, +0.056,+0.930
1705094880,+3.46,+26.084, +0.055,+0.930
1705094940,+3.46,+26.050, +0.055,+0.930
1705095000,+3.46,+26.042, +0.056,+0.930
1705095060,+3.46,+26.050, +0.055,+0.930
1705095120,+3.46,+26.042, +0.055,+0.930
1705095180,+3.46,+26.025, +0.058,+0.930
1705095240,+3.46,+26.033, +0.057,+0.930
1705095300,+3.46,+26.059, +0.056,+0.930
1705095360,+3.46,+26.008, +0.059,+0.930
1705095420,+3.46,+26.025, +0.060,+0.930
1705095480,+3.46,+26.017, +0.058,+0.930
1705095540,+3.46,+26.017, +0.057,+0.930
1705095600,+3.46,+26.008, +0.059,+0.930
1705095660,+3.46,+26.017, +0.060,+0.930
1705095720,+3.46,+26.025, +0.059,+0.930
1705095780,+3.46,+26.008, +0.060,+0.930
1705095840,+3.46,+25.991, +0.061,+0.930
1705095900,+3.46,+25.991, +0.060,+0.930
1705095960,+3.46,+25.991, +0.057,+0.930
1705096020,+3.46,+25.983, +0.056,+0.930
1705096080,+3.46,+25.983, +0.059,+0.930
1705096140,+3.46,+25.983, +0.062,+0.930
1705096200,+3.46,+25.966, +0.061,+0.930
1705096260,+3.46,+25.974, +0.059,+0.930
1705096320,+3.46,+25.983, +0.057,+0.930
1705096380,+3.46,+25.966, +0.056,+0.930
1705096440,+3.46,+25.966, +0.059,+0.930
1705096500,+3.46,+25.932, +0.059,+0.930
1705096560,+3.46,+25.949, +0.060,+0.930
1705096620,+3.46,+25.949, +0.057,+0.930
1705096680,+3.46,+25.941, +0.057,+0.930
1705096740,+3.46,+25.958, +0.113,+0.932
1705096800,+3.46,+25.949, +0.133,+0.932
1705096860,+3.46,+25.924, +0.064,+0.930
1705096920,+3.46,+25.924, +0.058,+0.930
1705096980,+3.46,+25.932, +0.059,+0.930
1705097040,+3.46,+25.932, +0.058,+0.930
1705097100,+3.46,+25.907, +0.056,+0.930
1705097160,+3.46,+25.924, +0.058,+0.930
1705097220,+3.46,+25.907, +0.056,+0.930
1705097280,+3.46,+25.898, +0.056,+0.930
1705097340,+3.46,+25.898, +0.061,+0.930
1705097400,+3.46,+25.898, +0.058,+0.930
1705097460,+3.46,+25.898, +0.070,+0.930
1705097520,+3.46,+25.898, +0.056,+0.930
1705097580,+3.46,+25.890, +0.056,+0.930
1705097640,+3.46,+25.898, +0.056,+0.930
1705097700,+3.46,+25.890, +0.056,+0.930
1705097760,+3.46,+25.890, +0.056,+0.930
1705097820,+3.46,+25.882, +0.055,+0.930
1705097880,+3.46,+25.898, +0.060,+0.930
1705097940,+3.46,+25.890, +0.056,+0.930
1705098000,+3.46,+25.882, +0.055,+0.930
1705098060,+3.46,+25.873, +0.056,+0.930
1705098120,+3.46,+25.873, +0.056,+0.930
1705098180,+3.46,+25.873, +0.055,+0.930
1705098240,+3.46,+25.865, +0.055,+0.930
1705098300,+3.46,+25.865, +0.056,+0.930
1705098360,+3.46,+25.856, +0.055,+0.930
1705098420,+3.46,+25.873, +0.055,+0.930
1705098480,+3.46,+25.856, +0.055,+0.930
1705098540,+3.46,+25.831, +0.061,+0.930
1705098600,+3.46,+25.856, +0.056,+0.930
1705098660,+3.46,+25.848, +0.055,+0.930
1705098720,+3.46,+25.831, +0.055,+0.930
1705098780,+3.46,+25.839, +0.055,+0.930
1705098840,+3.46,+25.839, +0.055,+0.930
1705098900,+3.46,+25.831, +0.055,+0.930
1705098960,+3.46,+25.839, +0.055,+0.930
1705099020,+3.46,+25.831, +0.055,+0.930
1705099080,+3.46,+25.823, +0.055,+0.930
1705099140,+3.46,+25.814, +0.056,+0.930
1705099200,+3.46,+25.823, +0.055,+0.930
1705099260,+3.46,+25.823, +0.055,+0.930
1705099320,+3.46,+25.814, +0.055,+0.930
1705099380,+3.46,+25.806, +0.055,+0.930
1705099440,+3.46,+25.806, +0.056,+0.930
1705099500,+3.46,+25.797, +0.055,+0.930
1705099560,+3.46,+25.789, +0.055,+0.930
1705099620,+3.46,+25.780, +0.055,+0.930
1705099680,+3.46,+25.797, +0.055,+0.930
1705099740,+3.46,+25.797, +0.056,+0.930
1705099800,+3.46,+25.806, +0.055,+0.930
1705099860,+3.46,+25.797, +0.055,+0.930
1705099920,+3.46,+25.789, +0.055,+0.930
1705099980,+3.46,+25.789, +0.055,+0.930
1705100040,+3.46,+25.780, +0.055,+0.930
1705100100,+3.46,+25.789, +0.055,+0.930
1705100160,+3.46,+25.789, +0.055,+0.930
1705100220,+3.46,+25.789, +0.055,+0.930
1705100280,+3.46,+25.772, +0.055,+0.930
1705100340,+3.46,+25.772, +0.056,+0.930
1705100400,+3.46,+25.772, +0.055,+0.930
1705100460,+3.46,+25.772, +0.054,+0.930
1705100520,+3.46,+25.764, +0.055,+0.930
1705100580,+3.46,+25.764, +0.054,+0.930
1705100640,+3.46,+25.747, +0.055,+0.930
1705100700,+3.46,+25.747, +0.055,+0.930
1705100760,+3.46,+25.747, +0.055,+0.930
1705100820,+3.46,+25.755, +0.055,+0.930
1705100880,+3.46,+25.755, +0.055,+0.930
1705100940,+3.46,+25.755, +0.055,+0.930
1705101000,+3.46,+25.747, +0.054,+0.929
1705101060,+3.46,+25.755, +0.055,+0.930
1705101120,+3.46,+25.755, +0.055,+0.930
1705101180,+3.46,+25.730, +0.055,+0.930
1705101240,+3.46,+25.747, +0.055,+0.930
1705101300,+3.46,+25.738, +0.056,+0.930
1705101360,+3.46,+25.755, +0.055,+0.930
1705101420,+3.46,+25.713, +0.055,+0.930
1705101480,+3.46,+25.755, +0.055,+0.930
1705101540,+3.46,+25.738, +0.056,+0.930
1705101600,+3.46,+25.755, +0.056,+0.930
1705101660,+3.46,+25.747, +0.055,+0.930
1705101720,+3.46,+25.747, +0.055,+0.930
1705101780,+3.46,+25.738, +0.055,+0.930
1705101840,+3.46,+25.738, +0.055,+0.930
1705101900,+3.46,+25.747, +0.055,+0.930
1705101960,+3.46,+25.738, +0.055,+0.930
1705102020,+3.46,+25.713, +0.055,+0.930
1705102080,+3.46,+25.721, +0.055,+0.930
1705102140,+3.46,+25.730, +0.055,+0.930
1705102200,+3.46,+25.713, +0.055,+0.930
1705102260,+3.46,+25.705, +0.056,+0.930
1705102320,+3.46,+25.713, +0.056,+0.930
1705102380,+3.46,+25.730, +0.054,+0.929
1705102440,+3.46,+25.705, +0.055,+0.930
1705102500,+3.46,+25.713, +0.055,+0.930
1705102560,+3.46,+25.721, +0.055,+0.930
1705102620,+3.46,+25.705, +0.055,+0.930
1705102680,+3.46,+25.721, +0.055,+0.930
1705102740,+3.46,+25.705, +0.055,+0.930
1705102800,+3.46,+25.696, +0.055,+0.930
1705102860,+3.46,+25.679, +0.055,+0.930
1705102920,+3.46,+25.679, +0.055,+0.930
1705102980,+3.46,+25.679, +0.055,+0.930
1705103040,+3.46,+25.679, +0.055,+0.930
1705103100,+3.46,+25.688, +0.055,+0.930
1705103160,+3.46,+25.679, +0.055,+0.930
1705103220,+3.46,+25.671, +0.055,+0.930
1705103280,+3.46,+25.671, +0.055,+0.930
1705103340,+3.46,+25.688, +0.055,+0.930
1705103400,+3.46,+25.671, +0.055,+0.930
1705103460,+3.46,+25.662, +0.055,+0.930
1705103520,+3.46,+25.671, +0.055,+0.930
1705103580,+3.46,+25.671, +0.054,+0.930
1705103640,+3.46,+25.662, +0.055,+0.930
1705103700,+3.46,+25.654, +0.056,+0.930
1705103760,+3.46,+25.662, +0.055,+0.930
1705103820,+3.46,+25.646, +0.055,+0.930
1705103880,+3.46,+25.646, +0.059,+0.930
1705103940,+3.46,+25.629, +0.056,+0.930
1705104000,+3.46,+25.654, +0.055,+0.930
1705104060,+3.46,+25.637, +0.054,+0.930
1705104120,+3.46,+25.637, +0.054,+0.930
1705104180,+3.46,+25.654, +0.055,+0.930
1705104240,+3.46,+25.654, +0.055,+0.930
1705104300,+3.46,+25.646, +0.054,+0.930
1705104360,+3.46,+25.646, +0.055,+0.930
1705104420,+3.46,+25.620, +0.054,+0.930
1705104480,+3.46,+25.603, +0.055,+0.930
1705104540,+3.46,+25.612, +0.054,+0.930
1705104600,+3.46,+25.612, +0.054,+0.930
1705104660,+3.46,+25.612, +0.055,+0.930
1705104720,+3.46,+25.587, +0.055,+0.930
1705104780,+3.46,+25.603, +0.055,+0.930
1705104840,+3.46,+25.595, +0.065,+0.930
1705104900,+3.46,+25.603, +0.055,+0.930
1705104960,+3.46,+25.603, +0.055,+0.930
1705105020,+3.46,+25.620, +0.055,+0.930
1705105080,+3.46,+25.595, +0.054,+0.930
1705105140,+3.47,+25.587, +0.055,+0.930
1705105200,+3.46,+25.587, +0.054,+0.930
1705105260,+3.46,+25.587, +0.055,+0.930
1705105320,+3.46,+25.578, +0.055,+0.930
1705105380,+3.46,+25.587, +0.055,+0.930
1705105440,+3.46,+25.595, +0.055,+0.930
1705105500,+3.46,+25.587, +0.055,+0.930
1705105560,+3.46,+25.561, +0.055,+0.930
1705105620,+3.47,+25.578, +0.055,+0.930
1705105680,+3.46,+25.570, +0.055,+0.930
1705105740,+3.46,+25.570, +0.055,+0.930
1705105800,+3.46,+25.561, +0.055,+0.930
1705105860,+3.46,+25.561, +0.055,+0.930
1705105920,+3.47,+25.561, +0.055,+0.930
1705105980,+3.46,+25.561, +0.055,+0.930
1705106040,+3.47,+25.553, +0.055,+0.930
1705106100,+3.47,+25.544, +0.054,+0.930
1705106160,+3.47,+25.544, +0.055,+0.930
1705106220,+3.47,+25.536, +0.055,+0.930
1705106280,+3.46,+25.536, +0.055,+0.930
1705106340,+3.46,+25.553, +0.054,+0.929
1705106400,+3.46,+25.536, +0.055,+0.930
1705106460,+3.46,+25.536, +0.055,+0.930
1705106520,+3.46,+25.536, +0.055,+0.930
1705106580,+3.46,+25.536, +0.055,+0.930
1705106640,+3.46,+25.528, +0.055,+0.930
1705106700,+3.46,+25.528, +0.055,+0.930
1705106760,+3.46,+25.528, +0.055,+0.930
1705106820,+3.46,+25.528, +0.054,+0.930
1705106880,+3.46,+25.519, +0.055,+0.930
1705106940,+3.46,+25.519, +0.054,+0.930
1705107000,+3.47,+25.519, +0.054,+0.930
1705107060,+3.46,+25.519, +0.054,+0.930
1705107120,+3.46,+25.511, +0.055,+0.930
1705107180,+3.46,+25.511, +0.055,+0.930
1705107240,+3.46,+25.519, +0.055,+0.930
1705107300,+3.46,+25.502, +0.055,+0.930
1705107360,+3.46,+25.511, +0.055,+0.930
1705107420,+3.46,+25.502, +0.055,+0.930
1705107480,+3.47,+25.511, +0.055,+0.930
1705107540,+3.46,+25.519, +0.055,+0.930
1705107600,+3.46,+25.502, +0.055,+0.930
1705107660,+3.46,+25.511, +0.055,+0.930
1705107720,+3.46,+25.519, +0.054,+0.930
1705107780,+3.46,+25.511, +0.054,+0.930
1705107840,+3.46,+25.502, +0.055,+0.930
1705107900,+3.46,+25.502, +0.055,+0.930
1705107960,+3.46,+25.502, +0.055,+0.930
1705108020,+3.46,+25.485, +0.055,+0.930
1705108080,+3.46,+25.494, +0.055,+0.930
1705108140,+3.46,+25.502, +0.054,+0.930
1705108200,+3.46,+25.494, +0.055,+0.930
1705108260,+3.46,+25.485, +0.055,+0.930
1705108320,+3.46,+25.485, +0.055,+0.930
1705108380,+3.46,+25.502, +0.055,+0.930
1705108440,+3.47,+25.494, +0.055,+0.930
1705108500,+3.46,+25.485, +0.055,+0.930
1705108560,+3.46,+25.494, +0.054,+0.930
1705108620,+3.47,+25.485, +0.055,+0.930
1705108680,+3.46,+25.485, +0.054,+0.930
1705108740,+3.46,+25.494, +0.054,+0.930
1705108800,+3.46,+25.485, +0.054,+0.930
1705108860,+3.46,+25.494, +0.055,+0.930
1705108920,+3.46,+25.485, +0.054,+0.930
1705108980,+3.46,+25.469, +0.055,+0.930
1705109040,+3.46,+25.477, +0.055,+0.930
1705109100,+3.46,+25.469, +0.055,+0.930
1705109160,+3.46,+25.477, +0.054,+0.930
1705109220,+3.46,+25.485, +0.055,+0.930
1705109280,+3.46,+25.469, +0.055,+0.930
1705109340,+3.46,+25.452, +0.055,+0.930
1705109400,+3.46,+25.460, +0.055,+0.930
1705109460,+3.46,+25.469, +0.055,+0.930
1705109520,+3.46,+25.460, +0.054,+0.930
1705109580,+3.46,+25.460, +0.054,+0.930
1705109640,+3.46,+25.469, +0.055,+0.930
1705109700,+3.46,+25.460, +0.055,+0.930
1705109760,+3.46,+25.452, +0.054,+0.930
1705109820,+3.46,+25.460, +0.054,+0.930
1705109880,+3.46,+25.443, +0.055,+0.930
1705109940,+3.46,+25.469, +0.055,+0.930
1705110000,+3.46,+25.469, +0.054,+0.930
1705110060,+3.46,+25.443, +0.055,+0.930
1705110120,+3.46,+25.452, +0.054,+0.930
1705110180,+3.46,+25.460, +0.054,+0.930
1705110240,+3.46,+25.452, +0.055,+0.930
1705110300,+3.46,+25.427, +0.055,+0.930
1705110360,+3.46,+25.452, +0.055,+0.930
1705110420,+3.46,+25.435, +0.055,+0.930
1705110480,+3.46,+25.443, +0.054,+0.930
1705110540,+3.46,+25.452, +0.054,+0.930
1705110600,+3.46,+25.452, +0.054,+0.930
1705110660,+3.46,+25.452, +0.054,+0.930
1705110720,+3.46,+25.452, +0.054,+0.930
1705110780,+3.46,+25.443, +0.054,+0.930
1705110840,+3.46,+25.435, +0.055,+0.930
1705110900,+3.46,+25.452, +0.054,+0.930
1705110960,+3.46,+25.452, +0.054,+0.930
1705111020,+3.46,+25.443, +0.054,+0.930
1705111080,+3.46,+25.443, +0.055,+0.930
1705111140,+3.46,+25.443, +0.054,+0.930
1705111200,+3.46,+25.435, +0.054,+0.930
1705111260,+3.46,+25.452, +0.054,+0.930
1705111320,+3.46,+25.452, +0.055,+0.930
1705111380,+3.46,+25.435, +0.054,+0.930
1705111440,+3.46,+25.443, +0.055,+0.930
1705111500,+3.46,+25.443, +0.054,+0.930
1705111560,+3.46,+25.443, +0.054,+0.930
1705111620,+3.46,+25.443, +0.055,+0.930
1705111680,+3.46,+25.460, +0.054,+0.930
1705111740,+3.46,+25.427, +0.055,+0.930
1705111800,+3.46,+25.427, +0.055,+0.930
1705111860,+3.46,+25.443, +0.055,+0.930
1705111920,+3.46,+25.427, +0.055,+0.930
1705111980,+3.46,+25.435, +0.055,+0.930
1705112040,+3.46,+25.460, +0.055,+0.930
1705112100,+3.46,+25.452, +0.055,+0.930
1705112160,+3.46,+25.443, +0.055,+0.930
1705112220,+3.46,+25.427, +0.054,+0.930
1705112280,+3.46,+25.427, +0.055,+0.930
1705112340,+3.46,+25.427, +0.054,+0.930
1705112400,+3.46,+25.427, +0.054,+0.930
1705112460,+3.46,+25.435, +0.054,+0.930
1705112520,+3.46,+25.427, +0.054,+0.930
1705112580,+3.46,+25.427, +0.054,+0.930
1705112640,+3.46,+25.435, +0.055,+0.930
1705112700,+3.46,+25.418, +0.055,+0.930
1705112760,+3.46,+25.418, +0.055,+0.930
1705112820,+3.46,+25.418, +0.055,+0.930
1705112880,+3.46,+25.410, +0.055,+0.930
1705112940,+3.46,+25.410, +0.055,+0.930
1705113000,+3.46,+25.410, +0.054,+0.930
1705113060,+3.46,+25.418, +0.055,+0.930
1705113120,+3.46,+25.418, +0.054,+0.930
1705113180,+3.46,+25.401, +0.055,+0.930
1705113240,+3.46,+25.427, +0.054,+0.930
1705113300,+3.46,+25.418, +0.054,+0.930
1705113360,+3.46,+25.418, +0.055,+0.930
1705113420,+3.46,+25.410, +0.055,+0.930
1705113480,+3.46,+25.401, +0.055,+0.930
1705113540,+3.46,+25.410, +0.054,+0.930
1705113600,+3.46,+25.410, +0.054,+0.930
1705113660,+3.46,+25.393, +0.055,+0.930
1705113720,+3.46,+25.410, +0.054,+0.930
1705113780,+3.46,+25.410, +0.055,+0.930
1705113840,+3.46,+25.401, +0.055,+0.930
1705113900,+3.46,+25.401, +0.054,+0.930
1705113960,+3.46,+25.410, +0.054,+0.930
1705114020,+3.46,+25.410, +0.054,+0.930
1705114080,+3.46,+25.401, +0.055,+0.930
1705114140,+3.46,+25.418, +0.054,+0.930
1705114200,+3.46,+25.410, +0.055,+0.930
1705114260,+3.46,+25.410, +0.054,+0.930
1705114320,+3.46,+25.418, +0.055,+0.930
1705114380,+3.46,+25.418, +0.054,+0.930
1705114440,+3.46,+25.410, +0.054,+0.930
1705114500,+3.46,+25.410, +0.055,+0.930
1705114560,+3.46,+25.410, +0.054,+0.930
1705114620,+3.46,+25.401, +0.054,+0.930
1705114680,+3.46,+25.393, +0.054,+0.930
1705114740,+3.46,+25.401, +0.055,+0.930
1705114800,+3.46,+25.393, +0.054,+0.930
1705114860,+3.46,+25.410, +0.054,+0.930
1705114920,+3.46,+25.376, +0.055,+0.930
1705114980,+3.46,+25.393, +0.054,+0.930
1705115040,+3.46,+25.384, +0.054,+0.930
1705115100,+3.46,+25.393, +0.054,+0.930
1705115160,+3.46,+25.384, +0.055,+0.930
1705115220,+3.46,+25.384, +0.055,+0.930
1705115280,+3.46,+25.376, +0.054,+0.930
1705115340,+3.46,+25.376, +0.054,+0.930
1705115400,+3.46,+25.359, +0.054,+0.930
1705115460,+3.46,+25.359, +0.055,+0.930
1705115520,+3.46,+25.368, +0.054,+0.930
1705115580,+3.46,+25.368, +0.054,+0.930
1705115640,+3.46,+25.376, +0.055,+0.930
1705115700,+3.46,+25.368, +0.055,+0.930
1705115760,+3.46,+25.368, +0.055,+0.930
1705115820,+3.46,+25.368, +0.055,+0.930
1705115880,+3.46,+25.376, +0.054,+0.930
1705115940,+3.46,+25.376, +0.055,+0.930
1705116000,+3.46,+25.368, +0.054,+0.930
1705116060,+3.46,+25.359, +0.055,+0.930
1705116120,+3.46,+25.376, +0.055,+0.930
1705116180,+3.46,+25.368, +0.055,+0.930
1705116240,+3.46,+25.368, +0.055,+0.930
1705116300,+3.46,+25.359, +0.055,+0.930
1705116360,+3.46,+25.351, +0.055,+0.930
1705116420,+3.46,+25.368, +0.055,+0.930
1705116480,+3.46,+25.351, +0.055,+0.930
1705116540,+3.46,+25.359, +0.055,+0.930
1705116600,+3.46,+25.359, +0.054,+0.930
1705116660,+3.46,+25.359, +0.055,+0.930
1705116720,+3.46,+25.351, +0.054,+0.930
1705116780,+3.46,+25.359, +0.054,+0.930
1705116840,+3.46,+25.359, +0.054,+0.930
1705116900,+3.46,+25.342, +0.054,+0.930
1705116960,+3.46,+25.342, +0.054,+0.930
1705117020,+3.46,+25.351, +0.054,+0.930
1705117080,+3.46,+25.351, +0.054,+0.930
1705117140,+3.46,+25.334, +0.055,+0.930
1705117200,+3.46,+25.342, +0.055,+0.930
1705117260,+3.46,+25.351, +0.054,+0.930
1705117320,+3.46,+25.334, +0.055,+0.930
1705117380,+3.46,+25.334, +0.055,+0.930
1705117440,+3.46,+25.326, +0.070,+0.930
1705117500,+3.46,+25.326, +0.055,+0.930
1705117560,+3.46,+25.334, +0.055,+0.930
1705117620,+3.46,+25.334, +0.054,+0.930
1705117680,+3.46,+25.326, +0.054,+0.930
1705117740,+3.46,+25.326, +0.054,+0.929
1705117800,+3.46,+25.326, +0.054,+0.930
1705117860,+3.46,+25.326, +0.055,+0.930
1705117920,+3.46,+25.326, +0.055,+0.930
1705117980,+3.46,+25.309, +0.055,+0.930
1705118040,+3.46,+25.326, +0.055,+0.930
1705118100,+3.46,+25.326, +0.054,+0.930
1705118160,+3.46,+25.317, +0.055,+0.930
1705118220,+3.46,+25.334, +0.055,+0.930
1705118280,+3.46,+25.326, +0.055,+0.930
1705118340,+3.46,+25.317, +0.055,+0.930
1705118400,+3.46,+25.326, +0.054,+0.930
1705118460,+3.46,+25.317, +0.055,+0.930
1705118520,+3.46,+25.317, +0.054,+0.930
1705118580,+3.46,+25.309, +0.054,+0.930
1705118640,+3.46,+25.309, +0.055,+0.930
1705118700,+3.46,+25.309, +0.054,+0.930
1705118760,+3.46,+25.300, +0.055,+0.930
1705118820,+3.46,+25.300, +0.054,+0.930
1705118880,+3.46,+25.309, +0.054,+0.930
1705118940,+3.46,+25.292, +0.054,+0.930
1705119000,+3.46,+25.309, +0.055,+0.930
1705119060,+3.46,+25.283, +0.055,+0.930
1705119120,+3.46,+25.309, +0.054,+0.930
1705119180,+3.46,+25.300, +0.055,+0.930
1705119240,+3.46,+25.309, +0.055,+0.930
1705119300,+3.46,+25.300, +0.055,+0.930
1705119360,+3.46,+25.292, +0.054,+0.930
1705119420,+3.46,+25.292, +0.054,+0.930
1705119480,+3.46,+25.300, +0.054,+0.930
1705119540,+3.46,+25.283, +0.055,+0.930
1705119600,+3.46,+25.292, +0.055,+0.930
1705119660,+3.46,+25.283, +0.055,+0.930
1705119720,+3.46,+25.275, +0.055,+0.930
1705119780,+3.46,+25.283, +0.054,+0.930
1705119840,+3.46,+25.292, +0.054,+0.930
1705119900,+3.46,+25.292, +0.055,+0.930
1705119960,+3.46,+25.275, +0.055,+0.930
1705120020,+3.46,+25.283, +0.054,+0.930
1705120080,+3.46,+25.258, +0.054,+0.930
1705120140,+3.46,+25.267, +0.055,+0.930
1705120200,+3.46,+25.258, +0.054,+0.930
1705120260,+3.46,+25.275, +0.055,+0.930
1705120320,+3.46,+25.258, +0.054,+0.930
1705120380,+3.46,+25.258, +0.055,+0.930
1705120440,+3.46,+25.275, +0.054,+0.930
1705120500,+3.46,+25.267, +0.054,+0.930
1705120560,+3.46,+25.275, +0.056,+0.930
1705120620,+3.46,+25.275, +0.055,+0.930
1705120680,+3.46,+25.258, +0.055,+0.930
1705120740,+3.46,+25.267, +0.056,+0.930
1705120800,+3.46,+25.283, +0.055,+0.930
1705120860,+3.46,+25.267, +0.055,+0.930
1705120920,+3.46,+25.250, +0.054,+0.930
1705120980,+3.46,+25.275, +0.054,+0.930
1705121040,+3.46,+25.275, +0.055,+0.930
1705121100,+3.46,+25.258, +0.054,+0.930
1705121160,+3.46,+25.250, +0.055,+0.930
1705121220,+3.46,+25.267, +0.055,+0.930
1705121280,+3.46,+25.250, +0.054,+0.930
1705121340,+3.46,+25.250, +0.054,+0.930
1705121400,+3.46,+25.250, +0.054,+0.930
1705121460,+3.46,+25.250, +0.055,+0.930
1705121520,+3.46,+25.241, +0.054,+0.930
1705121580,+3.46,+25.258, +0.054,+0.930
1705121640,+3.46,+25.241, +0.054,+0.930
1705121700,+3.46,+25.233, +0.054,+0.930
1705121760,+3.46,+25.233, +0.054,+0.930
1705121820,+3.46,+25.233, +0.055,+0.930
1705121880,+3.46,+25.216, +0.054,+0.930
1705121940,+3.46,+25.233, +0.054,+0.930
1705122000,+3.46,+25.241, +0.055,+0.930
1705122060,+3.46,+25.225, +0.055,+0.930
1705122120,+3.46,+25.233, +0.054,+0.930
1705122180,+3.46,+25.225, +0.055,+0.930
1705122240,+3.46,+25.250, +0.054,+0.930
1705122300,+3.46,+25.241, +0.054,+0.930
1705122360,+3.46,+25.225, +0.054,+0.930
1705122420,+3.46,+25.225, +0.054,+0.930
1705122480,+3.46,+25.250, +0.055,+0.930
1705122540,+3.46,+25.225, +0.063,+0.930
1705122600,+3.46,+25.225, +0.055,+0.930
1705122660,+3.46,+25.216, +0.054,+0.930
1705122720,+3.46,+25.233, +0.054,+0.930
1705122780,+3.46,+25.233, +0.055,+0.930
1705122840,+3.46,+25.225, +0.055,+0.930
1705122900,+3.46,+25.208, +0.055,+0.930
1705122960,+3.46,+25.216, +0.055,+0.930
1705123020,+3.46,+25.199, +0.055,+0.930
1705123080,+3.46,+25.225, +0.053,+0.930
1705123140,+3.46,+25.208, +0.054,+0.930
1705123200,+3.46,+25.208, +0.055,+0.930
1705123260,+3.46,+25.216, +0.055,+0.930
1705123320,+3.46,+25.208, +0.054,+0.930
1705123380,+3.46,+25.216, +0.055,+0.930
1705123440,+3.46,+25.191, +0.055,+0.930
1705123500,+3.46,+25.191, +0.054,+0.930
1705123560,+3.46,+25.191, +0.054,+0.930
1705123620,+3.46,+25.208, +0.055,+0.930
1705123680,+3.46,+25.208, +0.054,+0.930
1705123740,+3.46,+25.174, +0.055,+0.930
1705123800,+3.46,+25.191, +0.054,+0.930
1705123860,+3.46,+25.208, +0.055,+0.930
1705123920,+3.46,+25.191, +0.055,+0.930
1705123980,+3.46,+25.174, +0.054,+0.930
1705124040,+3.46,+25.182, +0.055,+0.930
1705124100,+3.46,+25.182, +0.055,+0.930
1705124160,+3.46,+25.174, +0.054,+0.930
1705124220,+3.46,+25.174, +0.054,+0.930
1705124280,+3.46,+25.166, +0.054,+0.930
1705124340,+3.46,+25.157, +0.054,+0.930
1705124400,+3.46,+25.166, +0.054,+0.930
1705124460,+3.46,+25.166, +0.054,+0.930
1705124520,+3.46,+25.157, +0.054,+0.930
1705124580,+3.46,+25.149, +0.055,+0.930
1705124640,+3.46,+25.140, +0.055,+0.930
1705124700,+3.46,+25.132, +0.054,+0.930
1705124760,+3.46,+25.140, +0.054,+0.930
1705124820,+3.46,+25.149, +0.054,+0.930
1705124880,+3.46,+25.149, +0.054,+0.930
1705124940,+3.46,+25.140, +0.054,+0.930
1705125000,+3.46,+25.140, +0.055,+0.930
1705125060,+3.46,+25.166, +0.055,+0.930
1705125120,+3.46,+25.132, +0.054,+0.930
1705125180,+3.46,+25.124, +0.054,+0.930
1705125240,+3.46,+25.124, +0.054,+0.930
1705125300,+3.46,+25.132, +0.054,+0.930
1705125360,+3.46,+25.124, +0.054,+0.930
1705125420,+3.46,+25.124, +0.054,+0.930
1705125480,+3.46,+25.132, +0.054,+0.930
1705125540,+3.46,+25.124, +0.054,+0.930
1705125600,+3.46,+25.132, +0.054,+0.930
1705125660,+3.46,+25.132, +0.054,+0.930
1705125720,+3.46,+25.140, +0.054,+0.930
1705125780,+3.46,+25.132, +0.055,+0.930
1705125840,+3.46,+25.107, +0.055,+0.930
1705125900,+3.46,+25.124, +0.054,+0.930
1705125960,+3.46,+25.115, +0.055,+0.930
1705126020,+3.46,+25.124, +0.054,+0.930
1705126080,+3.46,+25.107, +0.055,+0.930
1705126140,+3.46,+25.115, +0.054,+0.930
1705126200,+3.46,+25.115, +0.054,+0.930
1705126260,+3.46,+25.132, +0.054,+0.930
1705126320,+3.46,+25.132, +0.054,+0.930
1705126380,+3.46,+25.115, +0.054,+0.930
1705126440,+3.46,+25.124, +0.054,+0.930
1705126500,+3.46,+25.132, +0.055,+0.930
1705126560,+3.46,+25.124, +0.055,+0.930
1705126620,+3.46,+25.124, +0.055,+0.930
1705126680,+3.46,+25.107, +0.054,+0.930
1705126740,+3.46,+25.140, +0.054,+0.930
1705126800,+3.46,+25.132, +0.055,+0.930
1705126860,+3.46,+25.124, +0.054,+0.930
1705126920,+3.46,+25.115, +0.054,+0.930
1705126980,+3.46,+25.107, +0.055,+0.930
1705127040,+3.46,+25.107, +0.054,+0.930
1705127100,+3.46,+25.107, +0.055,+0.930
1705127160,+3.46,+25.107, +0.054,+0.930
1705127220,+3.46,+25.132, +0.055,+0.930
1705127280,+3.46,+25.107, +0.054,+0.930
1705127340,+3.46,+25.107, +0.054,+0.930
1705127400,+3.46,+25.107, +0.054,+0.930
1705127460,+3.46,+25.115, +0.054,+0.930
1705127520,+3.46,+25.115, +0.055,+0.930
1705127580,+3.46,+25.115, +0.054,+0.930
1705127640,+3.46,+25.107, +0.054,+0.930
1705127700,+3.46,+25.098, +0.054,+0.930
1705127760,+3.46,+25.107, +0.055,+0.930
1705127820,+3.46,+25.098, +0.054,+0.930
1705127880,+3.46,+25.107, +0.055,+0.930
1705127940,+3.46,+25.107, +0.054,+0.930
1705128000,+3.46,+25.098, +0.054,+0.930
1705128060,+3.46,+25.115, +0.054,+0.930
1705128120,+3.46,+25.107, +0.054,+0.930
1705128180,+3.46,+25.098, +0.054,+0.930
1705128240,+3.46,+25.090, +0.055,+0.930
1705128300,+3.46,+25.107, +0.054,+0.930
1705128360,+3.46,+25.082, +0.054,+0.930
1705128420,+3.46,+25.090, +0.054,+0.930
1705128480,+3.46,+25.090, +0.054,+0.930
1705128540,+3.46,+25.098, +0.054,+0.930
1705128600,+3.46,+25.082, +0.054,+0.930
1705128660,+3.46,+25.090, +0.054,+0.930
1705128720,+3.46,+25.098, +0.054,+0.930
1705128780,+3.46,+25.090, +0.054,+0.930
1705128840,+3.46,+25.090, +0.054,+0.930
1705128900,+3.46,+25.082, +0.055,+0.930
1705128960,+3.46,+25.082, +0.054,+0.930
1705129020,+3.46,+25.073, +0.055,+0.930
1705129080,+3.46,+25.090, +0.055,+0.930
1705129140,+3.46,+25.082, +0.054,+0.930
1705129200,+3.46,+25.073, +0.055,+0.930
1705129260,+3.46,+25.082, +0.054,+0.930
1705129320,+3.46,+25.082, +0.054,+0.930
1705129380,+3.46,+25.082, +0.054,+0.930
1705129440,+3.46,+25.082, +0.054,+0.930
1705129500,+3.46,+25.056, +0.054,+0.930
1705129560,+3.46,+25.082, +0.054,+0.930
1705129620,+3.46,+25.056, +0.054,+0.930
1705129680,+3.46,+25.065, +0.054,+0.930
1705129740,+3.46,+25.065, +0.055,+0.930
1705129800,+3.46,+25.056, +0.054,+0.930
1705129860,+3.46,+25.065, +0.054,+0.930
1705129920,+3.46,+25.056, +0.054,+0.930
1705129980,+3.46,+25.048, +0.055,+0.930
1705130040,+3.46,+25.056, +0.055,+0.930
1705130100,+3.46,+25.048, +0.054,+0.930
1705130160,+3.46,+25.039, +0.054,+0.930
1705130220,+3.46,+25.056, +0.054,+0.930
1705130280,+3.46,+25.048, +0.055,+0.930
1705130340,+3.46,+25.056, +0.055,+0.930
1705130400,+3.46,+25.056, +0.054,+0.930
1705130460,+3.46,+25.056, +0.055,+0.930
1705130520,+3.46,+25.065, +0.054,+0.930
1705130580,+3.46,+25.048, +0.054,+0.930
1705130640,+3.46,+25.031, +0.055,+0.930
1705130700,+3.46,+25.048, +0.054,+0.930
1705130760,+3.46,+25.031, +0.054,+0.930
1705130820,+3.46,+25.031, +0.055,+0.930
1705130880,+3.46,+25.031, +0.054,+0.930
1705130940,+3.46,+25.023, +0.055,+0.930
1705131000,+3.46,+25.031, +0.055,+0.930
1705131060,+3.46,+25.023, +0.055,+0.930
1705131120,+3.46,+25.039, +0.054,+0.930
1705131180,+3.46,+25.014, +0.055,+0.930
1705131240,+3.46,+25.039, +0.054,+0.930
1705131300,+3.46,+25.039, +0.054,+0.930
1705131360,+3.46,+25.023, +0.055,+0.930
1705131420,+3.46,+25.031, +0.054,+0.930
1705131480,+3.46,+25.014, +0.054,+0.930
1705131540,+3.46,+25.014, +0.054,+0.930
1705131600,+3.46,+25.023, +0.054,+0.930
1705131660,+3.46,+25.014, +0.054,+0.930
1705131720,+3.46,+25.014, +0.055,+0.930
1705131780,+3.46,+25.014, +0.054,+0.930
1705131840,+3.46,+25.014, +0.054,+0.930
1705131900,+3.46,+25.006, +0.054,+0.930
1705131960,+3.46,+25.023, +0.054,+0.930
1705132020,+3.46,+25.006, +0.054,+0.930
1705132080,+3.46,+25.014, +0.054,+0.930
1705132140,+3.46,+25.006, +0.054,+0.930
1705132200,+3.46,+25.006, +0.054,+0.930
1705132260,+3.46,+25.006, +0.055,+0.930
1705132320,+3.46,+25.006, +0.054,+0.930
1705132380,+3.46,+24.997, +0.054,+0.930
1705132440,+3.46,+25.014, +0.055,+0.930
1705132500,+3.46,+25.023, +0.054,+0.930
1705132560,+3.46,+25.006, +0.055,+0.930
1705132620,+3.46,+24.997, +0.055,+0.930
1705132680,+3.46,+24.997, +0.054,+0.930
1705132740,+3.46,+24.997, +0.055,+0.930
1705132800,+3.46,+24.989, +0.054,+0.930
1705132860,+3.46,+24.981, +0.054,+0.930
1705132920,+3.46,+24.989, +0.054,+0.930
1705132980,+3.46,+24.989, +0.054,+0.930
1705133040,+3.46,+24.981, +0.055,+0.930
1705133100,+3.46,+24.997, +0.054,+0.930
1705133160,+3.46,+24.981, +0.054,+0.930
1705133220,+3.46,+24.981, +0.054,+0.930
1705133280,+3.46,+24.981, +0.054,+0.930
1705133340,+3.46,+24.989, +0.054,+0.930
1705133400,+3.46,+24.981, +0.054,+0.930
1705133460,+3.46,+24.981, +0.054,+0.930
1705133520,+3.46,+24.981, +0.054,+0.930
1705133580,+3.46,+24.981, +0.054,+0.930
1705133640,+3.46,+24.981, +0.054,+0.930
1705133700,+3.46,+24.964, +0.054,+0.930
1705133760,+3.46,+24.989, +0.054,+0.930
1705133820,+3.46,+24.989, +0.054,+0.930
1705133880,+3.46,+24.989, +0.054,+0.930
1705133940,+3.46,+24.972, +0.054,+0.930
1705134000,+3.46,+24.972, +0.055,+0.930
1705134060,+3.46,+24.972, +0.054,+0.930
1705134120,+3.46,+24.989, +0.054,+0.930
1705134180,+3.46,+24.972, +0.054,+0.930
1705134240,+3.46,+24.972, +0.055,+0.930
1705134300,+3.46,+24.964, +0.055,+0.930
1705134360,+3.46,+24.964, +0.054,+0.930
1705134420,+3.46,+24.972, +0.055,+0.930
1705134480,+3.46,+24.964, +0.054,+0.930
1705134540,+3.46,+24.972, +0.055,+0.930
1705134600,+3.46,+24.972, +0.055,+0.930
1705134660,+3.46,+24.964, +0.055,+0.930
1705134720,+3.46,+24.964, +0.054,+0.930
1705134780,+3.46,+24.964, +0.055,+0.930
1705134840,+3.46,+24.955, +0.054,+0.930
1705134900,+3.46,+24.947, +0.055,+0.930
1705134960,+3.46,+24.947, +0.054,+0.930
1705135020,+3.46,+24.939, +0.055,+0.930
1705135080,+3.46,+24.955, +0.054,+0.930
1705135140,+3.46,+24.947, +0.055,+0.930
1705135200,+3.46,+24.964, +0.054,+0.930
1705135260,+3.46,+24.972, +0.054,+0.930
1705135320,+3.46,+24.947, +0.054,+0.930
1705135380,+3.46,+24.955, +0.055,+0.930
1705135440,+3.46,+24.964, +0.054,+0.930
1705135500,+3.46,+24.955, +0.054,+0.930
1705135560,+3.46,+24.955, +0.055,+0.930
1705135620,+3.46,+24.947, +0.055,+0.930
1705135680,+3.46,+24.947, +0.055,+0.930
1705135740,+3.46,+24.955, +0.054,+0.930
1705135800,+3.46,+24.930, +0.055,+0.930
1705135860,+3.46,+24.930, +0.055,+0.930
1705135920,+3.46,+24.939, +0.054,+0.930
1705135980,+3.46,+24.947, +0.055,+0.930
1705136040,+3.46,+24.922, +0.054,+0.930
1705136100,+3.46,+24.930, +0.054,+0.930
1705136160,+3.46,+24.939, +0.054,+0.930
1705136220,+3.46,+24.939, +0.055,+0.930
1705136280,+3.46,+24.947, +0.054,+0.930
1705136340,+3.46,+24.947, +0.054,+0.930
1705136400,+3.46,+24.930, +0.054,+0.930
1705136460,+3.46,+24.913, +0.055,+0.930
1705136520,+3.46,+24.930, +0.054,+0.930
1705136580,+3.46,+24.930, +0.054,+0.930
1705136640,+3.46,+24.905, +0.055,+0.930
1705136700,+3.46,+24.913, +0.055,+0.930
1705136760,+3.46,+24.922, +0.055,+0.930
1705136820,+3.46,+24.905, +0.055,+0.930
1705136880,+3.46,+24.897, +0.054,+0.930
1705136940,+3.46,+24.905, +0.054,+0.930
1705137000,+3.46,+24.922, +0.055,+0.930
1705137060,+3.46,+24.922, +0.055,+0.930
1705137120,+3.46,+24.913, +0.054,+0.930
1705137180,+3.46,+24.930, +0.054,+0.930
1705137240,+3.46,+24.905, +0.054,+0.930
1705137300,+3.46,+24.922, +0.054,+0.930
1705137360,+3.46,+24.905, +0.054,+0.930
1705137420,+3.46,+24.905, +0.054,+0.930
1705137480,+3.46,+24.905, +0.055,+0.930
1705137540,+3.46,+24.880, +0.055,+0.930
1705137600,+3.46,+24.897, +0.054,+0.930
1705137660,+3.46,+24.905, +0.054,+0.930
1705137720,+3.46,+24.905, +0.054,+0.930
1705137780,+3.46,+24.897, +0.054,+0.930
1705137840,+3.46,+24.905, +0.055,+0.930
1705137900,+3.46,+24.922, +0.054,+0.930
1705137960,+3.46,+24.905, +0.054,+0.930
1705138020,+3.46,+24.913, +0.054,+0.930
1705138080,+3.46,+24.930, +0.054,+0.930
1705138140,+3.46,+24.922, +0.054,+0.930
1705138200,+3.46,+24.888, +0.054,+0.930
1705138260,+3.46,+24.897, +0.054,+0.930
1705138320,+3.46,+24.905, +0.054,+0.930
1705138380,+3.46,+24.888, +0.054,+0.930
1705138440,+3.46,+24.880, +0.054,+0.930
1705138500,+3.46,+24.888, +0.054,+0.930
1705138560,+3.46,+24.880, +0.054,+0.930
1705138620,+3.46,+24.880, +0.054,+0.930
1705138680,+3.46,+24.880, +0.054,+0.930
1705138740,+3.46,+24.863, +0.054,+0.930
1705138800,+3.46,+24.880, +0.054,+0.930
1705138860,+3.46,+24.871, +0.054,+0.930
1705138920,+3.46,+24.863, +0.054,+0.930
1705138980,+3.46,+24.880, +0.055,+0.930
1705139040,+3.46,+24.888, +0.054,+0.930
1705139100,+3.46,+24.863, +0.054,+0.930
1705139160,+3.46,+24.855, +0.054,+0.930
1705139220,+3.46,+24.863, +0.054,+0.930
1705139280,+3.46,+24.863, +0.054,+0.930
1705139340,+3.46,+24.846, +0.054,+0.930
1705139400,+3.46,+24.863, +0.055,+0.930
1705139460,+3.46,+24.863, +0.054,+0.930
1705139520,+3.46,+24.855, +0.054,+0.930
1705139580,+3.46,+24.846, +0.054,+0.930
1705139640,+3.46,+24.838, +0.054,+0.930
1705139700,+3.46,+24.829, +0.054,+0.930
1705139760,+3.46,+24.846, +0.054,+0.930
1705139820,+3.46,+24.829, +0.054,+0.930
1705139880,+3.46,+24.829, +0.054,+0.930
1705139940,+3.46,+24.821, +0.055,+0.930
1705140000,+3.46,+24.838, +0.054,+0.930
1705140060,+3.46,+24.821, +0.055,+0.930
1705140120,+3.46,+24.821, +0.054,+0.930
1705140180,+3.46,+24.821, +0.055,+0.930
1705140240,+3.46,+24.829, +0.054,+0.930
1705140300,+3.46,+24.821, +0.055,+0.930
1705140360,+3.46,+24.821, +0.054,+0.930
1705140420,+3.46,+24.821, +0.054,+0.930
1705140480,+3.46,+24.829, +0.054,+0.930
1705140540,+3.46,+24.813, +0.054,+0.930
1705140600,+3.46,+24.821, +0.054,+0.930
1705140660,+3.46,+24.804, +0.054,+0.930
1705140720,+3.46,+24.804, +0.055,+0.930
1705140780,+3.46,+24.813, +0.054,+0.930
1705140840,+3.46,+24.796, +0.054,+0.930
1705140900,+3.46,+24.813, +0.054,+0.930
1705140960,+3.46,+24.804, +0.054,+0.930
1705141020,+3.46,+24.804, +0.055,+0.930
1705141080,+3.46,+24.813, +0.054,+0.930
1705141140,+3.46,+24.796, +0.054,+0.930
1705141200,+3.46,+24.796, +0.054,+0.930
1705141260,+3.46,+24.796, +0.054,+0.930
1705141320,+3.46,+24.804, +0.054,+0.930
1705141380,+3.46,+24.804, +0.053,+0.930
1705141440,+3.46,+24.796, +0.054,+0.930
1705141500,+3.46,+24.787, +0.054,+0.930
1705141560,+3.46,+24.813, +0.055,+0.930
1705141620,+3.46,+24.796, +0.054,+0.930
1705141680,+3.46,+24.796, +0.054,+0.930
1705141740,+3.46,+24.804, +0.054,+0.930
1705141800,+3.46,+24.796, +0.054,+0.930
1705141860,+3.46,+24.796, +0.054,+0.930
1705141920,+3.46,+24.787, +0.054,+0.930
1705141980,+3.46,+24.787, +0.054,+0.930
1705142040,+3.46,+24.787, +0.054,+0.930
1705142100,+3.46,+24.796, +0.055,+0.930
1705142160,+3.46,+24.787, +0.054,+0.930
1705142220,+3.46,+24.779, +0.055,+0.930
1705142280,+3.46,+24.771, +0.055,+0.930
1705142340,+3.46,+24.796, +0.054,+0.930
1705142400,+3.46,+24.796, +0.054,+0.930
1705142460,+3.46,+24.787, +0.054,+0.930
1705142520,+3.46,+24.796, +0.054,+0.930
1705142580,+3.46,+24.796, +0.054,+0.930
1705142640,+3.46,+24.779, +0.054,+0.930
1705142700,+3.46,+24.779, +0.054,+0.930
1705142760,+3.46,+24.779, +0.054,+0.930
1705142820,+3.46,+24.779, +0.054,+0.930
1705142880,+3.46,+24.787, +0.054,+0.930
1705142940,+3.46,+24.787, +0.054,+0.930
1705143000,+3.46,+24.754, +0.054,+0.930
1705143060,+3.46,+24.771, +0.054,+0.930
1705143120,+3.46,+24.762, +0.054,+0.930
1705143180,+3.46,+24.754, +0.054,+0.930
1705143240,+3.46,+24.771, +0.054,+0.930
1705143300,+3.46,+24.762, +0.054,+0.930
1705143360,+3.46,+24.762, +0.054,+0.930
1705143420,+3.46,+24.745, +0.054,+0.930
1705143480,+3.46,+24.754, +0.054,+0.930
1705143540,+3.46,+24.745, +0.054,+0.930
1705143600,+3.46,+24.754, +0.054,+0.930
1705143660,+3.46,+24.771, +0.054,+0.930
1705143720,+3.46,+24.762, +0.054,+0.930
1705143780,+3.46,+24.754, +0.054,+0.930
1705143840,+3.46,+24.762, +0.054,+0.930
1705143900,+3.46,+24.745, +0.054,+0.930
1705143960,+3.46,+24.762, +0.055,+0.930
1705144020,+3.46,+24.737, +0.054,+0.930
1705144080,+3.46,+24.754, +0.054,+0.930
1705144140,+3.46,+24.729, +0.054,+0.930
1705144200,+3.46,+24.745, +0.055,+0.930
1705144260,+3.46,+24.745, +0.054,+0.930
1705144320,+3.46,+24.737, +0.054,+0.930
1705144380,+3.46,+24.745, +0.054,+0.930
1705144440,+3.46,+24.745, +0.054,+0.930
1705144500,+3.46,+24.754, +0.054,+0.930
1705144560,+3.46,+24.745, +0.054,+0.930
1705144620,+3.46,+24.745, +0.054,+0.930
1705144680,+3.46,+24.737, +0.054,+0.930
1705144740,+3.46,+24.737, +0.054,+0.930
1705144800,+3.46,+24.737, +0.055,+0.930
1705144860,+3.46,+24.737, +0.054,+0.930
1705144920,+3.46,+24.745, +0.054,+0.930
1705144980,+3.46,+24.737, +0.055,+0.930
1705145040,+3.46,+24.754, +0.054,+0.930
1705145100,+3.46,+24.729, +0.054,+0.930
1705145160,+3.46,+24.729, +0.054,+0.930
1705145220,+3.46,+24.745, +0.054,+0.930
1705145280,+3.46,+24.737, +0.054,+0.930
1705145340,+3.46,+24.737, +0.054,+0.930
1705145400,+3.46,+24.729, +0.054,+0.930
1705145460,+3.46,+24.720, +0.055,+0.930
1705145520,+3.46,+24.737, +0.054,+0.930
1705145580,+3.46,+24.737, +0.054,+0.930
1705145640,+3.46,+24.737, +0.054,+0.930
1705145700,+3.46,+24.737, +0.054,+0.930
1705145760,+3.46,+24.737, +0.054,+0.930
1705145820,+3.46,+24.737, +0.054,+0.930
1705145880,+3.46,+24.737, +0.054,+0.930
1705145940,+3.46,+24.729, +0.054,+0.930
1705146000,+3.46,+24.754, +0.054,+0.930
1705146060,+3.46,+24.737, +0.054,+0.930
1705146120,+3.46,+24.754, +0.054,+0.930
1705146180,+3.46,+24.720, +0.055,+0.930
1705146240,+3.46,+24.745, +0.054,+0.930
1705146300,+3.46,+24.729, +0.054,+0.930
1705146360,+3.46,+24.745, +0.054,+0.930
1705146420,+3.46,+24.729, +0.054,+0.930
1705146480,+3.46,+24.729, +0.054,+0.930
1705146540,+3.46,+24.720, +0.054,+0.930
1705146600,+3.46,+24.703, +0.055,+0.930
1705146660,+3.46,+24.729, +0.054,+0.930
1705146720,+3.46,+24.720, +0.054,+0.930
1705146780,+3.46,+24.720, +0.054,+0.930
1705146840,+3.46,+24.712, +0.054,+0.930
1705146900,+3.46,+24.720, +0.054,+0.930
1705146960,+3.46,+24.720, +0.054,+0.930
1705147020,+3.46,+24.720, +0.054,+0.930
1705147080,+3.46,+24.737, +0.054,+0.930
1705147140,+3.46,+24.720, +0.054,+0.930
1705147200,+3.46,+24.745, +0.054,+0.930
1705147260,+3.46,+24.729, +0.054,+0.930
1705147320,+3.46,+24.729, +0.054,+0.930
1705147380,+3.46,+24.737, +0.054,+0.930
1705147440,+3.46,+24.745, +0.054,+0.930
1705147500,+3.46,+24.729, +0.054,+0.930
1705147560,+3.46,+24.729, +0.054,+0.930
1705147620,+3.46,+24.745, +0.055,+0.930
1705147680,+3.46,+24.745, +0.055,+0.930
1705147740,+3.46,+24.745, +0.054,+0.930
1705147800,+3.46,+24.745, +0.054,+0.930
1705147860,+3.46,+24.762, +0.054,+0.930
1705147920,+3.46,+24.771, +0.054,+0.930
1705147980,+3.46,+24.745, +0.055,+0.930
1705148040,+3.46,+24.762, +0.054,+0.930
1705148100,+3.46,+24.745, +0.054,+0.930
1705148160,+3.46,+24.762, +0.055,+0.930
1705148220,+3.46,+24.771, +0.054,+0.930
1705148280,+3.46,+24.745, +0.054,+0.930
1705148340,+3.46,+24.787, +0.054,+0.930
1705148400,+3.46,+24.779, +0.054,+0.930
1705148460,+3.46,+24.762, +0.054,+0.930
1705148520,+3.46,+24.779, +0.054,+0.930
1705148580,+3.46,+24.779, +0.055,+0.930
1705148640,+3.46,+24.787, +0.054,+0.930
1705148700,+3.46,+24.787, +0.053,+0.930
1705148760,+3.46,+24.787, +0.054,+0.930
1705148820,+3.46,+24.787, +0.054,+0.930
1705148880,+3.46,+24.796, +0.053,+0.929
1705148940,+3.46,+24.796, +0.054,+0.930
1705149000,+3.46,+24.787, +0.054,+0.930
1705149060,+3.46,+24.796, +0.054,+0.930
1705149120,+3.46,+24.804, +0.054,+0.930
1705149180,+3.46,+24.796, +0.054,+0.930
1705149240,+3.46,+24.821, +0.054,+0.930
1705149300,+3.46,+24.796, +0.054,+0.930
1705149360,+3.46,+24.804, +0.054,+0.930
1705149420,+3.46,+24.787, +0.054,+0.930
1705149480,+3.46,+24.821, +0.054,+0.930
1705149540,+3.46,+24.804, +0.054,+0.930
1705149600,+3.46,+24.813, +0.054,+0.930
1705149660,+3.46,+24.829, +0.054,+0.930
1705149720,+3.46,+24.813, +0.054,+0.930
1705149780,+3.46,+24.838, +0.054,+0.930
1705149840,+3.46,+24.838, +0.054,+0.929
1705149900,+3.46,+24.829, +0.054,+0.930
1705149960,+3.46,+24.821, +0.054,+0.929
1705150020,+3.46,+24.838, +0.054,+0.929
1705150080,+3.46,+24.829, +0.054,+0.930
1705150140,+3.46,+24.821, +0.054,+0.930
1705150200,+3.46,+24.838, +0.054,+0.929
1705150260,+3.46,+24.829, +0.055,+0.930
1705150320,+3.46,+24.838, +0.055,+0.930
1705150380,+3.46,+24.846, +0.054,+0.929
1705150440,+3.46,+24.838, +0.054,+0.930
1705150500,+3.46,+24.855, +0.055,+0.930
1705150560,+3.46,+24.846, +0.054,+0.930
1705150620,+3.46,+24.863, +0.054,+0.929
1705150680,+3.46,+24.846, +0.054,+0.929
1705150740,+3.46,+24.855, +0.054,+0.930
1705150800,+3.46,+24.855, +0.054,+0.930
1705150860,+3.46,+24.855, +0.054,+0.930
1705150920,+3.46,+24.846, +0.054,+0.930
1705150980,+3.46,+24.855, +0.054,+0.930
1705151040,+3.46,+24.863, +0.054,+0.930
1705151100,+3.46,+24.871, +0.055,+0.930
1705151160,+3.46,+24.871, +0.054,+0.930
1705151220,+3.46,+24.855, +0.054,+0.930
1705151280,+3.46,+24.871, +0.055,+0.930
1705151340,+3.46,+24.855, +0.054,+0.929
1705151400,+3.46,+24.871, +0.054,+0.929
1705151460,+3.46,+24.855, +0.055,+0.929
1705151520,+3.46,+24.871, +0.054,+0.929
1705151580,+3.46,+24.871, +0.054,+0.929
1705151640,+3.46,+24.880, +0.054,+0.930
1705151700,+3.46,+24.888, +0.054,+0.930
1705151760,+3.46,+24.871, +0.054,+0.929
1705151820,+3.46,+24.880, +0.054,+0.930
1705151880,+3.46,+24.888, +0.054,+0.929
1705151940,+3.46,+24.897, +0.054,+0.929
1705152000,+3.46,+24.888, +0.054,+0.930
1705152060,+3.46,+24.913, +0.054,+0.930
1705152120,+3.46,+24.897, +0.053,+0.929
1705152180,+3.46,+24.897, +0.054,+0.930
1705152240,+3.46,+24.922, +0.054,+0.929
1705152300,+3.46,+24.905, +0.054,+0.929
1705152360,+3.46,+24.897, +0.054,+0.929
1705152420,+3.46,+24.905, +0.054,+0.929
1705152480,+3.46,+24.905, +0.054,+0.929
1705152540,+3.46,+24.922, +0.054,+0.929
1705152600,+3.46,+24.913, +0.054,+0.929
1705152660,+3.46,+24.905, +0.054,+0.929
1705152720,+3.46,+24.930, +0.054,+0.929
1705152780,+3.46,+24.922, +0.054,+0.929
1705152840,+3.46,+24.913, +0.054,+0.929
1705152900,+3.46,+24.930, +0.054,+0.930
1705152960,+3.46,+24.905, +0.054,+0.929
1705153020,+3.46,+24.939, +0.054,+0.929
1705153080,+3.46,+24.930, +0.054,+0.929
1705153140,+3.46,+24.930, +0.054,+0.929
1705153200,+3.46,+24.930, +0.054,+0.929
1705153260,+3.46,+24.939, +0.054,+0.929
1705153320,+3.46,+24.939, +0.054,+0.929
1705153380,+3.46,+24.939, +0.054,+0.929
1705153440,+3.46,+24.955, +0.054,+0.929
1705153500,+3.46,+24.947, +0.054,+0.929
1705153560,+3.46,+24.955, +0.054,+0.929
1705153620,+3.46,+24.939, +0.054,+0.930
1705153680,+3.46,+24.947, +0.054,+0.929
1705153740,+3.46,+24.955, +0.054,+0.929
1705153800,+3.46,+24.947, +0.054,+0.929
1705153860,+3.46,+24.964, +0.054,+0.929
1705153920,+3.46,+24.955, +0.054,+0.929
1705153980,+3.46,+24.981, +0.054,+0.929
1705154040,+3.46,+24.972, +0.054,+0.929
1705154100,+3.46,+24.964, +0.054,+0.929
1705154160,+3.46,+24.972, +0.053,+0.929
1705154220,+3.46,+24.972, +0.054,+0.929
1705154280,+3.46,+24.972, +0.054,+0.929
1705154340,+3.46,+24.964, +0.054,+0.930
1705154400,+3.46,+24.981, +0.054,+0.929
1705154460,+3.46,+24.989, +0.054,+0.929
1705154520,+3.46,+25.014, +0.054,+0.929
1705154580,+3.46,+25.014, +0.054,+0.929
1705154640,+3.46,+25.006, +0.055,+0.929
1705154700,+3.46,+25.031, +0.054,+0.929
1705154760,+3.46,+25.031, +0.054,+0.929
1705154820,+3.46,+25.031, +0.054,+0.929
1705154880,+3.46,+25.023, +0.054,+0.929
1705154940,+3.46,+25.031, +0.054,+0.929
1705155000,+3.46,+25.048, +0.055,+0.929
1705155060,+3.46,+25.048, +0.054,+0.929
1705155120,+3.46,+25.039, +0.054,+0.929
1705155180,+3.46,+25.065, +0.054,+0.929
1705155240,+3.46,+25.056, +0.054,+0.929
1705155300,+3.46,+25.039, +0.054,+0.929
1705155360,+3.46,+25.065, +0.054,+0.929
1705155420,+3.46,+25.056, +0.054,+0.929
1705155480,+3.46,+25.065, +0.054,+0.929
1705155540,+3.46,+25.065, +0.054,+0.929
1705155600,+3.46,+25.065, +0.054,+0.929
1705155660,+3.46,+25.065, +0.055,+0.929
1705155720,+3.46,+25.082, +0.055,+0.929
1705155780,+3.46,+25.065, +0.054,+0.929
1705155840,+3.46,+25.073, +0.054,+0.929
1705155900,+3.46,+25.073, +0.054,+0.929
1705155960,+3.46,+25.065, +0.054,+0.929
1705156020,+3.46,+25.082, +0.054,+0.929
1705156080,+3.46,+25.082, +0.054,+0.929
1705156140,+3.46,+25.098, +0.054,+0.929
1705156200,+3.46,+25.098, +0.054,+0.929
1705156260,+3.46,+25.082, +0.054,+0.929
1705156320,+3.46,+25.082, +0.054,+0.929
1705156380,+3.46,+25.107, +0.054,+0.929
1705156440,+3.46,+25.098, +0.054,+0.929
1705156500,+3.46,+25.107, +0.065,+0.929
1705156560,+3.46,+25.098, +0.057,+0.929
1705156620,+3.46,+25.115, +0.055,+0.929
1705156680,+3.46,+25.115, +0.054,+0.929
1705156740,+3.46,+25.124, +0.054,+0.929
1705156800,+3.46,+25.140, +0.053,+0.929
1705156860,+3.46,+25.124, +0.053,+0.929
1705156920,+3.46,+25.124, +0.055,+0.929
1705156980,+3.46,+25.124, +0.055,+0.929
1705157040,+3.46,+25.140, +0.053,+0.929
1705157100,+3.46,+25.149, +0.054,+0.929
1705157160,+3.46,+25.149, +0.054,+0.929
1705157220,+3.46,+25.157, +0.054,+0.929
1705157280,+3.46,+25.140, +0.054,+0.929
1705157340,+3.46,+25.174, +0.055,+0.929
1705157400,+3.46,+25.174, +0.054,+0.929
1705157460,+3.46,+25.174, +0.054,+0.929
1705157520,+3.46,+25.191, +0.054,+0.929
1705157580,+3.46,+25.216, +0.054,+0.929
1705157640,+3.46,+25.208, +0.054,+0.929
1705157700,+3.46,+25.199, +0.054,+0.929
1705157760,+3.46,+25.216, +0.054,+0.929
1705157820,+3.46,+25.225, +0.054,+0.929
1705157880,+3.46,+25.225, +0.054,+0.929
1705157940,+3.46,+25.233, +0.054,+0.929
1705158000,+3.46,+25.233, +0.054,+0.929
1705158060,+3.46,+25.225, +0.054,+0.929
1705158120,+3.46,+25.241, +0.054,+0.929
1705158180,+3.46,+25.216, +0.055,+0.929
1705158240,+3.46,+25.216, +0.054,+0.929
1705158300,+3.46,+25.241, +0.054,+0.929
1705158360,+3.46,+25.250, +0.054,+0.929
1705158420,+3.46,+25.250, +0.054,+0.929
1705158480,+3.46,+25.258, +0.054,+0.929
1705158540,+3.45,+25.250, +0.053,+0.929
1705158600,+3.46,+25.258, +0.054,+0.929
1705158660,+3.46,+25.250, +0.054,+0.929
1705158720,+3.46,+25.275, +0.054,+0.929
1705158780,+3.46,+25.250, +0.054,+0.929
1705158840,+3.46,+25.258, +0.054,+0.929
1705158900,+3.46,+25.283, +0.054,+0.929
1705158960,+3.46,+25.300, +0.054,+0.929
1705159020,+3.46,+25.267, +0.054,+0.929
1705159080,+3.46,+25.292, +0.054,+0.929
1705159140,+3.46,+25.292, +0.054,+0.929
1705159200,+3.46,+25.292, +0.054,+0.929
1705159260,+3.46,+25.283, +0.054,+0.929
1705159320,+3.46,+25.292, +0.054,+0.929
1705159380,+3.46,+25.292, +0.054,+0.929
1705159440,+3.45,+25.292, +0.054,+0.929
1705159500,+3.46,+25.309, +0.055,+0.929
1705159560,+3.46,+25.309, +0.054,+0.929
1705159620,+3.46,+25.300, +0.054,+0.929
1705159680,+3.46,+25.317, +0.054,+0.929
1705159740,+3.46,+25.317, +0.054,+0.929
1705159800,+3.46,+25.326, +0.054,+0.929
1705159860,+3.46,+25.326, +0.055,+0.929
1705159920,+3.46,+25.317, +0.054,+0.929
1705159980,+3.46,+25.334, +0.054,+0.929
1705160040,+3.46,+25.334, +0.054,+0.929
1705160100,+3.46,+25.351, +0.054,+0.929
1705160160,+3.46,+25.342, +0.054,+0.929
1705160220,+3.46,+25.359, +0.055,+0.929
1705160280,+3.46,+25.359, +0.054,+0.929
1705160340,+3.46,+25.351, +0.055,+0.929
1705160400,+3.46,+25.359, +0.054,+0.929
1705160460,+3.46,+25.376, +0.054,+0.929
1705160520,+3.46,+25.384, +0.054,+0.929
1705160580,+3.46,+25.393, +0.054,+0.929
1705160640,+3.46,+25.384, +0.055,+0.929
1705160700,+3.46,+25.410, +0.054,+0.929
1705160760,+3.46,+25.401, +0.054,+0.929
1705160820,+3.46,+25.443, +0.054,+0.929
1705160880,+3.46,+25.427, +0.054,+0.929
1705160940,+3.46,+25.435, +0.055,+0.929
1705161000,+3.46,+25.443, +0.054,+0.929
1705161060,+3.46,+25.460, +0.054,+0.929
1705161120,+3.46,+25.469, +0.055,+0.929
1705161180,+3.46,+25.469, +0.054,+0.929
1705161240,+3.46,+25.469, +0.055,+0.929
1705161300,+3.46,+25.477, +0.054,+0.929
1705161360,+3.46,+25.477, +0.054,+0.929
1705161420,+3.46,+25.502, +0.054,+0.929
1705161480,+3.46,+25.511, +0.054,+0.929
1705161540,+3.46,+25.502, +0.054,+0.929
1705161600,+3.46,+25.528, +0.055,+0.929
1705161660,+3.46,+25.511, +0.054,+0.929
1705161720,+3.46,+25.536, +0.054,+0.929
1705161780,+3.46,+25.528, +0.054,+0.929
1705161840,+3.46,+25.536, +0.054,+0.929
1705161900,+3.46,+25.544, +0.054,+0.929
1705161960,+3.46,+25.553, +0.054,+0.929
1705162020,+3.46,+25.561, +0.054,+0.929
1705162080,+3.46,+25.578, +0.054,+0.929
1705162140,+3.46,+25.578, +0.055,+0.929
1705162200,+3.46,+25.578, +0.054,+0.929
1705162260,+3.46,+25.603, +0.054,+0.929
1705162320,+3.46,+25.595, +0.054,+0.929
1705162380,+3.46,+25.612, +0.054,+0.929
1705162440,+3.46,+25.629, +0.054,+0.929
1705162500,+3.46,+25.629, +0.054,+0.929
1705162560,+3.46,+25.662, +0.054,+0.929
1705162620,+3.46,+25.671, +0.054,+0.929
1705162680,+3.46,+25.679, +0.054,+0.929
1705162740,+3.46,+25.705, +0.054,+0.929
1705162800,+3.46,+25.696, +0.054,+0.928
1705162860,+3.46,+25.696, +0.054,+0.928
1705162920,+3.46,+25.738, +0.055,+0.929
1705162980,+3.46,+25.764, +0.107,+0.930
1705163040,+3.46,+25.848, +0.098,+0.930
1705163100,+3.46,+25.941, +0.102,+0.930
1705163160,+3.46,+26.008, +0.080,+0.929
1705163220,+3.46,+26.000, +0.061,+0.928
1705163280,+3.46,+26.025, +0.055,+0.928
1705163340,+3.46,+26.000, +0.055,+0.929
1705163400,+3.46,+25.991, +0.054,+0.928
1705163460,+3.46,+25.958, +0.055,+0.928
1705163520,+3.46,+25.949, +0.054,+0.928
1705163580,+3.46,+25.932, +0.054,+0.928
1705163640,+3.46,+25.915, +0.054,+0.928
1705163700,+3.46,+25.915, +0.054,+0.928
1705163760,+3.46,+25.907, +0.054,+0.928
1705163820,+3.46,+25.907, +0.054,+0.928
1705163880,+3.46,+25.907, +0.054,+0.928
1705163940,+3.46,+25.915, +0.054,+0.928
1705164000,+3.46,+25.932, +0.054,+0.928
1705164060,+3.46,+25.941, +0.054,+0.928
1705164120,+3.46,+25.932, +0.055,+0.928
1705164180,+3.46,+25.958, +0.054,+0.928
1705164240,+3.46,+25.983, +0.055,+0.928
1705164300,+3.46,+25.991, +0.055,+0.928
1705164360,+3.46,+25.991, +0.055,+0.928
1705164420,+3.46,+26.017, +0.054,+0.928
1705164480,+3.46,+26.025, +0.055,+0.928
1705164540,+3.46,+26.042, +0.055,+0.928
1705164600,+3.46,+26.067, +0.055,+0.928
1705164660,+3.46,+26.093, +0.054,+0.928
1705164720,+3.46,+26.101, +0.055,+0.928
1705164780,+3.46,+26.126, +0.055,+0.928
1705164840,+3.46,+26.126, +0.054,+0.928
1705164900,+3.46,+26.143, +0.055,+0.928
1705164960,+3.46,+26.126, +0.055,+0.928
1705165020,+3.46,+26.126, +0.054,+0.928
1705165080,+3.46,+26.135, +0.055,+0.928
1705165140,+3.46,+26.135, +0.055,+0.928
1705165200,+3.46,+26.160, +0.055,+0.928
1705165260,+3.46,+26.160, +0.054,+0.928
1705165320,+3.46,+26.194, +0.054,+0.928
1705165380,+3.46,+26.202, +0.054,+0.928
1705165440,+3.46,+26.211, +0.054,+0.928
1705165500,+3.46,+26.219, +0.054,+0.928
1705165560,+3.46,+26.245, +0.054,+0.928
1705165620,+3.46,+26.245, +0.054,+0.928
1705165680,+3.46,+26.253, +0.054,+0.928
1705165740,+3.46,+26.245, +0.054,+0.928
1705165800,+3.46,+26.253, +0.054,+0.928
1705165860,+3.46,+26.253, +0.055,+0.928
1705165920,+3.46,+26.261, +0.055,+0.928
1705165980,+3.46,+26.261, +0.055,+0.928
1705166040,+3.46,+26.270, +0.055,+0.928
1705166100,+3.46,+26.270, +0.055,+0.928
1705166160,+3.46,+26.295, +0.055,+0.928
1705166220,+3.46,+26.295, +0.055,+0.928
1705166280,+3.46,+26.312, +0.054,+0.928
1705166340,+3.46,+26.329, +0.054,+0.928
1705166400,+3.46,+26.312, +0.054,+0.928
1705166460,+3.46,+26.312, +0.054,+0.928
1705166520,+3.46,+26.329, +0.054,+0.928
1705166580,+3.46,+26.321, +0.055,+0.928
1705166640,+3.46,+26.321, +0.054,+0.928
1705166700,+3.46,+26.321, +0.054,+0.928
1705166760,+3.46,+26.337, +0.054,+0.928
1705166820,+3.46,+26.312, +0.054,+0.928
1705166880,+3.46,+26.312, +0.054,+0.928
1705166940,+3.46,+26.321, +0.054,+0.928
1705167000,+3.46,+26.312, +0.054,+0.928
1705167060,+3.46,+26.312, +0.054,+0.928
1705167120,+3.46,+26.312, +0.054,+0.928
1705167180,+3.46,+26.304, +0.054,+0.928
1705167240,+3.46,+26.304, +0.054,+0.928
1705167300,+3.46,+26.304, +0.055,+0.928
1705167360,+3.46,+26.304, +0.054,+0.928
1705167420,+3.46,+26.295, +0.054,+0.928
1705167480,+3.46,+26.295, +0.054,+0.928
1705167540,+3.46,+26.287, +0.055,+0.928
1705167600,+3.46,+26.287, +0.054,+0.928
1705167660,+3.46,+26.304, +0.054,+0.928
1705167720,+3.46,+26.278, +0.054,+0.928
1705167780,+3.46,+26.312, +0.054,+0.928
1705167840,+3.46,+26.321, +0.054,+0.928
1705167900,+3.46,+26.346, +0.054,+0.928
1705167960,+3.46,+26.337, +0.054,+0.928
1705168020,+3.46,+26.346, +0.054,+0.928
1705168080,+3.46,+26.354, +0.054,+0.928
1705168140,+3.46,+26.363, +0.055,+0.928
1705168200,+3.46,+26.397, +0.055,+0.928
1705168260,+3.46,+26.422, +0.055,+0.928
1705168320,+3.46,+26.414, +0.054,+0.928
1705168380,+3.46,+26.414, +0.054,+0.928
1705168440,+3.46,+26.414, +0.055,+0.928
1705168500,+3.46,+26.430, +0.054,+0.928
1705168560,+3.46,+26.422, +0.055,+0.928
1705168620,+3.46,+26.430, +0.055,+0.928
1705168680,+3.46,+26.447, +0.056,+0.928
1705168740,+3.46,+26.473, +0.056,+0.928
1705168800,+3.47,+26.532, +0.058,+0.928
1705168860,+3.46,+26.566, +0.057,+0.928
1705168920,+3.46,+26.574, +0.057,+0.928
1705168980,+3.46,+26.591, +0.056,+0.928
1705169040,+3.46,+26.583, +0.056,+0.928
1705169100,+3.47,+26.540, +0.057,+0.928
1705169160,+3.46,+26.540, +0.058,+0.928
1705169220,+3.46,+26.515, +0.055,+0.928
1705169280,+3.46,+26.490, +0.055,+0.928
1705169340,+3.46,+26.498, +0.055,+0.928
1705169400,+3.46,+26.456, +0.055,+0.928
1705169460,+3.46,+26.464, +0.055,+0.928
1705169520,+3.46,+26.456, +0.054,+0.928
1705169580,+3.46,+26.456, +0.054,+0.928
1705169640,+3.46,+26.481, +0.057,+0.928
1705169700,+3.46,+26.481, +0.056,+0.928
1705169760,+3.46,+26.456, +0.055,+0.928
1705169820,+3.46,+26.456, +0.055,+0.928
1705169880,+3.46,+26.464, +0.055,+0.928
1705169940,+3.46,+26.464, +0.055,+0.928
1705170000,+3.46,+26.481, +0.055,+0.928
1705170060,+3.46,+26.498, +0.055,+0.928
1705170120,+3.46,+26.490, +0.054,+0.928
1705170180,+3.46,+26.473, +0.055,+0.928
1705170240,+3.46,+26.507, +0.055,+0.928
1705170300,+3.46,+26.507, +0.055,+0.928
1705170360,+3.46,+26.498, +0.055,+0.928
1705170420,+3.46,+26.515, +0.055,+0.928
