7450-988987
OS REV: 1.05 Sensor Cal: 1620327161
Time (sec),  BV (Volts),  T (deg C),  DO (mg/l),  Q ()
1704824880,+3.45,+25.334, +0.052,+0.930
1704824940,+3.45,+25.334, +0.053,+0.931
1704825000,+3.46,+25.342, +0.053,+0.931
1704825060,+3.45,+25.334, +0.052,+0.930
1704825120,+3.46,+25.342, +0.052,+0.931
1704825180,+3.46,+25.351, +0.052,+0.931
1704825240,+3.46,+25.342, +0.053,+0.930
1704825300,+3.45,+25.317, +0.052,+0.931
1704825360,+3.45,+25.334, +0.053,+0.931
1704825420,+3.46,+25.334, +0.053,+0.931
1704825480,+3.46,+25.326, +0.053,+0.930
1704825540,+3.46,+25.334, +0.053,+0.931
1704825600,+3.46,+25.359, +0.053,+0.931
1704825660,+3.46,+25.368, +0.052,+0.931
1704825720,+3.46,+25.368, +0.053,+0.931
1704825780,+3.46,+25.368, +0.052,+0.930
1704825840,+3.46,+25.376, +0.053,+0.931
1704825900,+3.46,+25.376, +0.053,+0.931
1704825960,+3.46,+25.351, +0.052,+0.931
1704826020,+3.46,+25.376, +0.052,+0.931
1704826080,+3.46,+25.368, +0.052,+0.931
1704826140,+3.46,+25.368, +0.053,+0.931
1704826200,+3.46,+25.368, +0.053,+0.931
1704826260,+3.46,+25.384, +0.053,+0.931
1704826320,+3.46,+25.384, +0.053,+0.931
1704826380,+3.46,+25.351, +0.052,+0.931
1704826440,+3.46,+25.342, +0.053,+0.931
1704826500,+3.46,+25.368, +0.052,+0.931
1704826560,+3.46,+25.368, +0.053,+0.931
1704826620,+3.46,+25.368, +0.052,+0.931
1704826680,+3.46,+25.393, +0.052,+0.931
1704826740,+3.46,+25.368, +0.053,+0.931
1704826800,+3.46,+25.401, +0.053,+0.931
1704826860,+3.46,+25.384, +0.053,+0.931
1704826920,+3.46,+25.401, +0.053,+0.931
1704826980,+3.46,+25.418, +0.053,+0.931
1704827040,+3.46,+25.435, +0.053,+0.931
1704827100,+3.46,+25.435, +0.053,+0.931
1704827160,+3.46,+25.427, +0.053,+0.931
1704827220,+3.46,+25.435, +0.053,+0.931
1704827280,+3.46,+25.452, +0.053,+0.931
1704827340,+3.46,+25.460, +0.052,+0.931
1704827400,+3.46,+25.418, +0.052,+0.931
1704827460,+3.46,+25.443, +0.052,+0.931
1704827520,+3.46,+25.443, +0.053,+0.931
1704827580,+3.46,+25.427, +0.053,+0.931
1704827640,+3.46,+25.443, +0.053,+0.931
1704827700,+3.46,+25.452, +0.053,+0.931
1704827760,+3.46,+25.452, +0.053,+0.931
1704827820,+3.46,+25.460, +0.053,+0.930
1704827880,+3.46,+25.477, +0.053,+0.931
1704827940,+3.46,+25.485, +0.053,+0.931
1704828000,+3.46,+25.494, +0.053,+0.931
1704828060,+3.46,+25.494, +0.053,+0.931
1704828120,+3.46,+25.485, +0.053,+0.931
1704828180,+3.46,+25.494, +0.053,+0.931
1704828240,+3.46,+25.502, +0.053,+0.931
1704828300,+3.46,+25.494, +0.053,+0.931
1704828360,+3.46,+25.528, +0.053,+0.931
1704828420,+3.46,+25.519, +0.053,+0.931
1704828480,+3.46,+25.528, +0.053,+0.931
1704828540,+3.46,+25.536, +0.053,+0.931
1704828600,+3.46,+25.570, +0.054,+0.931
1704828660,+3.46,+25.561, +0.053,+0.931
1704828720,+3.46,+25.578, +0.053,+0.930
1704828780,+3.46,+25.578, +0.052,+0.931
1704828840,+3.46,+25.578, +0.053,+0.931
1704828900,+3.46,+25.587, +0.053,+0.931
1704828960,+3.46,+25.578, +0.053,+0.931
1704829020,+3.46,+25.578, +0.053,+0.931
1704829080,+3.46,+25.587, +0.053,+0.931
1704829140,+3.46,+25.553, +0.054,+0.931
1704829200,+3.46,+25.553, +0.053,+0.931
1704829260,+3.46,+25.553, +0.054,+0.931
1704829320,+3.46,+25.561, +0.053,+0.931
1704829380,+3.46,+25.570, +0.053,+0.931
1704829440,+3.46,+25.570, +0.053,+0.931
1704829500,+3.46,+25.595, +0.053,+0.931
1704829560,+3.46,+25.578, +0.053,+0.931
1704829620,+3.46,+25.595, +0.053,+0.930
1704829680,+3.46,+25.587, +0.054,+0.931
1704829740,+3.46,+25.570, +0.053,+0.931
1704829800,+3.46,+25.578, +0.053,+0.931
1704829860,+3.46,+25.570, +0.053,+0.931
1704829920,+3.46,+25.587, +0.053,+0.931
1704829980,+3.46,+25.578, +0.052,+0.931
1704830040,+3.46,+25.595, +0.053,+0.931
1704830100,+3.46,+25.587, +0.053,+0.931
1704830160,+3.46,+25.578, +0.052,+0.930
1704830220,+3.46,+25.587, +0.054,+0.931
1704830280,+3.46,+25.587, +0.053,+0.931
1704830340,+3.46,+25.603, +0.053,+0.931
1704830400,+3.46,+25.570, +0.052,+0.931
1704830460,+3.46,+25.603, +0.053,+0.931
1704830520,+3.46,+25.603, +0.053,+0.931
1704830580,+3.46,+25.587, +0.053,+0.931
1704830640,+3.46,+25.578, +0.053,+0.931
1704830700,+3.46,+25.595, +0.053,+0.931
1704830760,+3.46,+25.612, +0.053,+0.931
1704830820,+3.46,+25.603, +0.053,+0.931
1704830880,+3.46,+25.595, +0.053,+0.931
1704830940,+3.46,+25.595, +0.053,+0.931
1704831000,+3.46,+25.595, +0.053,+0.931
1704831060,+3.46,+25.603, +0.053,+0.931
1704831120,+3.46,+25.612, +0.053,+0.931
1704831180,+3.46,+25.587, +0.053,+0.931
1704831240,+3.46,+25.595, +0.053,+0.931
1704831300,+3.46,+25.595, +0.053,+0.931
1704831360,+3.46,+25.587, +0.053,+0.931
1704831420,+3.46,+25.612, +0.053,+0.931
1704831480,+3.46,+25.587, +0.053,+0.931
1704831540,+3.46,+25.587, +0.054,+0.931
1704831600,+3.46,+25.570, +0.054,+0.931
1704831660,+3.46,+25.587, +0.053,+0.931
1704831720,+3.46,+25.595, +0.053,+0.931
1704831780,+3.46,+25.587, +0.054,+0.931
1704831840,+3.46,+25.570, +0.053,+0.931
1704831900,+3.46,+25.570, +0.053,+0.931
1704831960,+3.46,+25.587, +0.053,+0.931
1704832020,+3.46,+25.578, +0.053,+0.931
1704832080,+3.46,+25.578, +0.053,+0.931
1704832140,+3.46,+25.578, +0.053,+0.931
1704832200,+3.46,+25.578, +0.053,+0.931
1704832260,+3.46,+25.603, +0.053,+0.931
1704832320,+3.46,+25.578, +0.054,+0.931
1704832380,+3.46,+25.578, +0.053,+0.931
1704832440,+3.46,+25.578, +0.053,+0.931
1704832500,+3.46,+25.595, +0.053,+0.931
1704832560,+3.46,+25.595, +0.053,+0.931
1704832620,+3.46,+25.603, +0.054,+0.931
1704832680,+3.46,+25.595, +0.053,+0.931
1704832740,+3.46,+25.603, +0.053,+0.931
1704832800,+3.46,+25.595, +0.053,+0.931
1704832860,+3.46,+25.587, +0.053,+0.931
1704832920,+3.46,+25.595, +0.054,+0.931
1704832980,+3.46,+25.570, +0.053,+0.931
1704833040,+3.46,+25.612, +0.053,+0.931
1704833100,+3.46,+25.595, +0.053,+0.931
1704833160,+3.46,+25.587, +0.053,+0.931
1704833220,+3.46,+25.578, +0.053,+0.931
1704833280,+3.46,+25.595, +0.054,+0.931
1704833340,+3.46,+25.587, +0.053,+0.931
1704833400,+3.46,+25.587, +0.053,+0.931
1704833460,+3.46,+25.570, +0.053,+0.931
1704833520,+3.46,+25.561, +0.053,+0.931
1704833580,+3.46,+25.570, +0.053,+0.931
1704833640,+3.46,+25.561, +0.054,+0.931
1704833700,+3.46,+25.570, +0.053,+0.931
1704833760,+3.46,+25.578, +0.053,+0.931
1704833820,+3.46,+25.570, +0.053,+0.931
1704833880,+3.46,+25.553, +0.054,+0.931
1704833940,+3.46,+25.536, +0.054,+0.931
1704834000,+3.46,+25.544, +0.054,+0.931
1704834060,+3.46,+25.544, +0.054,+0.931
1704834120,+3.46,+25.536, +0.054,+0.931
1704834180,+3.46,+25.536, +0.053,+0.931
1704834240,+3.46,+25.528, +0.053,+0.931
1704834300,+3.46,+25.536, +0.054,+0.931
1704834360,+3.46,+25.528, +0.053,+0.931
1704834420,+3.46,+25.528, +0.053,+0.931
1704834480,+3.46,+25.544, +0.054,+0.931
1704834540,+3.46,+25.519, +0.053,+0.931
1704834600,+3.46,+25.519, +0.053,+0.931
1704834660,+3.46,+25.519, +0.053,+0.931
1704834720,+3.46,+25.511, +0.053,+0.931
1704834780,+3.46,+25.494, +0.054,+0.931
1704834840,+3.46,+25.502, +0.053,+0.931
1704834900,+3.46,+25.485, +0.054,+0.931
1704834960,+3.46,+25.502, +0.054,+0.931
1704835020,+3.46,+25.502, +0.053,+0.931
1704835080,+3.46,+25.511, +0.053,+0.931
1704835140,+3.46,+25.494, +0.053,+0.931
1704835200,+3.46,+25.502, +0.053,+0.931
1704835260,+3.46,+25.502, +0.053,+0.931
1704835320,+3.46,+25.485, +0.054,+0.931
1704835380,+3.46,+25.485, +0.053,+0.931
1704835440,+3.46,+25.469, +0.053,+0.931
1704835500,+3.46,+25.485, +0.053,+0.931
1704835560,+3.46,+25.469, +0.053,+0.931
1704835620,+3.46,+25.460, +0.053,+0.931
1704835680,+3.46,+25.469, +0.054,+0.931
1704835740,+3.46,+25.460, +0.053,+0.931
1704835800,+3.46,+25.460, +0.053,+0.931
1704835860,+3.46,+25.435, +0.053,+0.931
1704835920,+3.46,+25.435, +0.054,+0.931
1704835980,+3.46,+25.443, +0.054,+0.931
1704836040,+3.46,+25.435, +0.053,+0.931
1704836100,+3.46,+25.443, +0.054,+0.931
1704836160,+3.46,+25.452, +0.053,+0.931
1704836220,+3.46,+25.427, +0.053,+0.931
1704836280,+3.46,+25.443, +0.053,+0.931
1704836340,+3.46,+25.443, +0.053,+0.931
1704836400,+3.46,+25.427, +0.053,+0.931
1704836460,+3.46,+25.443, +0.053,+0.931
1704836520,+3.46,+25.418, +0.053,+0.931
1704836580,+3.46,+25.427, +0.054,+0.931
1704836640,+3.46,+25.427, +0.053,+0.931
1704836700,+3.46,+25.427, +0.053,+0.931
1704836760,+3.46,+25.427, +0.054,+0.931
1704836820,+3.46,+25.418, +0.054,+0.931
1704836880,+3.46,+25.418, +0.054,+0.931
1704836940,+3.46,+25.418, +0.053,+0.931
1704837000,+3.46,+25.427, +0.053,+0.931
1704837060,+3.46,+25.410, +0.053,+0.931
1704837120,+3.46,+25.410, +0.053,+0.931
1704837180,+3.46,+25.410, +0.053,+0.931
1704837240,+3.46,+25.410, +0.053,+0.931
1704837300,+3.46,+25.418, +0.053,+0.931
1704837360,+3.46,+25.410, +0.053,+0.931
1704837420,+3.46,+25.401, +0.054,+0.931
1704837480,+3.46,+25.393, +0.054,+0.931
1704837540,+3.46,+25.393, +0.053,+0.931
1704837600,+3.46,+25.401, +0.053,+0.931
1704837660,+3.46,+25.384, +0.054,+0.931
1704837720,+3.46,+25.376, +0.053,+0.931
1704837780,+3.46,+25.393, +0.053,+0.931
1704837840,+3.46,+25.384, +0.054,+0.931
1704837900,+3.46,+25.359, +0.053,+0.931
1704837960,+3.46,+25.376, +0.054,+0.931
1704838020,+3.46,+25.376, +0.054,+0.931
1704838080,+3.46,+25.376, +0.054,+0.931
1704838140,+3.46,+25.376, +0.054,+0.931
1704838200,+3.46,+25.368, +0.053,+0.931
1704838260,+3.46,+25.351, +0.054,+0.931
1704838320,+3.46,+25.359, +0.053,+0.931
1704838380,+3.46,+25.359, +0.073,+0.932
1704838440,+3.46,+25.334, +0.054,+0.931
1704838500,+3.46,+25.351, +0.054,+0.931
1704838560,+3.46,+25.334, +0.053,+0.931
1704838620,+3.46,+25.334, +0.054,+0.931
1704838680,+3.46,+25.342, +0.053,+0.931
1704838740,+3.46,+25.334, +0.060,+0.931
1704838800,+3.46,+25.326, +0.055,+0.931
1704838860,+3.46,+25.334, +0.054,+0.931
1704838920,+3.46,+25.334, +0.054,+0.931
1704838980,+3.46,+25.326, +0.054,+0.931
1704839040,+3.46,+25.317, +0.062,+0.931
1704839100,+3.46,+25.317, +0.054,+0.931
1704839160,+3.46,+25.309, +0.054,+0.931
1704839220,+3.46,+25.317, +0.054,+0.931
1704839280,+3.46,+25.309, +0.053,+0.931
1704839340,+3.46,+25.292, +0.053,+0.931
1704839400,+3.46,+25.300, +0.053,+0.931
1704839460,+3.46,+25.300, +0.053,+0.931
1704839520,+3.46,+25.292, +0.059,+0.931
1704839580,+3.46,+25.317, +0.054,+0.931
1704839640,+3.46,+25.267, +0.107,+0.933
1704839700,+3.46,+25.283, +0.073,+0.932
1704839760,+3.46,+25.267, +0.054,+0.931
1704839820,+3.46,+25.267, +0.053,+0.931
1704839880,+3.46,+25.275, +0.054,+0.931
1704839940,+3.46,+25.258, +0.054,+0.931
1704840000,+3.46,+25.258, +0.054,+0.931
1704840060,+3.46,+25.250, +0.054,+0.931
1704840120,+3.46,+25.258, +0.054,+0.931
1704840180,+3.46,+25.241, +0.054,+0.931
1704840240,+3.46,+25.267, +0.055,+0.931
1704840300,+3.46,+25.241, +0.053,+0.931
1704840360,+3.46,+25.250, +0.055,+0.931
1704840420,+3.46,+25.241, +0.054,+0.931
1704840480,+3.46,+25.225, +0.053,+0.931
1704840540,+3.46,+25.241, +0.053,+0.931
1704840600,+3.46,+25.233, +0.054,+0.931
1704840660,+3.46,+25.225, +0.102,+0.933
1704840720,+3.46,+25.216, +0.056,+0.931
1704840780,+3.46,+25.216, +0.054,+0.931
1704840840,+3.46,+25.225, +0.054,+0.931
1704840900,+3.46,+25.233, +0.053,+0.931
1704840960,+3.46,+25.208, +0.054,+0.931
1704841020,+3.46,+25.216, +0.053,+0.931
1704841080,+3.46,+25.199, +0.053,+0.931
1704841140,+3.46,+25.199, +0.053,+0.931
1704841200,+3.46,+25.208, +0.053,+0.931
1704841260,+3.46,+25.208, +0.053,+0.931
1704841320,+3.46,+25.208, +0.054,+0.931
1704841380,+3.46,+25.216, +0.053,+0.931
1704841440,+3.46,+25.199, +0.054,+0.931
1704841500,+3.46,+25.199, +0.054,+0.931
1704841560,+3.46,+25.199, +0.053,+0.931
1704841620,+3.46,+25.199, +0.053,+0.931
1704841680,+3.46,+25.191, +0.054,+0.931
1704841740,+3.46,+25.182, +0.053,+0.931
1704841800,+3.46,+25.182, +0.053,+0.931
1704841860,+3.46,+25.182, +0.054,+0.931
1704841920,+3.46,+25.182, +0.054,+0.931
1704841980,+3.46,+25.182, +0.053,+0.931
1704842040,+3.46,+25.166, +0.054,+0.931
1704842100,+3.46,+25.166, +0.054,+0.931
1704842160,+3.46,+25.166, +0.054,+0.931
1704842220,+3.46,+25.174, +0.053,+0.931
1704842280,+3.46,+25.157, +0.058,+0.931
1704842340,+3.46,+25.157, +0.054,+0.931
1704842400,+3.46,+25.166, +0.053,+0.931
1704842460,+3.46,+25.174, +0.053,+0.931
1704842520,+3.46,+25.149, +0.053,+0.931
1704842580,+3.46,+25.149, +0.053,+0.931
1704842640,+3.46,+25.166, +0.053,+0.931
1704842700,+3.46,+25.140, +0.053,+0.931
1704842760,+3.46,+25.140, +0.053,+0.931
1704842820,+3.46,+25.149, +0.054,+0.931
1704842880,+3.46,+25.132, +0.053,+0.931
1704842940,+3.46,+25.140, +0.054,+0.931
1704843000,+3.46,+25.115, +0.053,+0.931
1704843060,+3.46,+25.140, +0.053,+0.931
1704843120,+3.46,+25.132, +0.053,+0.931
1704843180,+3.46,+25.140, +0.053,+0.931
1704843240,+3.46,+25.124, +0.054,+0.931
1704843300,+3.46,+25.124, +0.053,+0.931
1704843360,+3.46,+25.107, +0.053,+0.931
1704843420,+3.46,+25.107, +0.053,+0.931
1704843480,+3.46,+25.098, +0.053,+0.931
1704843540,+3.46,+25.107, +0.053,+0.931
1704843600,+3.46,+25.107, +0.054,+0.931
1704843660,+3.46,+25.082, +0.053,+0.931
1704843720,+3.46,+25.098, +0.054,+0.931
1704843780,+3.46,+25.082, +0.054,+0.931
1704843840,+3.46,+25.090, +0.053,+0.931
1704843900,+3.46,+25.082, +0.054,+0.931
1704843960,+3.46,+25.098, +0.053,+0.931
1704844020,+3.46,+25.090, +0.053,+0.931
1704844080,+3.46,+25.098, +0.053,+0.931
1704844140,+3.46,+25.065, +0.053,+0.931
1704844200,+3.46,+25.090, +0.053,+0.931
1704844260,+3.46,+25.082, +0.053,+0.931
1704844320,+3.46,+25.082, +0.053,+0.931
1704844380,+3.46,+25.065, +0.053,+0.931
1704844440,+3.46,+25.065, +0.054,+0.931
1704844500,+3.46,+25.090, +0.053,+0.931
1704844560,+3.46,+25.056, +0.053,+0.931
1704844620,+3.46,+25.056, +0.053,+0.931
1704844680,+3.46,+25.056, +0.053,+0.931
1704844740,+3.46,+25.048, +0.053,+0.931
1704844800,+3.46,+25.056, +0.053,+0.931
1704844860,+3.46,+25.048, +0.053,+0.931
1704844920,+3.46,+25.048, +0.053,+0.931
1704844980,+3.46,+25.048, +0.053,+0.931
1704845040,+3.46,+25.048, +0.053,+0.931
1704845100,+3.46,+25.039, +0.053,+0.931
1704845160,+3.46,+25.031, +0.053,+0.931
1704845220,+3.46,+25.031, +0.054,+0.931
1704845280,+3.46,+25.031, +0.053,+0.931
1704845340,+3.46,+25.039, +0.054,+0.931
1704845400,+3.46,+25.039, +0.053,+0.931
1704845460,+3.46,+25.023, +0.053,+0.931
1704845520,+3.46,+25.014, +0.053,+0.931
1704845580,+3.46,+25.023, +0.054,+0.931
1704845640,+3.46,+25.031, +0.054,+0.931
1704845700,+3.46,+25.014, +0.053,+0.931
1704845760,+3.46,+25.023, +0.053,+0.931
1704845820,+3.46,+25.006, +0.053,+0.931
1704845880,+3.46,+25.014, +0.053,+0.931
1704845940,+3.46,+25.014, +0.053,+0.931
1704846000,+3.46,+25.006, +0.053,+0.931
1704846060,+3.46,+24.989, +0.053,+0.931
1704846120,+3.46,+24.989, +0.053,+0.931
1704846180,+3.46,+24.997, +0.053,+0.931
1704846240,+3.46,+25.006, +0.053,+0.931
1704846300,+3.46,+24.989, +0.053,+0.931
1704846360,+3.46,+24.989, +0.053,+0.931
1704846420,+3.46,+24.981, +0.053,+0.931
1704846480,+3.46,+24.997, +0.054,+0.931
1704846540,+3.46,+24.981, +0.053,+0.931
1704846600,+3.46,+24.972, +0.053,+0.931
1704846660,+3.46,+24.981, +0.054,+0.931
1704846720,+3.46,+24.972, +0.053,+0.931
1704846780,+3.46,+24.989, +0.054,+0.931
1704846840,+3.46,+24.972, +0.054,+0.931
1704846900,+3.46,+24.972, +0.053,+0.931
1704846960,+3.46,+24.981, +0.053,+0.931
1704847020,+3.46,+24.972, +0.053,+0.931
1704847080,+3.46,+24.972, +0.053,+0.931
1704847140,+3.46,+24.964, +0.053,+0.931
1704847200,+3.46,+24.972, +0.053,+0.931
1704847260,+3.46,+24.964, +0.053,+0.931
1704847320,+3.46,+24.964, +0.053,+0.931
1704847380,+3.46,+24.964, +0.053,+0.931
1704847440,+3.46,+24.964, +0.053,+0.931
1704847500,+3.46,+24.964, +0.053,+0.931
1704847560,+3.46,+24.955, +0.053,+0.931
1704847620,+3.46,+24.972, +0.053,+0.931
1704847680,+3.46,+24.955, +0.053,+0.931
1704847740,+3.46,+24.964, +0.053,+0.931
1704847800,+3.46,+24.939, +0.053,+0.931
1704847860,+3.46,+24.930, +0.054,+0.931
1704847920,+3.46,+24.939, +0.053,+0.931
1704847980,+3.46,+24.939, +0.052,+0.931
1704848040,+3.46,+24.939, +0.053,+0.931
1704848100,+3.46,+24.922, +0.053,+0.931
1704848160,+3.46,+24.922, +0.053,+0.931
1704848220,+3.46,+24.913, +0.053,+0.931
1704848280,+3.46,+24.922, +0.053,+0.931
1704848340,+3.46,+24.930, +0.053,+0.931
1704848400,+3.46,+24.913, +0.053,+0.931
1704848460,+3.46,+24.913, +0.053,+0.931
1704848520,+3.46,+24.913, +0.054,+0.931
1704848580,+3.46,+24.922, +0.053,+0.931
1704848640,+3.46,+24.913, +0.053,+0.931
1704848700,+3.46,+24.922, +0.053,+0.931
1704848760,+3.46,+24.905, +0.053,+0.931
1704848820,+3.46,+24.913, +0.053,+0.931
1704848880,+3.46,+24.913, +0.053,+0.931
1704848940,+3.46,+24.922, +0.053,+0.931
1704849000,+3.46,+24.897, +0.053,+0.931
1704849060,+3.46,+24.897, +0.053,+0.931
1704849120,+3.46,+24.905, +0.053,+0.931
1704849180,+3.46,+24.905, +0.053,+0.931
1704849240,+3.46,+24.897, +0.053,+0.931
1704849300,+3.46,+24.905, +0.053,+0.931
1704849360,+3.46,+24.897, +0.053,+0.931
1704849420,+3.46,+24.897, +0.053,+0.931
1704849480,+3.46,+24.888, +0.053,+0.931
1704849540,+3.46,+24.905, +0.053,+0.931
1704849600,+3.46,+24.897, +0.053,+0.931
1704849660,+3.46,+24.880, +0.053,+0.931
1704849720,+3.46,+24.871, +0.054,+0.931
1704849780,+3.46,+24.880, +0.053,+0.931
1704849840,+3.46,+24.880, +0.053,+0.931
1704849900,+3.46,+24.871, +0.053,+0.931
1704849960,+3.46,+24.880, +0.054,+0.931
1704850020,+3.46,+24.871, +0.053,+0.931
1704850080,+3.46,+24.880, +0.053,+0.931
1704850140,+3.46,+24.880, +0.054,+0.931
1704850200,+3.46,+24.880, +0.053,+0.931
1704850260,+3.46,+24.888, +0.053,+0.931
1704850320,+3.46,+24.880, +0.053,+0.931
1704850380,+3.46,+24.880, +0.053,+0.931
1704850440,+3.46,+24.880, +0.053,+0.931
1704850500,+3.46,+24.871, +0.053,+0.931
1704850560,+3.46,+24.863, +0.054,+0.931
1704850620,+3.46,+24.871, +0.053,+0.931
1704850680,+3.46,+24.880, +0.053,+0.931
1704850740,+3.46,+24.863, +0.053,+0.931
1704850800,+3.46,+24.855, +0.054,+0.931
1704850860,+3.46,+24.880, +0.053,+0.931
1704850920,+3.46,+24.855, +0.053,+0.931
1704850980,+3.46,+24.863, +0.053,+0.931
1704851040,+3.46,+24.855, +0.054,+0.931
1704851100,+3.46,+24.846, +0.053,+0.931
1704851160,+3.46,+24.846, +0.053,+0.931
1704851220,+3.46,+24.855, +0.053,+0.931
1704851280,+3.46,+24.838, +0.053,+0.931
1704851340,+3.46,+24.855, +0.053,+0.931
1704851400,+3.46,+24.838, +0.053,+0.931
1704851460,+3.46,+24.838, +0.053,+0.931
1704851520,+3.46,+24.838, +0.053,+0.931
1704851580,+3.46,+24.838, +0.053,+0.931
1704851640,+3.46,+24.846, +0.053,+0.931
1704851700,+3.46,+24.829, +0.053,+0.931
1704851760,+3.46,+24.838, +0.053,+0.931
1704851820,+3.46,+24.829, +0.053,+0.931
1704851880,+3.46,+24.846, +0.053,+0.931
1704851940,+3.46,+24.813, +0.053,+0.931
1704852000,+3.46,+24.821, +0.054,+0.931
1704852060,+3.46,+24.829, +0.053,+0.931
1704852120,+3.46,+24.821, +0.053,+0.931
1704852180,+3.46,+24.838, +0.053,+0.931
1704852240,+3.46,+24.829, +0.054,+0.931
1704852300,+3.46,+24.813, +0.053,+0.931
1704852360,+3.46,+24.829, +0.053,+0.931
1704852420,+3.46,+24.829, +0.053,+0.931
1704852480,+3.46,+24.813, +0.053,+0.931
1704852540,+3.46,+24.804, +0.053,+0.931
1704852600,+3.46,+24.813, +0.053,+0.931
1704852660,+3.46,+24.821, +0.054,+0.931
1704852720,+3.46,+24.813, +0.053,+0.931
1704852780,+3.46,+24.796, +0.053,+0.931
1704852840,+3.46,+24.821, +0.053,+0.931
1704852900,+3.46,+24.796, +0.053,+0.931
1704852960,+3.46,+24.796, +0.053,+0.931
1704853020,+3.46,+24.796, +0.053,+0.931
1704853080,+3.46,+24.787, +0.053,+0.931
1704853140,+3.46,+24.787, +0.053,+0.931
1704853200,+3.46,+24.796, +0.053,+0.931
1704853260,+3.46,+24.804, +0.053,+0.931
1704853320,+3.46,+24.796, +0.053,+0.931
1704853380,+3.46,+24.796, +0.053,+0.931
1704853440,+3.46,+24.787, +0.053,+0.931
1704853500,+3.46,+24.796, +0.053,+0.931
1704853560,+3.46,+24.787, +0.053,+0.931
1704853620,+3.46,+24.787, +0.053,+0.931
1704853680,+3.46,+24.779, +0.053,+0.931
1704853740,+3.46,+24.787, +0.052,+0.931
1704853800,+3.46,+24.787, +0.053,+0.931
1704853860,+3.46,+24.796, +0.053,+0.931
1704853920,+3.46,+24.771, +0.053,+0.931
1704853980,+3.46,+24.787, +0.053,+0.931
1704854040,+3.46,+24.779, +0.053,+0.931
1704854100,+3.46,+24.779, +0.053,+0.931
1704854160,+3.46,+24.771, +0.053,+0.931
1704854220,+3.46,+24.762, +0.053,+0.931
1704854280,+3.46,+24.771, +0.054,+0.931
1704854340,+3.46,+24.771, +0.053,+0.931
1704854400,+3.46,+24.762, +0.053,+0.931
1704854460,+3.46,+24.771, +0.053,+0.931
1704854520,+3.46,+24.779, +0.053,+0.931
1704854580,+3.46,+24.762, +0.054,+0.931
1704854640,+3.46,+24.771, +0.053,+0.931
1704854700,+3.46,+24.762, +0.053,+0.931
1704854760,+3.46,+24.779, +0.052,+0.931
1704854820,+3.46,+24.762, +0.053,+0.931
1704854880,+3.46,+24.762, +0.053,+0.931
1704854940,+3.46,+24.754, +0.053,+0.931
1704855000,+3.46,+24.762, +0.053,+0.931
1704855060,+3.46,+24.754, +0.052,+0.931
1704855120,+3.46,+24.771, +0.053,+0.931
1704855180,+3.46,+24.762, +0.053,+0.931
1704855240,+3.46,+24.762, +0.053,+0.931
1704855300,+3.46,+24.754, +0.053,+0.931
1704855360,+3.46,+24.754, +0.053,+0.931
1704855420,+3.46,+24.754, +0.053,+0.931
1704855480,+3.46,+24.754, +0.053,+0.931
1704855540,+3.46,+24.754, +0.053,+0.931
1704855600,+3.46,+24.754, +0.053,+0.931
1704855660,+3.46,+24.737, +0.053,+0.931
1704855720,+3.46,+24.762, +0.053,+0.931
1704855780,+3.46,+24.745, +0.053,+0.931
1704855840,+3.46,+24.745, +0.053,+0.931
1704855900,+3.46,+24.762, +0.053,+0.931
1704855960,+3.46,+24.754, +0.053,+0.931
1704856020,+3.46,+24.737, +0.053,+0.931
1704856080,+3.46,+24.754, +0.054,+0.931
1704856140,+3.46,+24.737, +0.053,+0.931
1704856200,+3.46,+24.762, +0.053,+0.931
1704856260,+3.46,+24.729, +0.053,+0.931
1704856320,+3.46,+24.745, +0.053,+0.931
1704856380,+3.46,+24.745, +0.053,+0.931
1704856440,+3.46,+24.754, +0.053,+0.931
1704856500,+3.46,+24.737, +0.053,+0.931
1704856560,+3.46,+24.754, +0.053,+0.931
1704856620,+3.46,+24.729, +0.053,+0.931
1704856680,+3.46,+24.745, +0.053,+0.931
1704856740,+3.46,+24.754, +0.053,+0.931
1704856800,+3.46,+24.745, +0.053,+0.931
1704856860,+3.46,+24.745, +0.053,+0.931
1704856920,+3.46,+24.754, +0.052,+0.931
1704856980,+3.46,+24.737, +0.053,+0.931
1704857040,+3.46,+24.729, +0.053,+0.931
1704857100,+3.46,+24.754, +0.053,+0.931
1704857160,+3.46,+24.737, +0.053,+0.931
1704857220,+3.46,+24.720, +0.053,+0.931
1704857280,+3.46,+24.745, +0.053,+0.931
1704857340,+3.46,+24.712, +0.053,+0.931
1704857400,+3.46,+24.729, +0.054,+0.931
1704857460,+3.46,+24.720, +0.053,+0.931
1704857520,+3.46,+24.712, +0.053,+0.931
1704857580,+3.46,+24.729, +0.053,+0.931
1704857640,+3.46,+24.737, +0.053,+0.931
1704857700,+3.46,+24.745, +0.053,+0.931
1704857760,+3.46,+24.720, +0.053,+0.931
1704857820,+3.46,+24.729, +0.053,+0.931
1704857880,+3.46,+24.703, +0.053,+0.931
1704857940,+3.46,+24.712, +0.053,+0.931
1704858000,+3.46,+24.729, +0.053,+0.931
1704858060,+3.46,+24.720, +0.053,+0.931
1704858120,+3.46,+24.729, +0.053,+0.931
1704858180,+3.46,+24.720, +0.053,+0.931
1704858240,+3.46,+24.712, +0.053,+0.931
1704858300,+3.46,+24.720, +0.053,+0.931
1704858360,+3.46,+24.720, +0.053,+0.931
1704858420,+3.46,+24.729, +0.052,+0.931
1704858480,+3.46,+24.729, +0.053,+0.931
1704858540,+3.46,+24.712, +0.053,+0.931
1704858600,+3.46,+24.695, +0.053,+0.931
1704858660,+3.46,+24.712, +0.053,+0.931
1704858720,+3.46,+24.729, +0.053,+0.931
1704858780,+3.46,+24.720, +0.053,+0.931
1704858840,+3.46,+24.720, +0.053,+0.931
1704858900,+3.46,+24.695, +0.053,+0.931
1704858960,+3.46,+24.703, +0.053,+0.931
1704859020,+3.46,+24.703, +0.062,+0.931
1704859080,+3.46,+24.703, +0.053,+0.931
1704859140,+3.46,+24.712, +0.053,+0.931
1704859200,+3.46,+24.712, +0.053,+0.931
1704859260,+3.46,+24.703, +0.053,+0.931
1704859320,+3.46,+24.703, +0.053,+0.931
1704859380,+3.46,+24.687, +0.053,+0.931
1704859440,+3.46,+24.695, +0.052,+0.931
1704859500,+3.46,+24.703, +0.053,+0.931
1704859560,+3.46,+24.695, +0.053,+0.931
1704859620,+3.46,+24.703, +0.053,+0.931
1704859680,+3.46,+24.703, +0.053,+0.931
1704859740,+3.46,+24.687, +0.053,+0.931
1704859800,+3.46,+24.703, +0.053,+0.931
1704859860,+3.46,+24.703, +0.053,+0.931
1704859920,+3.46,+24.687, +0.054,+0.931
1704859980,+3.46,+24.712, +0.053,+0.931
1704860040,+3.46,+24.678, +0.053,+0.931
1704860100,+3.46,+24.695, +0.053,+0.931
1704860160,+3.46,+24.687, +0.053,+0.931
1704860220,+3.46,+24.687, +0.053,+0.931
1704860280,+3.46,+24.695, +0.052,+0.931
1704860340,+3.46,+24.695, +0.053,+0.931
1704860400,+3.46,+24.687, +0.053,+0.931
1704860460,+3.46,+24.687, +0.053,+0.931
1704860520,+3.46,+24.695, +0.053,+0.931
1704860580,+3.46,+24.687, +0.053,+0.931
1704860640,+3.46,+24.687, +0.053,+0.931
1704860700,+3.46,+24.687, +0.052,+0.931
1704860760,+3.46,+24.703, +0.053,+0.931
1704860820,+3.46,+24.678, +0.053,+0.931
1704860880,+3.46,+24.695, +0.053,+0.931
1704860940,+3.46,+24.670, +0.053,+0.931
1704861000,+3.46,+24.678, +0.070,+0.932
1704861060,+3.46,+24.678, +0.053,+0.931
1704861120,+3.46,+24.670, +0.053,+0.931
1704861180,+3.46,+24.695, +0.053,+0.931
1704861240,+3.46,+24.678, +0.053,+0.931
1704861300,+3.46,+24.670, +0.054,+0.931
1704861360,+3.46,+24.678, +0.053,+0.931
1704861420,+3.46,+24.661, +0.053,+0.931
1704861480,+3.46,+24.670, +0.053,+0.931
1704861540,+3.46,+24.653, +0.053,+0.931
1704861600,+3.46,+24.670, +0.055,+0.931
1704861660,+3.46,+24.678, +0.053,+0.931
1704861720,+3.46,+24.670, +0.053,+0.931
1704861780,+3.46,+24.653, +0.053,+0.931
1704861840,+3.46,+24.670, +0.053,+0.931
1704861900,+3.46,+24.670, +0.053,+0.931
1704861960,+3.46,+24.661, +0.053,+0.931
1704862020,+3.46,+24.661, +0.053,+0.931
1704862080,+3.46,+24.653, +0.053,+0.931
1704862140,+3.46,+24.653, +0.052,+0.931
1704862200,+3.46,+24.670, +0.053,+0.931
1704862260,+3.46,+24.653, +0.053,+0.931
1704862320,+3.46,+24.670, +0.053,+0.931
1704862380,+3.46,+24.661, +0.053,+0.931
1704862440,+3.46,+24.661, +0.053,+0.931
1704862500,+3.46,+24.653, +0.054,+0.931
1704862560,+3.46,+24.653, +0.053,+0.931
1704862620,+3.46,+24.670, +0.053,+0.931
1704862680,+3.46,+24.653, +0.052,+0.931
1704862740,+3.46,+24.653, +0.053,+0.931
1704862800,+3.46,+24.645, +0.052,+0.931
1704862860,+3.46,+24.645, +0.053,+0.931
1704862920,+3.46,+24.645, +0.053,+0.931
1704862980,+3.46,+24.645, +0.053,+0.931
1704863040,+3.46,+24.636, +0.053,+0.931
1704863100,+3.46,+24.653, +0.053,+0.931
1704863160,+3.46,+24.636, +0.053,+0.931
1704863220,+3.46,+24.653, +0.053,+0.931
1704863280,+3.46,+24.661, +0.053,+0.931
1704863340,+3.46,+24.636, +0.053,+0.931
1704863400,+3.46,+24.636, +0.053,+0.931
1704863460,+3.46,+24.636, +0.053,+0.931
1704863520,+3.46,+24.628, +0.053,+0.931
1704863580,+3.46,+24.636, +0.060,+0.931
1704863640,+3.46,+24.603, +0.053,+0.931
1704863700,+3.46,+24.645, +0.053,+0.931
1704863760,+3.46,+24.645, +0.053,+0.931
1704863820,+3.46,+24.653, +0.053,+0.931
1704863880,+3.46,+24.628, +0.053,+0.931
1704863940,+3.46,+24.628, +0.053,+0.931
1704864000,+3.46,+24.636, +0.053,+0.931
1704864060,+3.46,+24.619, +0.053,+0.931
1704864120,+3.46,+24.619, +0.053,+0.931
1704864180,+3.46,+24.619, +0.053,+0.931
1704864240,+3.46,+24.645, +0.053,+0.931
1704864300,+3.46,+24.653, +0.054,+0.931
1704864360,+3.46,+24.628, +0.053,+0.931
1704864420,+3.46,+24.628, +0.053,+0.931
1704864480,+3.46,+24.611, +0.053,+0.931
1704864540,+3.46,+24.636, +0.053,+0.931
1704864600,+3.46,+24.611, +0.053,+0.931
1704864660,+3.46,+24.603, +0.053,+0.931
1704864720,+3.46,+24.619, +0.054,+0.931
1704864780,+3.46,+24.603, +0.054,+0.931
1704864840,+3.46,+24.611, +0.053,+0.931
1704864900,+3.46,+24.628, +0.052,+0.931
1704864960,+3.46,+24.603, +0.053,+0.931
1704865020,+3.46,+24.594, +0.053,+0.931
1704865080,+3.46,+24.611, +0.053,+0.931
1704865140,+3.46,+24.611, +0.054,+0.931
1704865200,+3.46,+24.619, +0.053,+0.931
1704865260,+3.46,+24.611, +0.053,+0.931
1704865320,+3.46,+24.619, +0.052,+0.931
1704865380,+3.46,+24.611, +0.053,+0.931
1704865440,+3.46,+24.594, +0.053,+0.931
1704865500,+3.46,+24.603, +0.053,+0.931
1704865560,+3.46,+24.603, +0.052,+0.931
1704865620,+3.46,+24.611, +0.053,+0.931
1704865680,+3.46,+24.603, +0.053,+0.931
1704865740,+3.46,+24.594, +0.053,+0.931
1704865800,+3.46,+24.594, +0.053,+0.931
1704865860,+3.46,+24.594, +0.053,+0.931
1704865920,+3.46,+24.594, +0.053,+0.931
1704865980,+3.46,+24.603, +0.053,+0.931
1704866040,+3.46,+24.594, +0.053,+0.931
1704866100,+3.46,+24.603, +0.053,+0.931
1704866160,+3.46,+24.594, +0.053,+0.931
1704866220,+3.46,+24.586, +0.053,+0.931
1704866280,+3.46,+24.603, +0.053,+0.931
1704866340,+3.46,+24.586, +0.053,+0.931
1704866400,+3.46,+24.569, +0.053,+0.931
1704866460,+3.46,+24.586, +0.054,+0.931
1704866520,+3.46,+24.594, +0.053,+0.931
1704866580,+3.46,+24.586, +0.053,+0.931
1704866640,+3.46,+24.569, +0.053,+0.931
1704866700,+3.46,+24.569, +0.053,+0.931
1704866760,+3.46,+24.586, +0.053,+0.931
1704866820,+3.46,+24.577, +0.053,+0.931
1704866880,+3.46,+24.603, +0.053,+0.931
1704866940,+3.46,+24.577, +0.053,+0.931
1704867000,+3.46,+24.577, +0.053,+0.931
1704867060,+3.46,+24.577, +0.053,+0.931
1704867120,+3.46,+24.569, +0.053,+0.931
1704867180,+3.46,+24.561, +0.053,+0.931
1704867240,+3.46,+24.577, +0.053,+0.931
1704867300,+3.46,+24.569, +0.053,+0.931
1704867360,+3.46,+24.594, +0.053,+0.931
1704867420,+3.46,+24.552, +0.053,+0.931
1704867480,+3.46,+24.561, +0.053,+0.931
1704867540,+3.46,+24.577, +0.053,+0.931
1704867600,+3.46,+24.577, +0.053,+0.931
1704867660,+3.46,+24.561, +0.053,+0.931
1704867720,+3.46,+24.569, +0.053,+0.931
1704867780,+3.46,+24.561, +0.053,+0.931
1704867840,+3.46,+24.577, +0.053,+0.931
1704867900,+3.46,+24.586, +0.053,+0.931
1704867960,+3.46,+24.569, +0.053,+0.931
1704868020,+3.46,+24.561, +0.053,+0.931
1704868080,+3.46,+24.544, +0.053,+0.931
1704868140,+3.46,+24.577, +0.053,+0.931
1704868200,+3.46,+24.569, +0.053,+0.931
1704868260,+3.46,+24.561, +0.053,+0.931
1704868320,+3.46,+24.544, +0.053,+0.931
1704868380,+3.46,+24.561, +0.053,+0.931
1704868440,+3.46,+24.561, +0.053,+0.931
1704868500,+3.46,+24.561, +0.053,+0.931
1704868560,+3.46,+24.561, +0.053,+0.931
1704868620,+3.46,+24.552, +0.053,+0.931
1704868680,+3.46,+24.561, +0.053,+0.931
1704868740,+3.46,+24.561, +0.053,+0.931
1704868800,+3.46,+24.544, +0.053,+0.931
1704868860,+3.46,+24.544, +0.053,+0.931
1704868920,+3.46,+24.561, +0.053,+0.931
1704868980,+3.46,+24.552, +0.052,+0.931
1704869040,+3.46,+24.569, +0.053,+0.931
1704869100,+3.46,+24.569, +0.053,+0.931
1704869160,+3.46,+24.544, +0.053,+0.931
1704869220,+3.46,+24.552, +0.053,+0.931
1704869280,+3.46,+24.569, +0.053,+0.931
1704869340,+3.46,+24.535, +0.053,+0.931
1704869400,+3.46,+24.552, +0.053,+0.931
1704869460,+3.46,+24.561, +0.052,+0.931
1704869520,+3.46,+24.552, +0.053,+0.931
1704869580,+3.46,+24.552, +0.053,+0.931
1704869640,+3.46,+24.544, +0.053,+0.931
1704869700,+3.46,+24.561, +0.052,+0.931
1704869760,+3.46,+24.561, +0.053,+0.931
1704869820,+3.46,+24.552, +0.053,+0.931
1704869880,+3.46,+24.552, +0.053,+0.931
1704869940,+3.46,+24.561, +0.053,+0.931
1704870000,+3.46,+24.552, +0.053,+0.931
1704870060,+3.46,+24.552, +0.053,+0.931
1704870120,+3.46,+24.552, +0.053,+0.931
1704870180,+3.46,+24.544, +0.053,+0.931
1704870240,+3.46,+24.535, +0.053,+0.931
1704870300,+3.46,+24.535, +0.053,+0.931
1704870360,+3.46,+24.535, +0.053,+0.931
1704870420,+3.46,+24.544, +0.053,+0.931
1704870480,+3.46,+24.544, +0.053,+0.931
1704870540,+3.46,+24.535, +0.053,+0.931
1704870600,+3.46,+24.552, +0.053,+0.931
1704870660,+3.46,+24.544, +0.053,+0.931
1704870720,+3.46,+24.527, +0.053,+0.931
1704870780,+3.46,+24.535, +0.053,+0.931
1704870840,+3.46,+24.535, +0.053,+0.931
1704870900,+3.46,+24.510, +0.053,+0.931
1704870960,+3.46,+24.535, +0.053,+0.931
1704871020,+3.46,+24.527, +0.053,+0.931
1704871080,+3.46,+24.527, +0.053,+0.931
1704871140,+3.46,+24.527, +0.052,+0.931
1704871200,+3.46,+24.519, +0.052,+0.931
1704871260,+3.46,+24.527, +0.053,+0.931
1704871320,+3.46,+24.527, +0.053,+0.931
1704871380,+3.46,+24.519, +0.053,+0.931
1704871440,+3.46,+24.527, +0.053,+0.931
1704871500,+3.46,+24.510, +0.053,+0.931
1704871560,+3.46,+24.519, +0.053,+0.931
1704871620,+3.46,+24.527, +0.053,+0.931
1704871680,+3.46,+24.510, +0.053,+0.931
1704871740,+3.46,+24.519, +0.053,+0.931
1704871800,+3.46,+24.493, +0.053,+0.931
1704871860,+3.46,+24.502, +0.053,+0.931
1704871920,+3.46,+24.502, +0.053,+0.931
1704871980,+3.46,+24.502, +0.053,+0.931
1704872040,+3.46,+24.485, +0.052,+0.931
1704872100,+3.46,+24.510, +0.053,+0.931
1704872160,+3.46,+24.519, +0.053,+0.931
1704872220,+3.46,+24.493, +0.053,+0.931
1704872280,+3.46,+24.527, +0.053,+0.931
1704872340,+3.46,+24.502, +0.053,+0.931
1704872400,+3.46,+24.502, +0.053,+0.931
1704872460,+3.46,+24.510, +0.053,+0.931
1704872520,+3.46,+24.510, +0.053,+0.931
1704872580,+3.46,+24.485, +0.053,+0.931
1704872640,+3.46,+24.493, +0.053,+0.931
1704872700,+3.46,+24.502, +0.053,+0.931
1704872760,+3.46,+24.493, +0.053,+0.931
1704872820,+3.46,+24.502, +0.052,+0.931
1704872880,+3.46,+24.477, +0.053,+0.931
1704872940,+3.46,+24.493, +0.053,+0.931
1704873000,+3.46,+24.485, +0.053,+0.931
1704873060,+3.46,+24.477, +0.053,+0.931
1704873120,+3.46,+24.477, +0.052,+0.931
1704873180,+3.46,+24.485, +0.053,+0.931
1704873240,+3.46,+24.468, +0.053,+0.931
1704873300,+3.46,+24.493, +0.053,+0.931
1704873360,+3.46,+24.477, +0.053,+0.931
1704873420,+3.46,+24.477, +0.053,+0.931
1704873480,+3.46,+24.460, +0.053,+0.931
1704873540,+3.46,+24.477, +0.053,+0.931
1704873600,+3.46,+24.477, +0.053,+0.931
1704873660,+3.46,+24.468, +0.053,+0.931
1704873720,+3.46,+24.460, +0.052,+0.931
1704873780,+3.46,+24.451, +0.053,+0.931
1704873840,+3.46,+24.477, +0.052,+0.931
1704873900,+3.46,+24.468, +0.052,+0.931
1704873960,+3.46,+24.477, +0.053,+0.931
1704874020,+3.46,+24.493, +0.053,+0.931
1704874080,+3.46,+24.477, +0.053,+0.931
1704874140,+3.46,+24.451, +0.052,+0.931
1704874200,+3.46,+24.477, +0.052,+0.931
1704874260,+3.46,+24.460, +0.053,+0.931
1704874320,+3.46,+24.468, +0.053,+0.931
1704874380,+3.46,+24.485, +0.053,+0.931
1704874440,+3.46,+24.451, +0.053,+0.931
1704874500,+3.46,+24.468, +0.053,+0.931
1704874560,+3.46,+24.451, +0.053,+0.931
1704874620,+3.46,+24.468, +0.053,+0.931
1704874680,+3.46,+24.460, +0.053,+0.931
1704874740,+3.46,+24.451, +0.053,+0.931
1704874800,+3.46,+24.443, +0.053,+0.931
1704874860,+3.46,+24.451, +0.053,+0.931
1704874920,+3.46,+24.451, +0.053,+0.931
1704874980,+3.46,+24.460, +0.053,+0.931
1704875040,+3.46,+24.460, +0.053,+0.931
1704875100,+3.46,+24.451, +0.053,+0.931
1704875160,+3.46,+24.460, +0.053,+0.931
1704875220,+3.46,+24.451, +0.053,+0.931
1704875280,+3.46,+24.460, +0.053,+0.931
1704875340,+3.46,+24.443, +0.052,+0.931
1704875400,+3.46,+24.435, +0.053,+0.931
1704875460,+3.46,+24.451, +0.053,+0.931
1704875520,+3.46,+24.451, +0.052,+0.931
1704875580,+3.46,+24.451, +0.052,+0.931
1704875640,+3.46,+24.460, +0.053,+0.931
1704875700,+3.46,+24.460, +0.052,+0.931
1704875760,+3.46,+24.443, +0.052,+0.931
1704875820,+3.46,+24.426, +0.053,+0.931
1704875880,+3.46,+24.443, +0.053,+0.931
1704875940,+3.46,+24.460, +0.053,+0.931
1704876000,+3.46,+24.435, +0.052,+0.931
1704876060,+3.46,+24.468, +0.053,+0.931
1704876120,+3.46,+24.435, +0.052,+0.931
1704876180,+3.46,+24.426, +0.053,+0.931
1704876240,+3.46,+24.435, +0.053,+0.931
1704876300,+3.46,+24.443, +0.053,+0.931
1704876360,+3.46,+24.435, +0.053,+0.931
1704876420,+3.46,+24.443, +0.053,+0.931
1704876480,+3.46,+24.435, +0.053,+0.931
1704876540,+3.46,+24.435, +0.053,+0.931
1704876600,+3.46,+24.426, +0.053,+0.931
1704876660,+3.46,+24.443, +0.053,+0.931
1704876720,+3.46,+24.435, +0.053,+0.931
1704876780,+3.46,+24.426, +0.053,+0.931
1704876840,+3.46,+24.435, +0.053,+0.931
1704876900,+3.46,+24.443, +0.053,+0.931
1704876960,+3.46,+24.443, +0.053,+0.931
1704877020,+3.46,+24.426, +0.053,+0.931
1704877080,+3.46,+24.435, +0.052,+0.931
1704877140,+3.46,+24.426, +0.053,+0.931
1704877200,+3.46,+24.418, +0.053,+0.931
1704877260,+3.46,+24.426, +0.052,+0.931
1704877320,+3.46,+24.435, +0.053,+0.931
1704877380,+3.46,+24.418, +0.053,+0.931
1704877440,+3.46,+24.426, +0.053,+0.931
1704877500,+3.46,+24.435, +0.053,+0.931
1704877560,+3.46,+24.418, +0.052,+0.931
1704877620,+3.46,+24.435, +0.053,+0.931
1704877680,+3.46,+24.426, +0.053,+0.931
1704877740,+3.46,+24.435, +0.052,+0.931
1704877800,+3.46,+24.435, +0.053,+0.931
1704877860,+3.46,+24.410, +0.053,+0.931
1704877920,+3.46,+24.426, +0.053,+0.931
1704877980,+3.46,+24.426, +0.053,+0.931
1704878040,+3.46,+24.426, +0.053,+0.931
1704878100,+3.46,+24.418, +0.053,+0.931
1704878160,+3.46,+24.435, +0.053,+0.931
1704878220,+3.46,+24.418, +0.053,+0.931
1704878280,+3.46,+24.426, +0.053,+0.931
1704878340,+3.46,+24.418, +0.053,+0.931
1704878400,+3.46,+24.418, +0.053,+0.931
1704878460,+3.46,+24.418, +0.053,+0.931
1704878520,+3.46,+24.418, +0.053,+0.931
1704878580,+3.46,+24.410, +0.053,+0.931
1704878640,+3.46,+24.426, +0.053,+0.931
1704878700,+3.46,+24.418, +0.053,+0.931
1704878760,+3.46,+24.426, +0.053,+0.931
1704878820,+3.46,+24.418, +0.053,+0.931
1704878880,+3.46,+24.418, +0.053,+0.931
1704878940,+3.46,+24.410, +0.053,+0.931
1704879000,+3.46,+24.393, +0.053,+0.931
1704879060,+3.46,+24.418, +0.053,+0.931
1704879120,+3.46,+24.410, +0.053,+0.931
1704879180,+3.46,+24.410, +0.053,+0.931
1704879240,+3.46,+24.410, +0.053,+0.931
1704879300,+3.46,+24.401, +0.053,+0.931
1704879360,+3.46,+24.410, +0.053,+0.931
1704879420,+3.46,+24.418, +0.052,+0.931
1704879480,+3.46,+24.418, +0.053,+0.931
1704879540,+3.46,+24.410, +0.053,+0.931
1704879600,+3.46,+24.418, +0.053,+0.931
1704879660,+3.46,+24.410, +0.053,+0.931
1704879720,+3.46,+24.418, +0.053,+0.931
1704879780,+3.46,+24.410, +0.053,+0.931
1704879840,+3.46,+24.418, +0.053,+0.931
1704879900,+3.46,+24.426, +0.053,+0.931
1704879960,+3.46,+24.418, +0.052,+0.931
1704880020,+3.46,+24.426, +0.053,+0.931
1704880080,+3.46,+24.418, +0.053,+0.931
1704880140,+3.46,+24.410, +0.053,+0.931
1704880200,+3.46,+24.410, +0.052,+0.931
1704880260,+3.46,+24.384, +0.053,+0.931
1704880320,+3.46,+24.418, +0.053,+0.931
1704880380,+3.46,+24.401, +0.052,+0.931
1704880440,+3.46,+24.401, +0.053,+0.931
1704880500,+3.46,+24.410, +0.052,+0.931
1704880560,+3.46,+24.418, +0.053,+0.931
1704880620,+3.46,+24.410, +0.053,+0.931
1704880680,+3.46,+24.401, +0.052,+0.931
1704880740,+3.46,+24.393, +0.052,+0.931
1704880800,+3.46,+24.393, +0.053,+0.931
1704880860,+3.46,+24.410, +0.053,+0.931
1704880920,+3.46,+24.368, +0.053,+0.931
1704880980,+3.46,+24.393, +0.053,+0.931
1704881040,+3.46,+24.393, +0.053,+0.931
1704881100,+3.46,+24.410, +0.053,+0.931
1704881160,+3.46,+24.384, +0.052,+0.931
1704881220,+3.46,+24.376, +0.053,+0.931
1704881280,+3.46,+24.384, +0.053,+0.931
1704881340,+3.46,+24.384, +0.053,+0.931
1704881400,+3.46,+24.384, +0.053,+0.931
1704881460,+3.46,+24.368, +0.052,+0.931
1704881520,+3.46,+24.384, +0.053,+0.931
1704881580,+3.46,+24.393, +0.053,+0.931
1704881640,+3.46,+24.376, +0.053,+0.931
1704881700,+3.46,+24.384, +0.053,+0.931
1704881760,+3.46,+24.384, +0.053,+0.931
1704881820,+3.46,+24.368, +0.053,+0.931
1704881880,+3.46,+24.368, +0.052,+0.931
1704881940,+3.46,+24.376, +0.053,+0.931
1704882000,+3.46,+24.368, +0.053,+0.931
1704882060,+3.46,+24.384, +0.053,+0.931
1704882120,+3.46,+24.368, +0.053,+0.931
1704882180,+3.46,+24.368, +0.053,+0.931
1704882240,+3.46,+24.376, +0.053,+0.931
1704882300,+3.46,+24.368, +0.053,+0.931
1704882360,+3.46,+24.376, +0.053,+0.931
1704882420,+3.46,+24.376, +0.053,+0.931
1704882480,+3.46,+24.376, +0.053,+0.931
1704882540,+3.46,+24.368, +0.053,+0.931
1704882600,+3.46,+24.376, +0.053,+0.931
1704882660,+3.46,+24.376, +0.053,+0.931
1704882720,+3.46,+24.359, +0.053,+0.931
1704882780,+3.46,+24.359, +0.053,+0.931
1704882840,+3.46,+24.359, +0.053,+0.931
1704882900,+3.46,+24.342, +0.053,+0.931
1704882960,+3.46,+24.359, +0.053,+0.931
1704883020,+3.46,+24.359, +0.053,+0.931
1704883080,+3.46,+24.351, +0.053,+0.931
1704883140,+3.46,+24.351, +0.053,+0.931
1704883200,+3.46,+24.351, +0.052,+0.931
1704883260,+3.46,+24.334, +0.053,+0.931
1704883320,+3.46,+24.351, +0.052,+0.931
1704883380,+3.46,+24.334, +0.053,+0.931
1704883440,+3.46,+24.342, +0.053,+0.931
1704883500,+3.46,+24.351, +0.053,+0.931
1704883560,+3.46,+24.342, +0.052,+0.931
1704883620,+3.46,+24.351, +0.053,+0.931
1704883680,+3.46,+24.351, +0.052,+0.931
1704883740,+3.46,+24.342, +0.052,+0.931
1704883800,+3.46,+24.342, +0.054,+0.931
1704883860,+3.46,+24.326, +0.053,+0.931
1704883920,+3.46,+24.351, +0.053,+0.931
1704883980,+3.46,+24.334, +0.053,+0.931
1704884040,+3.46,+24.342, +0.052,+0.931
1704884100,+3.46,+24.326, +0.053,+0.931
1704884160,+3.46,+24.334, +0.053,+0.931
1704884220,+3.46,+24.326, +0.053,+0.931
1704884280,+3.46,+24.342, +0.053,+0.931
1704884340,+3.46,+24.342, +0.052,+0.931
1704884400,+3.46,+24.342, +0.054,+0.931
1704884460,+3.46,+24.342, +0.053,+0.931
1704884520,+3.46,+24.326, +0.053,+0.931
1704884580,+3.46,+24.334, +0.053,+0.931
1704884640,+3.46,+24.334, +0.053,+0.931
1704884700,+3.46,+24.334, +0.053,+0.931
1704884760,+3.46,+24.351, +0.053,+0.931
1704884820,+3.46,+24.326, +0.053,+0.931
1704884880,+3.46,+24.334, +0.053,+0.931
1704884940,+3.46,+24.334, +0.052,+0.931
1704885000,+3.46,+24.342, +0.052,+0.931
1704885060,+3.46,+24.326, +0.053,+0.931
1704885120,+3.46,+24.326, +0.053,+0.931
1704885180,+3.46,+24.334, +0.053,+0.931
1704885240,+3.46,+24.317, +0.053,+0.931
1704885300,+3.46,+24.326, +0.053,+0.931
1704885360,+3.46,+24.326, +0.053,+0.931
1704885420,+3.46,+24.326, +0.053,+0.931
1704885480,+3.46,+24.334, +0.053,+0.931
1704885540,+3.46,+24.326, +0.053,+0.931
1704885600,+3.46,+24.334, +0.053,+0.931
1704885660,+3.46,+24.342, +0.053,+0.931
1704885720,+3.46,+24.342, +0.053,+0.931
1704885780,+3.46,+24.334, +0.052,+0.931
1704885840,+3.46,+24.326, +0.053,+0.931
1704885900,+3.46,+24.334, +0.053,+0.931
1704885960,+3.46,+24.334, +0.052,+0.931
1704886020,+3.46,+24.326, +0.053,+0.931
1704886080,+3.46,+24.326, +0.053,+0.931
1704886140,+3.46,+24.342, +0.053,+0.931
1704886200,+3.46,+24.334, +0.053,+0.931
1704886260,+3.46,+24.317, +0.053,+0.931
1704886320,+3.46,+24.326, +0.052,+0.931
1704886380,+3.46,+24.300, +0.053,+0.931
1704886440,+3.46,+24.317, +0.053,+0.931
1704886500,+3.46,+24.326, +0.053,+0.931
1704886560,+3.46,+24.326, +0.052,+0.931
1704886620,+3.46,+24.334, +0.053,+0.931
1704886680,+3.46,+24.326, +0.052,+0.931
1704886740,+3.46,+24.334, +0.053,+0.931
1704886800,+3.46,+24.317, +0.053,+0.931
1704886860,+3.46,+24.326, +0.053,+0.931
1704886920,+3.46,+24.317, +0.053,+0.931
1704886980,+3.46,+24.317, +0.053,+0.931
1704887040,+3.46,+24.334, +0.052,+0.931
1704887100,+3.46,+24.292, +0.053,+0.931
1704887160,+3.46,+24.326, +0.053,+0.931
1704887220,+3.46,+24.326, +0.053,+0.931
1704887280,+3.46,+24.309, +0.053,+0.931
1704887340,+3.46,+24.309, +0.053,+0.931
1704887400,+3.46,+24.309, +0.053,+0.931
1704887460,+3.46,+24.326, +0.053,+0.931
1704887520,+3.46,+24.326, +0.053,+0.931
1704887580,+3.46,+24.317, +0.052,+0.931
1704887640,+3.46,+24.334, +0.053,+0.931
1704887700,+3.46,+24.326, +0.053,+0.931
1704887760,+3.46,+24.342, +0.053,+0.931
1704887820,+3.46,+24.317, +0.053,+0.931
1704887880,+3.46,+24.326, +0.052,+0.931
1704887940,+3.46,+24.326, +0.053,+0.931
1704888000,+3.46,+24.334, +0.053,+0.931
1704888060,+3.46,+24.334, +0.052,+0.931
1704888120,+3.46,+24.334, +0.053,+0.931
1704888180,+3.46,+24.317, +0.053,+0.931
1704888240,+3.46,+24.326, +0.052,+0.931
1704888300,+3.46,+24.342, +0.052,+0.931
1704888360,+3.46,+24.326, +0.053,+0.931
1704888420,+3.46,+24.334, +0.053,+0.931
1704888480,+3.46,+24.317, +0.053,+0.931
1704888540,+3.46,+24.317, +0.053,+0.931
1704888600,+3.46,+24.326, +0.053,+0.931
1704888660,+3.46,+24.342, +0.052,+0.931
1704888720,+3.46,+24.309, +0.052,+0.931
1704888780,+3.46,+24.326, +0.053,+0.931
1704888840,+3.46,+24.317, +0.053,+0.931
1704888900,+3.46,+24.326, +0.053,+0.931
1704888960,+3.46,+24.309, +0.053,+0.931
1704889020,+3.46,+24.342, +0.052,+0.931
1704889080,+3.46,+24.326, +0.053,+0.931
1704889140,+3.46,+24.334, +0.053,+0.931
1704889200,+3.46,+24.334, +0.053,+0.931
1704889260,+3.46,+24.334, +0.052,+0.931
1704889320,+3.46,+24.309, +0.053,+0.931
1704889380,+3.46,+24.309, +0.053,+0.931
1704889440,+3.46,+24.326, +0.052,+0.931
1704889500,+3.46,+24.309, +0.052,+0.931
1704889560,+3.46,+24.309, +0.052,+0.931
1704889620,+3.46,+24.300, +0.052,+0.931
1704889680,+3.46,+24.300, +0.053,+0.931
1704889740,+3.46,+24.292, +0.053,+0.931
1704889800,+3.46,+24.326, +0.053,+0.931
1704889860,+3.46,+24.309, +0.053,+0.931
1704889920,+3.46,+24.309, +0.053,+0.931
1704889980,+3.46,+24.326, +0.053,+0.931
1704890040,+3.46,+24.317, +0.052,+0.931
1704890100,+3.46,+24.309, +0.053,+0.931
1704890160,+3.46,+24.317, +0.053,+0.931
1704890220,+3.46,+24.300, +0.052,+0.931
1704890280,+3.46,+24.309, +0.052,+0.931
1704890340,+3.46,+24.309, +0.053,+0.931
1704890400,+3.46,+24.317, +0.052,+0.931
1704890460,+3.46,+24.326, +0.053,+0.931
1704890520,+3.46,+24.317, +0.053,+0.931
1704890580,+3.46,+24.309, +0.053,+0.931
1704890640,+3.46,+24.309, +0.053,+0.931
1704890700,+3.46,+24.326, +0.052,+0.931
1704890760,+3.46,+24.317, +0.053,+0.931
1704890820,+3.46,+24.317, +0.052,+0.931
1704890880,+3.46,+24.326, +0.053,+0.931
1704890940,+3.46,+24.342, +0.052,+0.931
1704891000,+3.46,+24.309, +0.053,+0.931
1704891060,+3.46,+24.300, +0.053,+0.931
1704891120,+3.46,+24.326, +0.053,+0.931
1704891180,+3.46,+24.342, +0.052,+0.931
1704891240,+3.46,+24.317, +0.053,+0.931
1704891300,+3.46,+24.326, +0.052,+0.931
1704891360,+3.46,+24.326, +0.053,+0.931
1704891420,+3.46,+24.317, +0.053,+0.931
1704891480,+3.46,+24.334, +0.053,+0.931
1704891540,+3.46,+24.334, +0.053,+0.931
1704891600,+3.46,+24.334, +0.053,+0.931
1704891660,+3.46,+24.334, +0.053,+0.931
1704891720,+3.46,+24.342, +0.053,+0.931
1704891780,+3.46,+24.342, +0.053,+0.931
1704891840,+3.46,+24.326, +0.052,+0.931
1704891900,+3.46,+24.326, +0.053,+0.931
1704891960,+3.46,+24.326, +0.053,+0.931
1704892020,+3.46,+24.342, +0.053,+0.931
1704892080,+3.46,+24.342, +0.053,+0.931
1704892140,+3.46,+24.334, +0.053,+0.931
1704892200,+3.46,+24.359, +0.053,+0.931
1704892260,+3.46,+24.351, +0.053,+0.931
1704892320,+3.46,+24.342, +0.053,+0.931
1704892380,+3.46,+24.359, +0.053,+0.931
1704892440,+3.46,+24.376, +0.053,+0.931
1704892500,+3.46,+24.351, +0.052,+0.931
1704892560,+3.46,+24.351, +0.052,+0.931
1704892620,+3.46,+24.351, +0.053,+0.931
1704892680,+3.46,+24.359, +0.053,+0.931
1704892740,+3.46,+24.376, +0.053,+0.931
1704892800,+3.46,+24.384, +0.053,+0.931
1704892860,+3.46,+24.359, +0.053,+0.931
1704892920,+3.46,+24.368, +0.053,+0.931
1704892980,+3.46,+24.351, +0.054,+0.931
1704893040,+3.46,+24.368, +0.053,+0.931
1704893100,+3.46,+24.359, +0.053,+0.931
1704893160,+3.46,+24.359, +0.052,+0.931
1704893220,+3.46,+24.368, +0.052,+0.931
1704893280,+3.46,+24.384, +0.053,+0.931
1704893340,+3.46,+24.376, +0.053,+0.931
1704893400,+3.46,+24.393, +0.053,+0.931
1704893460,+3.46,+24.368, +0.053,+0.931
1704893520,+3.46,+24.384, +0.053,+0.931
1704893580,+3.46,+24.376, +0.053,+0.931
1704893640,+3.46,+24.376, +0.052,+0.931
1704893700,+3.46,+24.384, +0.053,+0.931
1704893760,+3.46,+24.393, +0.053,+0.931
1704893820,+3.46,+24.384, +0.053,+0.931
1704893880,+3.46,+24.384, +0.052,+0.931
1704893940,+3.46,+24.384, +0.053,+0.931
1704894000,+3.46,+24.393, +0.053,+0.931
1704894060,+3.46,+24.410, +0.053,+0.931
1704894120,+3.46,+24.401, +0.053,+0.931
1704894180,+3.46,+24.393, +0.053,+0.931
1704894240,+3.46,+24.401, +0.052,+0.931
1704894300,+3.46,+24.418, +0.053,+0.931
1704894360,+3.46,+24.418, +0.053,+0.931
1704894420,+3.46,+24.418, +0.053,+0.931
1704894480,+3.46,+24.435, +0.052,+0.931
1704894540,+3.46,+24.426, +0.053,+0.931
1704894600,+3.46,+24.426, +0.053,+0.931
1704894660,+3.46,+24.426, +0.053,+0.931
1704894720,+3.46,+24.418, +0.052,+0.931
1704894780,+3.46,+24.435, +0.052,+0.931
1704894840,+3.46,+24.451, +0.052,+0.931
1704894900,+3.46,+24.426, +0.053,+0.931
1704894960,+3.46,+24.443, +0.053,+0.931
1704895020,+3.46,+24.451, +0.053,+0.931
1704895080,+3.46,+24.460, +0.053,+0.931
1704895140,+3.46,+24.460, +0.053,+0.931
1704895200,+3.46,+24.460, +0.052,+0.931
1704895260,+3.46,+24.468, +0.052,+0.931
1704895320,+3.46,+24.485, +0.053,+0.931
1704895380,+3.46,+24.460, +0.053,+0.931
1704895440,+3.46,+24.460, +0.053,+0.931
1704895500,+3.46,+24.477, +0.053,+0.931
1704895560,+3.46,+24.460, +0.053,+0.931
1704895620,+3.46,+24.477, +0.053,+0.931
1704895680,+3.46,+24.493, +0.053,+0.931
1704895740,+3.46,+24.460, +0.053,+0.931
1704895800,+3.46,+24.485, +0.053,+0.931
1704895860,+3.46,+24.502, +0.053,+0.931
1704895920,+3.46,+24.502, +0.052,+0.931
1704895980,+3.46,+24.502, +0.053,+0.931
1704896040,+3.46,+24.519, +0.053,+0.931
1704896100,+3.46,+24.502, +0.053,+0.931
1704896160,+3.46,+24.510, +0.053,+0.931
1704896220,+3.46,+24.519, +0.053,+0.931
1704896280,+3.46,+24.527, +0.053,+0.931
1704896340,+3.46,+24.527, +0.053,+0.931
1704896400,+3.46,+24.519, +0.053,+0.931
1704896460,+3.46,+24.527, +0.052,+0.931
1704896520,+3.46,+24.527, +0.053,+0.931
1704896580,+3.46,+24.527, +0.053,+0.931
1704896640,+3.46,+24.535, +0.053,+0.931
1704896700,+3.46,+24.527, +0.053,+0.931
1704896760,+3.46,+24.535, +0.053,+0.931
1704896820,+3.46,+24.535, +0.052,+0.931
1704896880,+3.46,+24.544, +0.052,+0.931
1704896940,+3.46,+24.552, +0.053,+0.931
1704897000,+3.46,+24.535, +0.053,+0.931
1704897060,+3.46,+24.544, +0.052,+0.931
1704897120,+3.46,+24.544, +0.052,+0.931
1704897180,+3.46,+24.552, +0.053,+0.931
1704897240,+3.46,+24.561, +0.052,+0.931
1704897300,+3.46,+24.569, +0.053,+0.931
1704897360,+3.46,+24.552, +0.053,+0.931
1704897420,+3.46,+24.544, +0.053,+0.931
1704897480,+3.46,+24.569, +0.053,+0.931
1704897540,+3.46,+24.561, +0.053,+0.931
1704897600,+3.46,+24.569, +0.053,+0.931
1704897660,+3.46,+24.552, +0.053,+0.931
1704897720,+3.46,+24.569, +0.053,+0.931
1704897780,+3.46,+24.569, +0.053,+0.931
1704897840,+3.46,+24.569, +0.053,+0.931
1704897900,+3.46,+24.569, +0.053,+0.931
1704897960,+3.46,+24.569, +0.053,+0.931
1704898020,+3.46,+24.569, +0.053,+0.931
1704898080,+3.46,+24.594, +0.053,+0.931
1704898140,+3.46,+24.586, +0.053,+0.931
1704898200,+3.46,+24.594, +0.053,+0.931
1704898260,+3.46,+24.619, +0.052,+0.931
1704898320,+3.46,+24.611, +0.052,+0.931
1704898380,+3.46,+24.611, +0.053,+0.931
1704898440,+3.46,+24.619, +0.053,+0.931
1704898500,+3.46,+24.611, +0.053,+0.931
1704898560,+3.46,+24.619, +0.053,+0.931
1704898620,+3.46,+24.636, +0.053,+0.931
1704898680,+3.46,+24.611, +0.053,+0.931
1704898740,+3.46,+24.636, +0.053,+0.931
1704898800,+3.46,+24.636, +0.053,+0.931
1704898860,+3.46,+24.636, +0.053,+0.931
1704898920,+3.46,+24.645, +0.052,+0.931
1704898980,+3.46,+24.645, +0.053,+0.931
1704899040,+3.46,+24.661, +0.053,+0.931
1704899100,+3.46,+24.661, +0.053,+0.930
1704899160,+3.46,+24.670, +0.053,+0.931
1704899220,+3.46,+24.653, +0.052,+0.931
1704899280,+3.46,+24.678, +0.053,+0.931
1704899340,+3.46,+24.678, +0.052,+0.930
1704899400,+3.46,+24.687, +0.053,+0.931
1704899460,+3.46,+24.703, +0.053,+0.931
1704899520,+3.46,+24.703, +0.053,+0.930
1704899580,+3.46,+24.695, +0.053,+0.931
1704899640,+3.46,+24.703, +0.053,+0.930
1704899700,+3.46,+24.695, +0.053,+0.930
1704899760,+3.46,+24.703, +0.053,+0.931
1704899820,+3.46,+24.712, +0.052,+0.930
1704899880,+3.46,+24.695, +0.053,+0.931
1704899940,+3.46,+24.695, +0.052,+0.931
1704900000,+3.46,+24.703, +0.053,+0.931
1704900060,+3.46,+24.703, +0.053,+0.931
1704900120,+3.46,+24.712, +0.053,+0.930
1704900180,+3.46,+24.720, +0.053,+0.931
1704900240,+3.46,+24.703, +0.052,+0.931
1704900300,+3.46,+24.720, +0.053,+0.930
1704900360,+3.46,+24.729, +0.053,+0.931
1704900420,+3.46,+24.745, +0.052,+0.930
1704900480,+3.46,+24.737, +0.053,+0.931
1704900540,+3.46,+24.754, +0.053,+0.930
1704900600,+3.46,+24.754, +0.052,+0.930
1704900660,+3.46,+24.779, +0.053,+0.930
1704900720,+3.46,+24.762, +0.053,+0.930
1704900780,+3.46,+24.796, +0.052,+0.930
1704900840,+3.46,+24.787, +0.053,+0.930
1704900900,+3.46,+24.804, +0.053,+0.930
1704900960,+3.46,+24.813, +0.052,+0.930
1704901020,+3.46,+24.829, +0.053,+0.930
1704901080,+3.46,+24.838, +0.053,+0.930
1704901140,+3.46,+24.863, +0.053,+0.930
1704901200,+3.46,+24.871, +0.053,+0.930
1704901260,+3.46,+24.888, +0.053,+0.930
1704901320,+3.46,+24.897, +0.053,+0.931
1704901380,+3.46,+24.897, +0.053,+0.930
1704901440,+3.46,+24.930, +0.053,+0.930
1704901500,+3.46,+24.922, +0.052,+0.930
1704901560,+3.46,+24.905, +0.053,+0.930
1704901620,+3.46,+24.913, +0.052,+0.930
1704901680,+3.46,+24.888, +0.053,+0.930
1704901740,+3.46,+24.913, +0.052,+0.930
1704901800,+3.46,+24.888, +0.053,+0.930
1704901860,+3.46,+24.905, +0.053,+0.930
1704901920,+3.46,+24.930, +0.053,+0.930
1704901980,+3.46,+24.922, +0.053,+0.930
1704902040,+3.46,+24.930, +0.052,+0.930
1704902100,+3.46,+24.939, +0.053,+0.930
1704902160,+3.46,+24.947, +0.053,+0.930
1704902220,+3.46,+24.955, +0.053,+0.930
1704902280,+3.46,+24.955, +0.053,+0.930
1704902340,+3.46,+24.972, +0.053,+0.930
1704902400,+3.46,+24.981, +0.053,+0.930
1704902460,+3.46,+24.972, +0.053,+0.930
1704902520,+3.46,+24.997, +0.053,+0.930
1704902580,+3.46,+24.981, +0.053,+0.930
1704902640,+3.46,+24.981, +0.053,+0.930
1704902700,+3.46,+24.981, +0.052,+0.930
1704902760,+3.46,+24.989, +0.053,+0.930
1704902820,+3.46,+24.981, +0.053,+0.930
1704902880,+3.46,+24.997, +0.053,+0.930
1704902940,+3.46,+25.031, +0.053,+0.930
1704903000,+3.46,+25.048, +0.052,+0.930
1704903060,+3.46,+25.065, +0.053,+0.930
1704903120,+3.46,+25.073, +0.053,+0.930
1704903180,+3.46,+25.065, +0.053,+0.930
1704903240,+3.46,+25.090, +0.053,+0.930
1704903300,+3.46,+25.107, +0.053,+0.930
1704903360,+3.46,+25.107, +0.052,+0.930
1704903420,+3.46,+25.124, +0.053,+0.930
1704903480,+3.46,+25.124, +0.053,+0.930
1704903540,+3.46,+25.166, +0.053,+0.930
1704903600,+3.46,+25.182, +0.053,+0.930
1704903660,+3.46,+25.174, +0.053,+0.930
1704903720,+3.46,+25.191, +0.053,+0.930
1704903780,+3.46,+25.182, +0.053,+0.930
1704903840,+3.46,+25.199, +0.052,+0.930
1704903900,+3.46,+25.182, +0.053,+0.930
1704903960,+3.46,+25.191, +0.052,+0.930
1704904020,+3.46,+25.216, +0.053,+0.930
1704904080,+3.46,+25.208, +0.053,+0.930
1704904140,+3.46,+25.241, +0.053,+0.930
1704904200,+3.46,+25.250, +0.053,+0.930
1704904260,+3.46,+25.267, +0.053,+0.930
1704904320,+3.46,+25.283, +0.053,+0.930
1704904380,+3.46,+25.275, +0.053,+0.930
1704904440,+3.46,+25.317, +0.053,+0.930
1704904500,+3.46,+25.317, +0.053,+0.930
1704904560,+3.46,+25.351, +0.052,+0.930
1704904620,+3.46,+25.368, +0.053,+0.930
1704904680,+3.46,+25.376, +0.053,+0.930
1704904740,+3.46,+25.393, +0.053,+0.930
1704904800,+3.46,+25.410, +0.053,+0.930
1704904860,+3.46,+25.427, +0.053,+0.930
1704904920,+3.46,+25.452, +0.053,+0.930
1704904980,+3.46,+25.460, +0.053,+0.930
1704905040,+3.46,+25.477, +0.053,+0.930
1704905100,+3.46,+25.469, +0.053,+0.930
1704905160,+3.46,+25.511, +0.053,+0.930
1704905220,+3.46,+25.502, +0.053,+0.930
1704905280,+3.46,+25.528, +0.053,+0.930
1704905340,+3.46,+25.494, +0.052,+0.929
1704905400,+3.46,+25.485, +0.053,+0.930
1704905460,+3.46,+25.511, +0.053,+0.929
1704905520,+3.46,+25.502, +0.053,+0.930
1704905580,+3.46,+25.536, +0.053,+0.930
1704905640,+3.46,+25.553, +0.053,+0.930
1704905700,+3.46,+25.544, +0.053,+0.929
1704905760,+3.46,+25.570, +0.053,+0.930
1704905820,+3.46,+25.587, +0.053,+0.930
1704905880,+3.46,+25.629, +0.053,+0.929
1704905940,+3.46,+25.654, +0.053,+0.930
1704906000,+3.46,+25.688, +0.053,+0.929
1704906060,+3.46,+25.688, +0.053,+0.929
1704906120,+3.46,+25.688, +0.053,+0.929
1704906180,+3.46,+25.679, +0.053,+0.929
1704906240,+3.46,+25.679, +0.053,+0.929
1704906300,+3.46,+25.671, +0.052,+0.929
1704906360,+3.46,+25.671, +0.052,+0.929
1704906420,+3.46,+25.662, +0.052,+0.929
1704906480,+3.46,+25.646, +0.052,+0.929
1704906540,+3.46,+25.654, +0.053,+0.929
1704906600,+3.46,+25.671, +0.053,+0.929
1704906660,+3.46,+25.679, +0.053,+0.929
1704906720,+3.46,+25.713, +0.052,+0.929
1704906780,+3.46,+25.696, +0.052,+0.929
1704906840,+3.46,+25.679, +0.052,+0.929
1704906900,+3.46,+25.671, +0.053,+0.929
1704906960,+3.46,+25.662, +0.052,+0.929
1704907020,+3.46,+25.662, +0.052,+0.929
1704907080,+3.46,+25.662, +0.053,+0.929
1704907140,+3.46,+25.654, +0.052,+0.929
1704907200,+3.46,+25.654, +0.052,+0.929
1704907260,+3.46,+25.671, +0.053,+0.929
1704907320,+3.46,+25.662, +0.053,+0.929
1704907380,+3.46,+25.654, +0.052,+0.929
1704907440,+3.46,+25.662, +0.053,+0.929
1704907500,+3.46,+25.662, +0.053,+0.929
1704907560,+3.46,+25.688, +0.052,+0.929
1704907620,+3.46,+25.705, +0.053,+0.929
1704907680,+3.46,+25.721, +0.052,+0.930
1704907740,+3.46,+25.705, +0.052,+0.929
1704907800,+3.46,+25.696, +0.053,+0.929
1704907860,+3.46,+25.688, +0.052,+0.929
1704907920,+3.46,+25.679, +0.053,+0.930
1704907980,+3.46,+25.696, +0.053,+0.929
1704908040,+3.46,+25.721, +0.053,+0.929
1704908100,+3.46,+25.721, +0.053,+0.930
1704908160,+3.46,+25.738, +0.053,+0.930
1704908220,+3.46,+25.747, +0.053,+0.929
1704908280,+3.46,+25.789, +0.053,+0.930
1704908340,+3.46,+25.797, +0.053,+0.929
1704908400,+3.46,+25.789, +0.053,+0.930
1704908460,+3.46,+25.780, +0.054,+0.930
1704908520,+3.46,+25.772, +0.053,+0.930
1704908580,+3.46,+25.764, +0.052,+0.929
1704908640,+3.46,+25.747, +0.053,+0.930
1704908700,+3.46,+25.738, +0.053,+0.930
1704908760,+3.46,+25.755, +0.053,+0.930
1704908820,+3.46,+25.747, +0.053,+0.930
1704908880,+3.46,+25.738, +0.053,+0.930
1704908940,+3.46,+25.764, +0.053,+0.930
1704909000,+3.46,+25.764, +0.054,+0.930
1704909060,+3.46,+25.789, +0.053,+0.930
1704909120,+3.46,+25.797, +0.054,+0.930
1704909180,+3.46,+25.797, +0.053,+0.930
1704909240,+3.46,+25.789, +0.053,+0.930
1704909300,+3.46,+25.806, +0.053,+0.930
1704909360,+3.46,+25.839, +0.053,+0.930
1704909420,+3.46,+25.865, +0.053,+0.930
1704909480,+3.46,+25.856, +0.053,+0.930
1704909540,+3.46,+25.839, +0.053,+0.930
1704909600,+3.46,+25.873, +0.053,+0.930
1704909660,+3.46,+25.873, +0.053,+0.930
1704909720,+3.46,+25.882, +0.053,+0.930
1704909780,+3.46,+25.890, +0.053,+0.930
1704909840,+3.46,+25.898, +0.053,+0.930
1704909900,+3.46,+25.898, +0.054,+0.930
1704909960,+3.46,+25.890, +0.054,+0.930
1704910020,+3.46,+25.907, +0.054,+0.930
1704910080,+3.46,+25.898, +0.053,+0.930
1704910140,+3.46,+25.907, +0.053,+0.930
1704910200,+3.46,+25.882, +0.053,+0.930
1704910260,+3.46,+25.882, +0.053,+0.930
1704910320,+3.46,+25.915, +0.053,+0.929
1704910380,+3.46,+25.924, +0.053,+0.930
1704910440,+3.46,+25.907, +0.053,+0.930
1704910500,+3.46,+25.907, +0.053,+0.930
1704910560,+3.46,+25.915, +0.054,+0.930
1704910620,+3.46,+25.924, +0.053,+0.930
1704910680,+3.46,+25.915, +0.053,+0.930
1704910740,+3.46,+25.949, +0.054,+0.930
1704910800,+3.46,+25.958, +0.054,+0.930
1704910860,+3.46,+25.974, +0.053,+0.930
1704910920,+3.46,+25.983, +0.053,+0.930
1704910980,+3.46,+25.983, +0.054,+0.930
1704911040,+3.46,+25.991, +0.053,+0.930
1704911100,+3.46,+26.000, +0.053,+0.930
1704911160,+3.46,+26.000, +0.053,+0.930
1704911220,+3.46,+26.017, +0.054,+0.930
