7450-988987
OS REV: 1.05 Sensor Cal: 1620327161
Time (sec),  BV (Volts),  T (deg C),  DO (mg/l),  Q ()
1623435060,+3.53,+30.586, +7.622,+0.974
1623435660,+3.53,+30.456, +7.643,+0.974
1623436260,+3.53,+28.427, +1.459,+0.977
1623436860,+3.54,+26.650, +0.250,+0.962
1623437460,+3.54,+26.481, +0.079,+0.957
1623438060,+3.53,+26.414, +0.074,+0.957
1623438660,+3.53,+26.380, +0.064,+0.957
1623439260,+3.53,+26.380, +0.055,+0.957
1623439860,+3.53,+26.354, +0.053,+0.957
1623440460,+3.53,+26.363, +0.051,+0.957
1623441060,+3.53,+26.371, +0.051,+0.957
1623441660,+3.53,+26.371, +0.050,+0.957
1623442260,+3.53,+26.363, +0.050,+0.957
1623442860,+3.53,+26.371, +0.050,+0.957
1623443460,+3.53,+26.405, +0.050,+0.957
1623444060,+3.53,+26.405, +0.051,+0.957
1623444660,+3.53,+26.388, +0.051,+0.957
1623445260,+3.53,+26.363, +0.050,+0.957
1623445860,+3.53,+26.329, +0.051,+0.957
1623446460,+3.53,+26.304, +0.051,+0.957
1623447060,+3.53,+26.253, +0.103,+0.960
1623447660,+3.53,+26.211, +0.159,+0.961
1623448260,+3.53,+26.185, +0.270,+0.965
1623448860,+3.53,+26.160, +0.256,+0.965
1623449460,+3.54,+26.135, +0.378,+0.968
1623450060,+3.54,+26.076, +0.261,+0.965
1623450660,+3.54,+26.067, +0.272,+0.965
1623451260,+3.54,+26.042, +0.201,+0.963
1623451860,+3.54,+26.017, +0.270,+0.965
1623452460,+3.54,+26.000, +0.261,+0.965
1623453060,+3.54,+26.000, +0.255,+0.964
1623453660,+3.54,+25.966, +0.176,+0.962
1623454260,+3.54,+25.958, +0.125,+0.961
1623454860,+3.54,+25.915, +0.113,+0.960
1623455460,+3.54,+25.907, +0.116,+0.960
1623456060,+3.54,+25.915, +0.073,+0.959
1623456660,+3.54,+25.873, +0.074,+0.959
1623457260,+3.54,+25.865, +0.076,+0.959
1623457860,+3.54,+25.856, +0.075,+0.959
1623458460,+3.54,+25.831, +0.060,+0.958
1623459060,+3.54,+25.806, +0.062,+0.959
1623459660,+3.54,+25.797, +0.054,+0.958
1623460260,+3.54,+25.772, +0.055,+0.958
1623460860,+3.54,+25.764, +0.053,+0.958
1623461460,+3.54,+25.738, +0.053,+0.958
1623462060,+3.54,+25.721, +0.051,+0.958
1623462660,+3.54,+25.705, +0.052,+0.958
1623463260,+3.54,+25.688, +0.052,+0.958
1623463860,+3.54,+25.679, +0.052,+0.958
1623464460,+3.54,+25.637, +0.051,+0.958
1623465060,+3.54,+25.629, +0.052,+0.958
1623465660,+3.54,+25.629, +0.058,+0.959
1623466260,+3.54,+25.620, +0.050,+0.958
1623466860,+3.54,+25.612, +0.053,+0.958
1623467460,+3.54,+25.603, +0.055,+0.958
1623468060,+3.54,+25.595, +0.051,+0.958
1623468660,+3.54,+25.570, +0.054,+0.959
1623469260,+3.54,+25.561, +0.053,+0.959
1623469860,+3.54,+25.553, +0.051,+0.958
1623470460,+3.54,+25.544, +0.052,+0.959
1623471060,+3.54,+25.544, +0.051,+0.958
1623471660,+3.54,+25.536, +0.050,+0.958
1623472260,+3.54,+25.519, +0.051,+0.958
1623472860,+3.54,+25.511, +0.051,+0.958
1623473460,+3.54,+25.494, +0.050,+0.958
1623474060,+3.54,+25.494, +0.051,+0.958
1623474660,+3.54,+25.477, +0.051,+0.958
1623475260,+3.54,+25.485, +0.058,+0.959
1623475860,+3.54,+25.460, +0.056,+0.959
1623476460,+3.54,+25.460, +0.053,+0.959
1623477060,+3.54,+25.452, +0.052,+0.959
1623477660,+3.54,+25.435, +0.073,+0.959
1623478260,+3.54,+25.427, +0.058,+0.959
1623478860,+3.54,+25.410, +0.053,+0.959
1623479460,+3.54,+25.393, +0.067,+0.959
1623480060,+3.54,+25.384, +0.052,+0.959
1623480660,+3.53,+25.351, +0.051,+0.959
1623481260,+3.53,+25.317, +0.059,+0.959
1623481860,+3.53,+25.309, +0.056,+0.959
1623482460,+3.53,+25.292, +0.051,+0.959
1623483060,+3.53,+25.241, +0.084,+0.960
1623483660,+3.53,+25.225, +0.066,+0.959
1623484260,+3.53,+25.182, +0.056,+0.959
1623484860,+3.53,+25.166, +0.062,+0.959
1623485460,+3.54,+25.140, +0.051,+0.959
1623486060,+3.54,+25.107, +0.056,+0.959
1623486660,+3.54,+25.073, +0.067,+0.959
1623487260,+3.54,+25.056, +0.055,+0.959
1623487860,+3.54,+25.014, +0.064,+0.959
1623488460,+3.54,+25.006, +0.051,+0.959
1623489060,+3.54,+24.972, +0.054,+0.959
1623489660,+3.54,+24.964, +0.055,+0.959
1623490260,+3.54,+24.922, +0.052,+0.959
1623490860,+3.54,+24.897, +0.052,+0.959
1623491460,+3.54,+24.880, +0.066,+0.960
1623492060,+3.54,+24.888, +0.050,+0.959
1623492660,+3.54,+24.863, +0.053,+0.959
1623493260,+3.54,+24.838, +0.054,+0.959
1623493860,+3.54,+24.829, +0.058,+0.959
1623494460,+3.54,+24.838, +0.050,+0.959
1623495060,+3.54,+24.821, +0.053,+0.959
1623495660,+3.54,+24.855, +0.052,+0.959
1623496260,+3.54,+24.838, +0.050,+0.959
1623496860,+3.54,+24.855, +0.051,+0.959
1623497460,+3.54,+24.871, +0.052,+0.959
1623498060,+3.54,+24.913, +0.050,+0.959
1623498660,+3.54,+24.930, +0.050,+0.959
1623499260,+3.54,+24.972, +0.050,+0.959
1623499860,+3.53,+24.989, +0.050,+0.959
1623500460,+3.53,+25.023, +0.051,+0.959
1623501060,+3.53,+25.082, +0.050,+0.959
1623501660,+3.53,+25.124, +0.050,+0.959
1623502260,+3.53,+25.166, +0.050,+0.959
1623502860,+3.53,+25.182, +0.050,+0.958
1623503460,+3.53,+25.233, +0.050,+0.959
1623504060,+3.53,+25.283, +0.050,+0.958
1623504660,+3.53,+25.359, +0.050,+0.958
1623505260,+3.54,+25.410, +0.050,+0.958
1623505860,+3.54,+25.460, +0.050,+0.958
1623506460,+3.54,+25.511, +0.050,+0.958
1623507060,+3.54,+25.578, +0.050,+0.958
1623507660,+3.54,+25.654, +0.050,+0.958
1623508260,+3.54,+25.747, +0.050,+0.958
1623508860,+3.54,+25.797, +0.050,+0.958
1623509460,+3.54,+25.898, +0.050,+0.958
1623510060,+3.53,+25.966, +0.051,+0.958
1623510660,+3.53,+26.076, +0.050,+0.958
1623511260,+3.53,+26.169, +0.050,+0.958
1623511860,+3.53,+26.219, +0.051,+0.958
1623512460,+3.53,+26.270, +0.051,+0.958
1623513060,+3.53,+26.354, +0.051,+0.958
1623513660,+3.53,+26.447, +0.051,+0.958
1623514260,+3.53,+26.498, +0.051,+0.958
1623514860,+3.54,+26.566, +0.051,+0.958
1623515460,+3.54,+26.642, +0.051,+0.958
1623516060,+3.54,+26.752, +0.051,+0.957
1623516660,+3.53,+26.938, +0.051,+0.958
1623517260,+3.54,+26.871, +0.051,+0.958
1623517860,+3.54,+26.820, +0.059,+0.958
1623518460,+3.54,+26.811, +0.144,+0.961
1623519060,+3.54,+26.811, +0.149,+0.961
1623519660,+3.54,+26.837, +0.053,+0.957
1623520260,+3.53,+26.887, +0.052,+0.958
1623520860,+3.54,+26.913, +0.052,+0.958
1623521460,+3.53,+26.972, +0.052,+0.958
