7450-988987
OS REV: 1.05 Sensor Cal: 1620327161
Time (sec),  BV (Volts),  T (deg C),  DO (mg/l),  Q ()
1703107500,+3.49,+24.024, +8.033,+0.953
1703108100,+3.49,+24.032, +8.026,+0.953
1703108700,+3.48,+24.040, +8.033,+0.953
1703109300,+3.49,+24.066, +8.028,+0.953
1703109900,+3.49,+24.082, +8.032,+0.954
1703110500,+3.48,+24.099, +8.025,+0.953
1703111100,+3.49,+24.108, +8.014,+0.953
1703111700,+3.48,+24.133, +8.028,+0.954
1703112300,+3.48,+24.166, +8.016,+0.954
1703112900,+3.49,+24.158, +8.020,+0.953
1703113500,+3.48,+24.183, +8.014,+0.953
1703114100,+3.48,+24.208, +8.005,+0.953
1703114700,+3.49,+24.208, +8.009,+0.953
1703115300,+3.49,+24.217, +8.010,+0.953
1703115900,+3.48,+24.217, +8.016,+0.953
1703116500,+3.48,+24.233, +8.013,+0.953
1703117100,+3.48,+24.233, +8.010,+0.953
1703117700,+3.49,+24.250, +8.003,+0.953
1703118300,+3.49,+24.267, +8.006,+0.953
1703118900,+3.48,+24.275, +8.004,+0.953
1703119500,+3.49,+24.292, +8.012,+0.954
1703120100,+3.49,+24.300, +8.010,+0.953
1703120700,+3.49,+24.351, +7.986,+0.953
1703121300,+3.49,+24.393, +7.991,+0.953
1703121900,+3.49,+24.451, +7.986,+0.954
1703122500,+3.49,+24.502, +7.974,+0.953
1703123100,+3.49,+24.510, +7.968,+0.953
1703123700,+3.49,+24.485, +7.966,+0.953
1703124300,+3.49,+24.426, +7.970,+0.953
1703124900,+3.49,+24.326, +7.993,+0.953
1703125500,+3.49,+24.217, +8.017,+0.954
1703126100,+3.49,+24.099, +8.022,+0.954
1703126700,+3.49,+23.957, +8.035,+0.953
1703127300,+3.49,+23.814, +8.057,+0.953
1703127900,+3.49,+23.689, +8.062,+0.953
1703128500,+3.49,+23.546, +8.084,+0.953
1703129100,+3.49,+23.395, +8.106,+0.953
1703129700,+3.49,+23.270, +8.127,+0.954
1703130300,+3.49,+23.119, +8.144,+0.953
1703130900,+3.49,+23.019, +8.150,+0.953
1703131500,+3.49,+22.902, +8.170,+0.953
1703132100,+3.49,+22.776, +8.191,+0.953
1703132700,+3.49,+22.651, +8.213,+0.954
1703133300,+3.49,+22.542, +8.219,+0.953
1703133900,+3.49,+22.417, +8.235,+0.953
1703134500,+3.49,+22.308, +8.248,+0.953
1703135100,+3.49,+22.199, +8.252,+0.952
1703135700,+3.49,+22.107, +8.276,+0.953
1703136300,+3.49,+22.040, +8.282,+0.953
1703136900,+3.49,+21.948, +8.294,+0.952
1703137500,+3.49,+21.890, +8.309,+0.953
1703138100,+3.49,+21.815, +8.317,+0.953
1703138700,+3.49,+21.723, +8.322,+0.952
1703139300,+3.49,+21.631, +8.348,+0.953
1703139900,+3.49,+21.581, +8.349,+0.953
1703140500,+3.49,+21.505, +8.358,+0.952
1703141100,+3.49,+21.455, +8.369,+0.953
1703141700,+3.50,+21.430, +8.375,+0.953
1703142300,+3.50,+21.380, +8.372,+0.952
1703142900,+3.50,+21.347, +8.374,+0.953
1703143500,+3.50,+21.322, +8.374,+0.952
1703144100,+3.50,+21.296, +8.382,+0.952
1703144700,+3.50,+21.255, +8.402,+0.953
1703145300,+3.50,+21.246, +8.386,+0.952
1703145900,+3.50,+21.230, +8.388,+0.952
1703146500,+3.50,+21.205, +8.398,+0.953
1703147100,+3.50,+21.205, +8.399,+0.953
1703147700,+3.50,+21.179, +8.401,+0.953
1703148300,+3.49,+21.154, +8.405,+0.952
1703148900,+3.49,+21.163, +8.401,+0.952
1703149500,+3.49,+21.121, +8.404,+0.952
1703150100,+3.49,+21.113, +8.406,+0.952
1703150700,+3.49,+21.079, +8.419,+0.952
1703151300,+3.49,+21.079, +8.422,+0.953
1703151900,+3.49,+21.071, +8.429,+0.953
1703152500,+3.49,+21.054, +8.429,+0.952
1703153100,+3.49,+21.087, +8.424,+0.952
1703153700,+3.49,+21.205, +8.414,+0.952
1703154300,+3.49,+21.355, +8.387,+0.952
1703154900,+3.49,+21.531, +8.363,+0.951
1703155500,+3.49,+21.731, +8.342,+0.952
1703156100,+3.49,+21.898, +8.317,+0.952
1703156700,+3.49,+21.982, +8.316,+0.953
1703157300,+3.49,+22.024, +8.301,+0.952
1703157900,+3.49,+22.032, +8.304,+0.952
1703158500,+3.49,+22.007, +8.314,+0.952
1703159100,+3.49,+21.965, +8.317,+0.952
1703159700,+3.49,+21.932, +8.323,+0.953
1703160300,+3.49,+21.873, +8.343,+0.953
1703160900,+3.49,+21.831, +8.342,+0.953
1703161500,+3.49,+21.781, +8.358,+0.953
1703162100,+3.49,+21.748, +8.365,+0.953
1703162700,+3.49,+21.706, +8.369,+0.953
1703163300,+3.49,+21.648, +8.380,+0.953
1703163900,+3.49,+21.648, +8.380,+0.953
1703164500,+3.49,+21.597, +8.393,+0.953
1703165100,+3.49,+21.581, +8.397,+0.953
1703165700,+3.49,+21.581, +8.395,+0.953
1703166300,+3.49,+21.547, +8.401,+0.953
1703166900,+3.49,+21.531, +8.408,+0.953
1703167500,+3.49,+21.531, +8.397,+0.952
1703168100,+3.49,+21.531, +8.400,+0.952
1703168700,+3.49,+21.522, +8.396,+0.952
1703169300,+3.49,+21.514, +8.406,+0.952
1703169900,+3.49,+21.539, +8.412,+0.953
1703170500,+3.49,+21.572, +8.408,+0.953
1703171100,+3.49,+21.639, +8.390,+0.953
1703171700,+3.49,+21.698, +8.381,+0.953
1703172300,+3.49,+21.773, +8.365,+0.952
1703172900,+3.49,+21.840, +8.358,+0.953
1703173500,+3.49,+21.923, +8.343,+0.953
1703174100,+3.49,+21.982, +8.336,+0.952
1703174700,+3.49,+22.107, +8.310,+0.952
1703175300,+3.49,+22.183, +8.304,+0.953
1703175900,+3.49,+22.275, +8.287,+0.953
1703176500,+3.49,+22.366, +8.272,+0.953
1703177100,+3.49,+22.425, +8.254,+0.952
1703177700,+3.49,+22.492, +8.237,+0.952
1703178300,+3.49,+22.550, +8.240,+0.953
1703178900,+3.49,+22.609, +8.217,+0.952
1703179500,+3.49,+22.642, +8.215,+0.952
1703180100,+3.49,+22.693, +8.213,+0.953
1703180700,+3.49,+22.734, +8.206,+0.953
1703181300,+3.49,+22.751, +8.200,+0.953
1703181900,+3.49,+22.818, +8.188,+0.953
1703182500,+3.49,+22.852, +8.190,+0.953
1703183100,+3.49,+22.885, +8.184,+0.953
1703183700,+3.49,+22.918, +8.179,+0.953
1703184300,+3.49,+22.935, +8.172,+0.953
1703184900,+3.49,+22.994, +8.161,+0.953
1703185500,+3.49,+23.010, +8.173,+0.954
1703186100,+3.49,+23.044, +8.149,+0.952
1703186700,+3.49,+23.111, +8.149,+0.953
1703187300,+3.49,+23.136, +8.144,+0.953
1703187900,+3.49,+23.195, +8.140,+0.953
1703188500,+3.49,+23.203, +8.142,+0.953
1703189100,+3.49,+23.261, +8.133,+0.953
1703189700,+3.49,+23.303, +8.125,+0.953
1703190300,+3.49,+23.362, +8.126,+0.953
1703190900,+3.49,+23.412, +8.119,+0.953
1703191500,+3.49,+23.462, +8.114,+0.953
1703192100,+3.49,+23.504, +8.103,+0.953
1703192700,+3.49,+23.555, +8.110,+0.953
1703193300,+3.49,+23.613, +8.103,+0.953
1703193900,+3.49,+23.672, +8.091,+0.953
