7450-988987
OS REV: 1.05 Sensor Cal: 1620327161
Time (sec),  BV (Volts),  T (deg C),  DO (mg/l),  Q ()
1705170480,+3.46,+26.532, +0.055,+0.928
1705170540,+3.46,+26.490, +0.055,+0.928
1705170600,+3.46,+26.507, +0.054,+0.928
1705170660,+3.46,+26.515, +0.055,+0.928
1705170720,+3.46,+26.515, +0.055,+0.928
1705170780,+3.46,+26.532, +0.055,+0.928
1705170840,+3.47,+26.557, +0.055,+0.928
1705170900,+3.46,+26.566, +0.055,+0.928
1705170960,+3.47,+26.574, +0.055,+0.928
1705171020,+3.46,+26.574, +0.055,+0.929
1705171080,+3.47,+26.583, +0.055,+0.928
1705171140,+3.47,+26.574, +0.055,+0.929
1705171200,+3.47,+26.583, +0.055,+0.928
1705171260,+3.47,+26.583, +0.056,+0.928
1705171320,+3.47,+26.600, +0.055,+0.928
1705171380,+3.46,+26.600, +0.055,+0.928
1705171440,+3.46,+26.583, +0.055,+0.928
1705171500,+3.47,+26.608, +0.055,+0.928
1705171560,+3.47,+26.583, +0.056,+0.929
1705171620,+3.47,+26.591, +0.057,+0.928
1705171680,+3.47,+26.600, +0.057,+0.928
1705171740,+3.47,+26.633, +0.056,+0.928
1705171800,+3.46,+26.617, +0.056,+0.928
1705171860,+3.46,+26.625, +0.055,+0.928
1705171920,+3.47,+26.633, +0.055,+0.929
1705171980,+3.46,+26.600, +0.056,+0.928
1705172040,+3.47,+26.625, +0.055,+0.928
1705172100,+3.47,+26.608, +0.055,+0.928
1705172160,+3.47,+26.600, +0.056,+0.928
1705172220,+3.47,+26.617, +0.055,+0.929
1705172280,+3.47,+26.625, +0.055,+0.929
1705172340,+3.47,+26.625, +0.055,+0.928
1705172400,+3.47,+26.617, +0.055,+0.928
1705172460,+3.46,+26.617, +0.055,+0.928
1705172520,+3.47,+26.608, +0.055,+0.929
1705172580,+3.47,+26.617, +0.055,+0.929
1705172640,+3.47,+26.608, +0.055,+0.929
1705172700,+3.46,+26.608, +0.055,+0.928
1705172760,+3.46,+26.633, +0.055,+0.929
1705172820,+3.47,+26.633, +0.055,+0.929
1705172880,+3.47,+26.633, +0.055,+0.929
1705172940,+3.47,+26.659, +0.056,+0.929
1705173000,+3.47,+26.650, +0.056,+0.929
1705173060,+3.46,+26.676, +0.056,+0.929
1705173120,+3.47,+26.676, +0.056,+0.929
1705173180,+3.47,+26.684, +0.056,+0.929
1705173240,+3.46,+26.684, +0.056,+0.929
1705173300,+3.47,+26.676, +0.056,+0.929
1705173360,+3.46,+26.684, +0.056,+0.929
1705173420,+3.47,+26.667, +0.055,+0.928
1705173480,+3.47,+26.667, +0.056,+0.929
1705173540,+3.46,+26.684, +0.063,+0.929
1705173600,+3.47,+26.684, +0.065,+0.929
1705173660,+3.47,+26.693, +0.062,+0.929
1705173720,+3.47,+26.718, +0.063,+0.929
1705173780,+3.46,+26.727, +0.064,+0.929
1705173840,+3.46,+26.718, +0.097,+0.930
1705173900,+3.47,+26.701, +0.074,+0.929
1705173960,+3.47,+26.710, +0.067,+0.929
1705174020,+3.47,+26.701, +0.061,+0.929
1705174080,+3.47,+26.701, +0.059,+0.929
1705174140,+3.47,+26.710, +0.057,+0.929
1705174200,+3.47,+26.718, +0.059,+0.929
1705174260,+3.47,+26.701, +0.062,+0.929
1705174320,+3.46,+26.710, +0.056,+0.929
1705174380,+3.46,+26.701, +0.057,+0.929
1705174440,+3.47,+26.701, +0.056,+0.928
1705174500,+3.47,+26.684, +0.056,+0.929
1705174560,+3.46,+26.693, +0.056,+0.929
1705174620,+3.47,+26.693, +0.077,+0.929
1705174680,+3.47,+26.718, +0.093,+0.930
1705174740,+3.47,+26.727, +0.080,+0.929
1705174800,+3.47,+26.718, +0.070,+0.929
1705174860,+3.46,+26.718, +0.065,+0.929
1705174920,+3.47,+26.718, +0.064,+0.929
1705174980,+3.46,+26.710, +0.063,+0.929
1705175040,+3.46,+26.718, +0.057,+0.928
1705175100,+3.46,+26.693, +0.056,+0.929
1705175160,+3.47,+26.693, +0.056,+0.928
1705175220,+3.47,+26.701, +0.055,+0.928
1705175280,+3.47,+26.701, +0.055,+0.928
1705175340,+3.47,+26.710, +0.055,+0.928
1705175400,+3.47,+26.693, +0.056,+0.928
1705175460,+3.47,+26.676, +0.055,+0.928
1705175520,+3.46,+26.676, +0.055,+0.929
1705175580,+3.47,+26.667, +0.056,+0.929
1705175640,+3.46,+26.667, +0.066,+0.929
1705175700,+3.47,+26.667, +0.070,+0.929
1705175760,+3.47,+26.650, +0.066,+0.929
1705175820,+3.47,+26.676, +0.061,+0.929
1705175880,+3.47,+26.676, +0.060,+0.929
1705175940,+3.47,+26.676, +0.059,+0.929
1705176000,+3.47,+26.659, +0.057,+0.928
1705176060,+3.47,+26.642, +0.057,+0.929
1705176120,+3.47,+26.642, +0.056,+0.929
1705176180,+3.47,+26.633, +0.056,+0.929
1705176240,+3.47,+26.633, +0.057,+0.929
1705176300,+3.47,+26.633, +0.056,+0.929
1705176360,+3.47,+26.633, +0.055,+0.929
1705176420,+3.47,+26.625, +0.056,+0.929
1705176480,+3.47,+26.625, +0.056,+0.929
1705176540,+3.47,+26.608, +0.056,+0.929
1705176600,+3.47,+26.608, +0.056,+0.929
1705176660,+3.47,+26.617, +0.056,+0.929
1705176720,+3.47,+26.600, +0.056,+0.929
1705176780,+3.47,+26.591, +0.055,+0.929
1705176840,+3.47,+26.600, +0.056,+0.929
1705176900,+3.47,+26.574, +0.056,+0.929
1705176960,+3.47,+26.591, +0.065,+0.929
1705177020,+3.47,+26.591, +0.055,+0.929
1705177080,+3.47,+26.591, +0.056,+0.929
1705177140,+3.47,+26.608, +0.056,+0.929
1705177200,+3.47,+26.583, +0.056,+0.929
1705177260,+3.47,+26.583, +0.055,+0.929
1705177320,+3.47,+26.583, +0.092,+0.930
1705177380,+3.47,+26.574, +0.059,+0.929
1705177440,+3.47,+26.557, +0.059,+0.929
1705177500,+3.47,+26.549, +0.058,+0.929
1705177560,+3.47,+26.566, +0.057,+0.929
1705177620,+3.47,+26.566, +0.056,+0.929
1705177680,+3.47,+26.557, +0.064,+0.929
1705177740,+3.47,+26.557, +0.060,+0.929
1705177800,+3.47,+26.549, +0.060,+0.929
1705177860,+3.47,+26.540, +0.057,+0.929
1705177920,+3.47,+26.523, +0.057,+0.929
1705177980,+3.47,+26.532, +0.057,+0.929
1705178040,+3.47,+26.532, +0.056,+0.929
1705178100,+3.47,+26.532, +0.056,+0.929
1705178160,+3.47,+26.515, +0.055,+0.929
1705178220,+3.47,+26.532, +0.056,+0.929
1705178280,+3.46,+26.498, +0.056,+0.929
1705178340,+3.47,+26.515, +0.056,+0.929
1705178400,+3.47,+26.498, +0.056,+0.929
1705178460,+3.47,+26.523, +0.056,+0.929
1705178520,+3.46,+26.507, +0.056,+0.929
1705178580,+3.46,+26.515, +0.056,+0.929
1705178640,+3.46,+26.507, +0.056,+0.929
1705178700,+3.46,+26.490, +0.056,+0.929
1705178760,+3.46,+26.481, +0.056,+0.929
1705178820,+3.46,+26.481, +0.056,+0.929
1705178880,+3.46,+26.481, +0.056,+0.929
1705178940,+3.46,+26.490, +0.056,+0.929
1705179000,+3.46,+26.464, +0.055,+0.929
1705179060,+3.46,+26.473, +0.056,+0.929
1705179120,+3.46,+26.464, +0.056,+0.929
1705179180,+3.46,+26.456, +0.056,+0.929
1705179240,+3.46,+26.464, +0.056,+0.929
1705179300,+3.46,+26.447, +0.056,+0.929
1705179360,+3.46,+26.439, +0.145,+0.932
1705179420,+3.46,+26.439, +0.092,+0.930
1705179480,+3.46,+26.430, +0.061,+0.929
1705179540,+3.46,+26.405, +0.059,+0.929
1705179600,+3.46,+26.422, +0.056,+0.929
1705179660,+3.46,+26.414, +0.060,+0.929
1705179720,+3.46,+26.414, +0.059,+0.929
1705179780,+3.46,+26.405, +0.058,+0.929
1705179840,+3.46,+26.405, +0.057,+0.929
1705179900,+3.46,+26.397, +0.057,+0.929
1705179960,+3.46,+26.405, +0.057,+0.929
1705180020,+3.46,+26.422, +0.057,+0.929
1705180080,+3.46,+26.397, +0.057,+0.929
1705180140,+3.46,+26.380, +0.057,+0.929
1705180200,+3.46,+26.388, +0.056,+0.929
1705180260,+3.46,+26.388, +0.056,+0.929
1705180320,+3.46,+26.380, +0.056,+0.929
1705180380,+3.46,+26.380, +0.056,+0.929
1705180440,+3.46,+26.363, +0.056,+0.929
1705180500,+3.46,+26.371, +0.056,+0.929
1705180560,+3.46,+26.371, +0.057,+0.929
1705180620,+3.46,+26.363, +0.057,+0.929
1705180680,+3.46,+26.354, +0.058,+0.929
1705180740,+3.46,+26.363, +0.060,+0.929
1705180800,+3.46,+26.346, +0.059,+0.929
1705180860,+3.46,+26.337, +0.058,+0.929
1705180920,+3.46,+26.337, +0.058,+0.929
1705180980,+3.46,+26.337, +0.059,+0.929
1705181040,+3.46,+26.329, +0.057,+0.929
1705181100,+3.46,+26.329, +0.056,+0.929
1705181160,+3.46,+26.337, +0.058,+0.929
1705181220,+3.46,+26.321, +0.056,+0.929
1705181280,+3.46,+26.312, +0.056,+0.929
1705181340,+3.46,+26.312, +0.056,+0.929
1705181400,+3.46,+26.312, +0.056,+0.929
1705181460,+3.46,+26.321, +0.056,+0.929
1705181520,+3.46,+26.295, +0.056,+0.929
1705181580,+3.46,+26.329, +0.057,+0.929
1705181640,+3.46,+26.304, +0.056,+0.929
1705181700,+3.46,+26.312, +0.056,+0.929
1705181760,+3.46,+26.295, +0.056,+0.929
1705181820,+3.46,+26.295, +0.056,+0.929
1705181880,+3.46,+26.278, +0.056,+0.929
1705181940,+3.46,+26.287, +0.056,+0.929
1705182000,+3.46,+26.270, +0.056,+0.929
1705182060,+3.46,+26.270, +0.057,+0.929
1705182120,+3.46,+26.261, +0.057,+0.929
1705182180,+3.46,+26.245, +0.057,+0.929
1705182240,+3.46,+26.261, +0.057,+0.929
1705182300,+3.46,+26.253, +0.056,+0.929
1705182360,+3.46,+26.261, +0.056,+0.929
1705182420,+3.46,+26.253, +0.055,+0.929
1705182480,+3.46,+26.261, +0.055,+0.929
1705182540,+3.46,+26.245, +0.056,+0.929
1705182600,+3.46,+26.236, +0.056,+0.929
1705182660,+3.46,+26.245, +0.057,+0.929
1705182720,+3.46,+26.228, +0.057,+0.929
1705182780,+3.46,+26.228, +0.056,+0.929
1705182840,+3.46,+26.228, +0.056,+0.929
1705182900,+3.46,+26.219, +0.057,+0.929
1705182960,+3.46,+26.219, +0.056,+0.929
1705183020,+3.46,+26.228, +0.056,+0.929
1705183080,+3.46,+26.219, +0.056,+0.929
1705183140,+3.46,+26.202, +0.059,+0.929
1705183200,+3.46,+26.202, +0.056,+0.929
1705183260,+3.46,+26.185, +0.055,+0.929
1705183320,+3.46,+26.185, +0.056,+0.929
1705183380,+3.46,+26.177, +0.058,+0.929
1705183440,+3.46,+26.194, +0.057,+0.929
1705183500,+3.46,+26.185, +0.056,+0.929
1705183560,+3.46,+26.177, +0.056,+0.929
1705183620,+3.46,+26.177, +0.056,+0.929
1705183680,+3.46,+26.160, +0.056,+0.929
1705183740,+3.46,+26.169, +0.056,+0.929
1705183800,+3.46,+26.160, +0.056,+0.929
1705183860,+3.46,+26.169, +0.056,+0.929
1705183920,+3.46,+26.160, +0.056,+0.929
1705183980,+3.46,+26.152, +0.055,+0.929
1705184040,+3.46,+26.152, +0.056,+0.929
1705184100,+3.46,+26.135, +0.056,+0.929
1705184160,+3.46,+26.152, +0.055,+0.929
1705184220,+3.46,+26.126, +0.056,+0.929
1705184280,+3.46,+26.135, +0.055,+0.929
1705184340,+3.46,+26.135, +0.055,+0.929
1705184400,+3.46,+26.135, +0.055,+0.929
1705184460,+3.46,+26.126, +0.055,+0.929
1705184520,+3.46,+26.135, +0.055,+0.929
1705184580,+3.46,+26.118, +0.055,+0.929
1705184640,+3.46,+26.126, +0.055,+0.929
1705184700,+3.46,+26.109, +0.056,+0.929
1705184760,+3.46,+26.093, +0.055,+0.929
1705184820,+3.46,+26.093, +0.055,+0.929
1705184880,+3.46,+26.084, +0.056,+0.929
1705184940,+3.46,+26.084, +0.056,+0.929
1705185000,+3.46,+26.093, +0.055,+0.929
1705185060,+3.46,+26.101, +0.055,+0.929
1705185120,+3.46,+26.093, +0.055,+0.929
1705185180,+3.46,+26.093, +0.055,+0.929
1705185240,+3.46,+26.059, +0.056,+0.929
1705185300,+3.46,+26.076, +0.055,+0.929
1705185360,+3.46,+26.076, +0.055,+0.929
1705185420,+3.46,+26.067, +0.056,+0.929
1705185480,+3.46,+26.059, +0.055,+0.929
1705185540,+3.46,+26.067, +0.055,+0.929
1705185600,+3.46,+26.050, +0.055,+0.929
1705185660,+3.46,+26.042, +0.056,+0.929
1705185720,+3.46,+26.050, +0.056,+0.929
1705185780,+3.46,+26.059, +0.056,+0.929
1705185840,+3.46,+26.042, +0.055,+0.929
1705185900,+3.46,+26.050, +0.056,+0.929
1705185960,+3.46,+26.042, +0.056,+0.929
1705186020,+3.46,+26.017, +0.056,+0.929
1705186080,+3.46,+26.033, +0.055,+0.929
1705186140,+3.46,+26.033, +0.055,+0.929
1705186200,+3.46,+26.042, +0.055,+0.929
1705186260,+3.46,+26.025, +0.055,+0.929
1705186320,+3.46,+26.033, +0.055,+0.929
1705186380,+3.46,+26.017, +0.055,+0.929
1705186440,+3.46,+26.008, +0.055,+0.929
1705186500,+3.46,+26.033, +0.056,+0.929
1705186560,+3.46,+26.008, +0.056,+0.929
1705186620,+3.46,+26.033, +0.055,+0.929
1705186680,+3.46,+26.017, +0.055,+0.929
1705186740,+3.46,+26.008, +0.055,+0.929
1705186800,+3.46,+26.000, +0.056,+0.929
1705186860,+3.46,+26.008, +0.055,+0.929
1705186920,+3.46,+25.991, +0.055,+0.929
1705186980,+3.46,+26.000, +0.055,+0.929
1705187040,+3.46,+25.991, +0.056,+0.929
1705187100,+3.46,+25.983, +0.056,+0.929
1705187160,+3.46,+25.974, +0.056,+0.929
1705187220,+3.46,+25.983, +0.055,+0.929
1705187280,+3.46,+25.966, +0.056,+0.929
1705187340,+3.46,+25.966, +0.056,+0.929
1705187400,+3.46,+25.958, +0.055,+0.929
1705187460,+3.46,+25.974, +0.056,+0.929
1705187520,+3.46,+25.966, +0.056,+0.929
1705187580,+3.46,+25.958, +0.055,+0.929
1705187640,+3.46,+25.966, +0.055,+0.929
1705187700,+3.46,+25.949, +0.055,+0.929
1705187760,+3.46,+25.941, +0.055,+0.929
1705187820,+3.46,+25.966, +0.055,+0.929
1705187880,+3.46,+25.949, +0.055,+0.929
1705187940,+3.46,+25.941, +0.055,+0.929
1705188000,+3.46,+25.958, +0.056,+0.929
1705188060,+3.46,+25.958, +0.056,+0.929
1705188120,+3.46,+25.949, +0.055,+0.929
1705188180,+3.46,+25.932, +0.058,+0.929
1705188240,+3.46,+25.924, +0.072,+0.930
1705188300,+3.46,+25.941, +0.058,+0.929
1705188360,+3.46,+25.924, +0.057,+0.929
1705188420,+3.46,+25.915, +0.056,+0.929
1705188480,+3.46,+25.924, +0.056,+0.929
1705188540,+3.46,+25.915, +0.055,+0.929
1705188600,+3.46,+25.898, +0.055,+0.929
1705188660,+3.46,+25.898, +0.056,+0.929
1705188720,+3.46,+25.898, +0.056,+0.929
1705188780,+3.46,+25.890, +0.055,+0.929
1705188840,+3.46,+25.898, +0.055,+0.929
1705188900,+3.46,+25.890, +0.055,+0.929
1705188960,+3.46,+25.898, +0.055,+0.929
1705189020,+3.46,+25.898, +0.055,+0.929
1705189080,+3.46,+25.882, +0.056,+0.929
1705189140,+3.46,+25.898, +0.055,+0.929
1705189200,+3.46,+25.882, +0.055,+0.929
1705189260,+3.46,+25.890, +0.055,+0.929
1705189320,+3.46,+25.882, +0.055,+0.929
1705189380,+3.46,+25.882, +0.055,+0.929
1705189440,+3.46,+25.873, +0.056,+0.929
1705189500,+3.46,+25.882, +0.055,+0.929
1705189560,+3.46,+25.873, +0.055,+0.929
1705189620,+3.46,+25.873, +0.055,+0.929
1705189680,+3.46,+25.865, +0.055,+0.929
1705189740,+3.46,+25.865, +0.055,+0.929
1705189800,+3.46,+25.856, +0.056,+0.929
1705189860,+3.46,+25.848, +0.054,+0.929
1705189920,+3.46,+25.856, +0.055,+0.929
1705189980,+3.46,+25.856, +0.055,+0.929
1705190040,+3.46,+25.856, +0.055,+0.929
1705190100,+3.46,+25.856, +0.055,+0.929
1705190160,+3.46,+25.848, +0.055,+0.929
1705190220,+3.46,+25.848, +0.055,+0.929
1705190280,+3.46,+25.848, +0.055,+0.929
1705190340,+3.46,+25.831, +0.055,+0.929
1705190400,+3.46,+25.831, +0.055,+0.929
1705190460,+3.46,+25.839, +0.055,+0.929
1705190520,+3.46,+25.823, +0.055,+0.929
1705190580,+3.47,+25.823, +0.055,+0.929
1705190640,+3.46,+25.823, +0.055,+0.929
1705190700,+3.47,+25.831, +0.055,+0.929
1705190760,+3.47,+25.814, +0.055,+0.929
1705190820,+3.46,+25.831, +0.055,+0.929
1705190880,+3.46,+25.814, +0.055,+0.929
1705190940,+3.47,+25.814, +0.056,+0.929
1705191000,+3.47,+25.797, +0.055,+0.929
1705191060,+3.46,+25.797, +0.055,+0.929
1705191120,+3.46,+25.814, +0.055,+0.929
1705191180,+3.46,+25.806, +0.055,+0.929
1705191240,+3.46,+25.797, +0.055,+0.929
1705191300,+3.47,+25.797, +0.056,+0.929
1705191360,+3.47,+25.789, +0.055,+0.929
1705191420,+3.46,+25.780, +0.054,+0.929
1705191480,+3.47,+25.764, +0.056,+0.929
1705191540,+3.47,+25.780, +0.054,+0.929
1705191600,+3.46,+25.789, +0.055,+0.929
1705191660,+3.46,+25.789, +0.054,+0.929
1705191720,+3.47,+25.772, +0.055,+0.929
1705191780,+3.47,+25.789, +0.055,+0.929
1705191840,+3.46,+25.764, +0.055,+0.929
1705191900,+3.47,+25.789, +0.055,+0.929
1705191960,+3.47,+25.772, +0.055,+0.929
1705192020,+3.46,+25.789, +0.056,+0.929
1705192080,+3.47,+25.755, +0.055,+0.929
1705192140,+3.47,+25.780, +0.055,+0.929
1705192200,+3.47,+25.764, +0.055,+0.929
1705192260,+3.47,+25.764, +0.055,+0.929
1705192320,+3.46,+25.764, +0.055,+0.929
1705192380,+3.47,+25.764, +0.055,+0.929
1705192440,+3.47,+25.755, +0.055,+0.929
1705192500,+3.47,+25.764, +0.056,+0.929
1705192560,+3.47,+25.764, +0.055,+0.929
1705192620,+3.46,+25.747, +0.055,+0.929
1705192680,+3.47,+25.747, +0.055,+0.929
1705192740,+3.47,+25.738, +0.055,+0.929
1705192800,+3.47,+25.738, +0.055,+0.929
1705192860,+3.47,+25.738, +0.055,+0.929
1705192920,+3.47,+25.738, +0.055,+0.929
1705192980,+3.47,+25.738, +0.055,+0.929
1705193040,+3.47,+25.730, +0.056,+0.929
1705193100,+3.47,+25.738, +0.055,+0.929
1705193160,+3.47,+25.730, +0.055,+0.929
1705193220,+3.47,+25.713, +0.055,+0.929
1705193280,+3.47,+25.730, +0.056,+0.929
1705193340,+3.47,+25.713, +0.056,+0.929
1705193400,+3.47,+25.730, +0.055,+0.929
1705193460,+3.47,+25.705, +0.056,+0.929
1705193520,+3.47,+25.705, +0.055,+0.929
1705193580,+3.47,+25.696, +0.055,+0.929
1705193640,+3.47,+25.688, +0.055,+0.929
1705193700,+3.47,+25.688, +0.055,+0.929
1705193760,+3.47,+25.705, +0.055,+0.929
1705193820,+3.47,+25.688, +0.055,+0.929
1705193880,+3.47,+25.688, +0.055,+0.929
1705193940,+3.47,+25.679, +0.056,+0.929
1705194000,+3.47,+25.688, +0.055,+0.929
1705194060,+3.47,+25.662, +0.055,+0.929
1705194120,+3.47,+25.671, +0.055,+0.929
1705194180,+3.47,+25.679, +0.055,+0.929
1705194240,+3.47,+25.662, +0.055,+0.929
1705194300,+3.47,+25.688, +0.055,+0.929
1705194360,+3.47,+25.646, +0.055,+0.929
1705194420,+3.47,+25.662, +0.055,+0.929
1705194480,+3.47,+25.654, +0.057,+0.929
1705194540,+3.47,+25.679, +0.057,+0.929
1705194600,+3.47,+25.654, +0.056,+0.929
1705194660,+3.47,+25.637, +0.058,+0.929
1705194720,+3.47,+25.637, +0.055,+0.929
1705194780,+3.47,+25.637, +0.055,+0.929
1705194840,+3.47,+25.662, +0.056,+0.929
1705194900,+3.47,+25.637, +0.056,+0.929
1705194960,+3.47,+25.654, +0.055,+0.929
1705195020,+3.47,+25.654, +0.055,+0.929
1705195080,+3.47,+25.637, +0.055,+0.929
1705195140,+3.47,+25.612, +0.057,+0.929
1705195200,+3.47,+25.603, +0.058,+0.929
1705195260,+3.47,+25.620, +0.055,+0.929
1705195320,+3.47,+25.620, +0.055,+0.929
1705195380,+3.47,+25.603, +0.055,+0.929
1705195440,+3.47,+25.620, +0.054,+0.929
1705195500,+3.47,+25.612, +0.061,+0.929
1705195560,+3.47,+25.620, +0.059,+0.929
1705195620,+3.47,+25.620, +0.056,+0.929
1705195680,+3.47,+25.629, +0.055,+0.929
1705195740,+3.47,+25.637, +0.055,+0.929
1705195800,+3.47,+25.612, +0.055,+0.929
1705195860,+3.47,+25.620, +0.055,+0.929
1705195920,+3.47,+25.620, +0.055,+0.929
1705195980,+3.47,+25.637, +0.055,+0.929
1705196040,+3.47,+25.620, +0.055,+0.929
1705196100,+3.47,+25.637, +0.057,+0.929
1705196160,+3.47,+25.620, +0.055,+0.929
1705196220,+3.47,+25.603, +0.056,+0.929
1705196280,+3.47,+25.620, +0.055,+0.929
1705196340,+3.47,+25.620, +0.055,+0.929
1705196400,+3.47,+25.620, +0.055,+0.929
1705196460,+3.47,+25.603, +0.055,+0.929
1705196520,+3.47,+25.603, +0.055,+0.929
1705196580,+3.47,+25.603, +0.055,+0.929
1705196640,+3.47,+25.612, +0.055,+0.929
1705196700,+3.47,+25.603, +0.054,+0.929
1705196760,+3.47,+25.595, +0.055,+0.929
1705196820,+3.47,+25.578, +0.055,+0.929
1705196880,+3.47,+25.587, +0.055,+0.929
1705196940,+3.47,+25.578, +0.055,+0.929
1705197000,+3.47,+25.587, +0.055,+0.929
1705197060,+3.47,+25.578, +0.055,+0.929
1705197120,+3.47,+25.578, +0.055,+0.929
1705197180,+3.47,+25.561, +0.055,+0.929
1705197240,+3.47,+25.578, +0.055,+0.929
1705197300,+3.47,+25.570, +0.055,+0.929
1705197360,+3.47,+25.587, +0.055,+0.929
1705197420,+3.47,+25.544, +0.055,+0.929
1705197480,+3.47,+25.553, +0.055,+0.929
1705197540,+3.47,+25.561, +0.055,+0.929
1705197600,+3.47,+25.561, +0.055,+0.929
1705197660,+3.47,+25.553, +0.055,+0.929
1705197720,+3.47,+25.561, +0.055,+0.929
1705197780,+3.47,+25.544, +0.055,+0.929
1705197840,+3.47,+25.536, +0.055,+0.929
1705197900,+3.47,+25.528, +0.055,+0.929
1705197960,+3.47,+25.536, +0.055,+0.929
1705198020,+3.47,+25.536, +0.054,+0.929
1705198080,+3.47,+25.544, +0.055,+0.929
1705198140,+3.47,+25.536, +0.055,+0.929
1705198200,+3.47,+25.519, +0.055,+0.929
1705198260,+3.47,+25.536, +0.055,+0.929
1705198320,+3.47,+25.511, +0.055,+0.929
1705198380,+3.47,+25.528, +0.055,+0.929
1705198440,+3.47,+25.519, +0.055,+0.929
1705198500,+3.47,+25.511, +0.055,+0.929
1705198560,+3.47,+25.511, +0.054,+0.929
1705198620,+3.47,+25.519, +0.055,+0.929
1705198680,+3.47,+25.519, +0.054,+0.929
1705198740,+3.47,+25.519, +0.055,+0.929
1705198800,+3.47,+25.511, +0.055,+0.929
1705198860,+3.47,+25.502, +0.055,+0.929
1705198920,+3.47,+25.485, +0.055,+0.929
1705198980,+3.47,+25.502, +0.055,+0.929
1705199040,+3.47,+25.502, +0.055,+0.929
1705199100,+3.47,+25.511, +0.055,+0.929
1705199160,+3.47,+25.494, +0.055,+0.929
1705199220,+3.47,+25.485, +0.055,+0.929
1705199280,+3.47,+25.494, +0.054,+0.929
1705199340,+3.47,+25.485, +0.054,+0.929
1705199400,+3.47,+25.502, +0.055,+0.929
1705199460,+3.47,+25.494, +0.055,+0.929
1705199520,+3.47,+25.485, +0.055,+0.929
1705199580,+3.47,+25.485, +0.055,+0.929
1705199640,+3.47,+25.502, +0.055,+0.929
1705199700,+3.47,+25.477, +0.055,+0.929
1705199760,+3.47,+25.460, +0.055,+0.929
1705199820,+3.47,+25.485, +0.055,+0.929
1705199880,+3.47,+25.494, +0.055,+0.929
1705199940,+3.47,+25.477, +0.054,+0.929
1705200000,+3.47,+25.477, +0.055,+0.929
1705200060,+3.47,+25.477, +0.055,+0.929
1705200120,+3.47,+25.477, +0.054,+0.929
1705200180,+3.47,+25.477, +0.055,+0.929
1705200240,+3.47,+25.477, +0.054,+0.929
1705200300,+3.47,+25.469, +0.055,+0.929
1705200360,+3.47,+25.460, +0.054,+0.929
1705200420,+3.47,+25.469, +0.055,+0.929
1705200480,+3.47,+25.460, +0.055,+0.929
1705200540,+3.47,+25.469, +0.055,+0.929
1705200600,+3.47,+25.477, +0.055,+0.929
1705200660,+3.47,+25.477, +0.055,+0.929
1705200720,+3.47,+25.477, +0.055,+0.929
1705200780,+3.47,+25.477, +0.055,+0.929
1705200840,+3.47,+25.469, +0.055,+0.929
1705200900,+3.47,+25.452, +0.054,+0.929
1705200960,+3.47,+25.460, +0.055,+0.929
1705201020,+3.47,+25.469, +0.055,+0.929
1705201080,+3.47,+25.460, +0.054,+0.929
1705201140,+3.47,+25.460, +0.055,+0.929
1705201200,+3.47,+25.469, +0.055,+0.929
1705201260,+3.47,+25.460, +0.055,+0.929
1705201320,+3.47,+25.443, +0.055,+0.929
1705201380,+3.46,+25.460, +0.055,+0.929
1705201440,+3.46,+25.452, +0.055,+0.929
1705201500,+3.46,+25.460, +0.055,+0.929
1705201560,+3.47,+25.477, +0.055,+0.929
1705201620,+3.47,+25.452, +0.055,+0.929
1705201680,+3.47,+25.460, +0.055,+0.929
1705201740,+3.46,+25.460, +0.055,+0.929
1705201800,+3.46,+25.460, +0.055,+0.929
1705201860,+3.46,+25.435, +0.055,+0.929
1705201920,+3.47,+25.452, +0.055,+0.929
1705201980,+3.47,+25.452, +0.054,+0.929
1705202040,+3.47,+25.460, +0.055,+0.929
1705202100,+3.47,+25.443, +0.055,+0.929
1705202160,+3.47,+25.443, +0.054,+0.929
1705202220,+3.46,+25.435, +0.055,+0.929
1705202280,+3.47,+25.452, +0.055,+0.929
1705202340,+3.46,+25.418, +0.055,+0.929
1705202400,+3.47,+25.435, +0.055,+0.929
1705202460,+3.46,+25.452, +0.054,+0.929
1705202520,+3.47,+25.443, +0.055,+0.929
1705202580,+3.47,+25.443, +0.055,+0.929
1705202640,+3.46,+25.435, +0.055,+0.929
1705202700,+3.46,+25.418, +0.055,+0.929
1705202760,+3.46,+25.435, +0.055,+0.929
1705202820,+3.46,+25.427, +0.055,+0.929
1705202880,+3.46,+25.443, +0.054,+0.929
1705202940,+3.46,+25.435, +0.055,+0.929
1705203000,+3.46,+25.452, +0.055,+0.929
1705203060,+3.46,+25.418, +0.055,+0.929
1705203120,+3.46,+25.418, +0.055,+0.929
1705203180,+3.46,+25.418, +0.055,+0.929
1705203240,+3.46,+25.418, +0.055,+0.929
1705203300,+3.46,+25.427, +0.055,+0.929
1705203360,+3.46,+25.427, +0.054,+0.929
1705203420,+3.46,+25.427, +0.055,+0.929
1705203480,+3.46,+25.427, +0.055,+0.929
1705203540,+3.46,+25.418, +0.055,+0.929
1705203600,+3.46,+25.418, +0.055,+0.929
1705203660,+3.46,+25.410, +0.055,+0.929
1705203720,+3.46,+25.418, +0.055,+0.929
1705203780,+3.46,+25.418, +0.054,+0.929
1705203840,+3.46,+25.410, +0.055,+0.929
1705203900,+3.46,+25.427, +0.054,+0.929
1705203960,+3.46,+25.427, +0.055,+0.929
1705204020,+3.46,+25.418, +0.055,+0.929
1705204080,+3.46,+25.418, +0.055,+0.929
1705204140,+3.46,+25.427, +0.055,+0.929
1705204200,+3.46,+25.427, +0.054,+0.929
1705204260,+3.46,+25.418, +0.055,+0.929
1705204320,+3.46,+25.427, +0.055,+0.929
1705204380,+3.46,+25.418, +0.054,+0.929
1705204440,+3.46,+25.401, +0.055,+0.929
1705204500,+3.46,+25.418, +0.054,+0.929
1705204560,+3.46,+25.393, +0.054,+0.929
1705204620,+3.46,+25.384, +0.055,+0.929
1705204680,+3.46,+25.393, +0.055,+0.929
1705204740,+3.46,+25.401, +0.054,+0.929
1705204800,+3.46,+25.384, +0.055,+0.929
1705204860,+3.46,+25.384, +0.054,+0.929
1705204920,+3.46,+25.410, +0.055,+0.929
1705204980,+3.46,+25.401, +0.055,+0.929
1705205040,+3.46,+25.393, +0.055,+0.929
1705205100,+3.46,+25.376, +0.055,+0.929
1705205160,+3.46,+25.384, +0.054,+0.929
1705205220,+3.46,+25.384, +0.055,+0.929
1705205280,+3.46,+25.376, +0.055,+0.929
1705205340,+3.46,+25.376, +0.055,+0.929
1705205400,+3.46,+25.376, +0.055,+0.929
1705205460,+3.46,+25.376, +0.055,+0.929
1705205520,+3.46,+25.376, +0.055,+0.929
1705205580,+3.46,+25.368, +0.054,+0.929
1705205640,+3.46,+25.368, +0.054,+0.929
1705205700,+3.46,+25.359, +0.055,+0.929
1705205760,+3.46,+25.376, +0.055,+0.929
1705205820,+3.46,+25.368, +0.054,+0.929
1705205880,+3.46,+25.368, +0.055,+0.929
1705205940,+3.46,+25.359, +0.055,+0.929
1705206000,+3.46,+25.376, +0.055,+0.929
1705206060,+3.46,+25.368, +0.055,+0.929
1705206120,+3.46,+25.376, +0.054,+0.929
1705206180,+3.46,+25.359, +0.055,+0.929
1705206240,+3.46,+25.342, +0.055,+0.929
1705206300,+3.46,+25.359, +0.056,+0.929
1705206360,+3.46,+25.359, +0.055,+0.929
1705206420,+3.46,+25.376, +0.054,+0.929
1705206480,+3.46,+25.359, +0.055,+0.929
1705206540,+3.46,+25.368, +0.055,+0.929
1705206600,+3.46,+25.359, +0.055,+0.929
1705206660,+3.46,+25.359, +0.054,+0.929
1705206720,+3.46,+25.359, +0.055,+0.929
1705206780,+3.46,+25.368, +0.055,+0.929
1705206840,+3.46,+25.351, +0.055,+0.929
1705206900,+3.46,+25.342, +0.055,+0.929
1705206960,+3.46,+25.351, +0.054,+0.929
1705207020,+3.46,+25.342, +0.055,+0.929
1705207080,+3.46,+25.359, +0.054,+0.929
1705207140,+3.46,+25.342, +0.054,+0.929
1705207200,+3.46,+25.359, +0.054,+0.929
1705207260,+3.46,+25.359, +0.055,+0.929
1705207320,+3.46,+25.351, +0.054,+0.929
1705207380,+3.46,+25.334, +0.055,+0.929
1705207440,+3.46,+25.342, +0.054,+0.929
1705207500,+3.46,+25.342, +0.055,+0.929
1705207560,+3.46,+25.351, +0.055,+0.929
1705207620,+3.46,+25.342, +0.055,+0.929
1705207680,+3.46,+25.342, +0.055,+0.929
1705207740,+3.46,+25.342, +0.055,+0.929
1705207800,+3.46,+25.334, +0.054,+0.929
1705207860,+3.46,+25.326, +0.055,+0.929
1705207920,+3.46,+25.326, +0.055,+0.929
1705207980,+3.46,+25.334, +0.055,+0.929
1705208040,+3.46,+25.326, +0.055,+0.929
1705208100,+3.46,+25.334, +0.055,+0.929
1705208160,+3.46,+25.334, +0.055,+0.929
1705208220,+3.46,+25.317, +0.054,+0.929
1705208280,+3.46,+25.326, +0.055,+0.929
1705208340,+3.46,+25.334, +0.055,+0.929
1705208400,+3.46,+25.317, +0.055,+0.929
1705208460,+3.46,+25.309, +0.055,+0.929
1705208520,+3.46,+25.300, +0.055,+0.929
1705208580,+3.46,+25.317, +0.054,+0.929
1705208640,+3.46,+25.317, +0.054,+0.929
1705208700,+3.46,+25.300, +0.054,+0.929
1705208760,+3.46,+25.300, +0.054,+0.929
1705208820,+3.46,+25.292, +0.055,+0.929
1705208880,+3.46,+25.292, +0.055,+0.929
1705208940,+3.46,+25.292, +0.054,+0.929
1705209000,+3.46,+25.283, +0.055,+0.929
1705209060,+3.46,+25.300, +0.055,+0.929
1705209120,+3.46,+25.283, +0.055,+0.929
1705209180,+3.46,+25.275, +0.054,+0.929
1705209240,+3.46,+25.275, +0.055,+0.929
1705209300,+3.46,+25.283, +0.055,+0.929
1705209360,+3.46,+25.292, +0.054,+0.929
1705209420,+3.46,+25.292, +0.054,+0.929
1705209480,+3.46,+25.275, +0.055,+0.929
1705209540,+3.46,+25.275, +0.055,+0.929
1705209600,+3.46,+25.292, +0.055,+0.929
1705209660,+3.46,+25.292, +0.055,+0.929
1705209720,+3.46,+25.275, +0.054,+0.929
1705209780,+3.46,+25.267, +0.054,+0.929
1705209840,+3.46,+25.267, +0.054,+0.929
1705209900,+3.46,+25.250, +0.054,+0.929
1705209960,+3.46,+25.267, +0.055,+0.929
1705210020,+3.46,+25.241, +0.055,+0.929
1705210080,+3.46,+25.241, +0.054,+0.929
1705210140,+3.46,+25.241, +0.055,+0.929
1705210200,+3.46,+25.233, +0.055,+0.929
1705210260,+3.46,+25.225, +0.056,+0.929
1705210320,+3.46,+25.241, +0.057,+0.929
1705210380,+3.46,+25.233, +0.055,+0.929
1705210440,+3.46,+25.225, +0.065,+0.930
1705210500,+3.46,+25.233, +0.059,+0.929
1705210560,+3.46,+25.199, +0.059,+0.929
1705210620,+3.46,+25.216, +0.057,+0.929
1705210680,+3.46,+25.208, +0.062,+0.929
1705210740,+3.46,+25.216, +0.060,+0.929
1705210800,+3.46,+25.182, +0.058,+0.929
1705210860,+3.46,+25.191, +0.056,+0.929
1705210920,+3.46,+25.174, +0.055,+0.929
1705210980,+3.46,+25.199, +0.055,+0.929
1705211040,+3.46,+25.199, +0.058,+0.929
1705211100,+3.46,+25.208, +0.058,+0.929
1705211160,+3.46,+25.208, +0.058,+0.929
1705211220,+3.46,+25.208, +0.055,+0.929
1705211280,+3.46,+25.191, +0.054,+0.929
1705211340,+3.46,+25.208, +0.055,+0.929
1705211400,+3.46,+25.199, +0.055,+0.929
1705211460,+3.46,+25.199, +0.060,+0.930
1705211520,+3.46,+25.191, +0.056,+0.929
1705211580,+3.46,+25.182, +0.055,+0.929
1705211640,+3.46,+25.182, +0.056,+0.929
1705211700,+3.46,+25.191, +0.057,+0.929
1705211760,+3.46,+25.199, +0.056,+0.929
1705211820,+3.46,+25.174, +0.055,+0.929
1705211880,+3.46,+25.166, +0.055,+0.929
1705211940,+3.46,+25.191, +0.055,+0.929
1705212000,+3.46,+25.182, +0.057,+0.929
1705212060,+3.46,+25.182, +0.056,+0.929
1705212120,+3.46,+25.166, +0.055,+0.929
1705212180,+3.46,+25.182, +0.054,+0.929
1705212240,+3.46,+25.174, +0.054,+0.929
1705212300,+3.46,+25.182, +0.055,+0.929
1705212360,+3.46,+25.182, +0.055,+0.929
1705212420,+3.46,+25.191, +0.054,+0.929
1705212480,+3.46,+25.191, +0.054,+0.929
1705212540,+3.46,+25.182, +0.055,+0.929
1705212600,+3.46,+25.182, +0.055,+0.929
1705212660,+3.46,+25.174, +0.056,+0.929
1705212720,+3.46,+25.182, +0.055,+0.929
1705212780,+3.46,+25.174, +0.055,+0.929
1705212840,+3.46,+25.182, +0.056,+0.929
1705212900,+3.46,+25.174, +0.059,+0.929
1705212960,+3.46,+25.182, +0.056,+0.929
1705213020,+3.46,+25.199, +0.055,+0.929
1705213080,+3.46,+25.191, +0.055,+0.929
1705213140,+3.46,+25.174, +0.055,+0.929
1705213200,+3.46,+25.174, +0.055,+0.929
1705213260,+3.46,+25.191, +0.056,+0.929
1705213320,+3.46,+25.182, +0.055,+0.929
1705213380,+3.46,+25.182, +0.055,+0.929
1705213440,+3.46,+25.174, +0.055,+0.929
1705213500,+3.46,+25.174, +0.054,+0.929
1705213560,+3.46,+25.166, +0.055,+0.929
1705213620,+3.46,+25.182, +0.057,+0.929
1705213680,+3.46,+25.174, +0.056,+0.929
1705213740,+3.46,+25.157, +0.055,+0.929
1705213800,+3.46,+25.182, +0.055,+0.929
1705213860,+3.46,+25.174, +0.055,+0.929
1705213920,+3.46,+25.182, +0.055,+0.929
1705213980,+3.46,+25.182, +0.054,+0.929
1705214040,+3.46,+25.182, +0.055,+0.929
1705214100,+3.46,+25.157, +0.055,+0.929
1705214160,+3.46,+25.157, +0.055,+0.929
1705214220,+3.46,+25.149, +0.055,+0.929
1705214280,+3.46,+25.157, +0.055,+0.929
1705214340,+3.46,+25.149, +0.055,+0.929
1705214400,+3.46,+25.149, +0.056,+0.929
1705214460,+3.46,+25.140, +0.055,+0.929
1705214520,+3.46,+25.140, +0.055,+0.929
1705214580,+3.46,+25.149, +0.055,+0.929
1705214640,+3.46,+25.149, +0.062,+0.929
1705214700,+3.46,+25.140, +0.067,+0.930
1705214760,+3.46,+25.140, +0.065,+0.930
1705214820,+3.46,+25.149, +0.057,+0.929
1705214880,+3.46,+25.132, +0.055,+0.929
1705214940,+3.46,+25.140, +0.055,+0.929
1705215000,+3.46,+25.140, +0.055,+0.929
1705215060,+3.46,+25.149, +0.063,+0.929
1705215120,+3.46,+25.124, +0.178,+0.930
1705215180,+3.46,+25.124, +0.136,+0.931
1705215240,+3.46,+25.132, +0.089,+0.930
1705215300,+3.46,+25.107, +0.111,+0.931
1705215360,+3.46,+25.107, +0.095,+0.931
1705215420,+3.46,+25.115, +0.063,+0.930
1705215480,+3.46,+25.124, +0.056,+0.929
1705215540,+3.46,+25.124, +0.058,+0.929
1705215600,+3.46,+25.124, +0.058,+0.929
1705215660,+3.46,+25.124, +0.065,+0.930
1705215720,+3.46,+25.124, +0.067,+0.930
1705215780,+3.46,+25.107, +0.061,+0.929
1705215840,+3.46,+25.124, +0.068,+0.930
1705215900,+3.46,+25.115, +0.059,+0.929
1705215960,+3.46,+25.140, +0.058,+0.929
1705216020,+3.46,+25.124, +0.057,+0.929
1705216080,+3.46,+25.124, +0.055,+0.929
1705216140,+3.46,+25.098, +0.056,+0.929
1705216200,+3.46,+25.090, +0.055,+0.929
1705216260,+3.46,+25.115, +0.057,+0.929
1705216320,+3.46,+25.107, +0.057,+0.929
1705216380,+3.46,+25.115, +0.055,+0.929
1705216440,+3.46,+25.098, +0.055,+0.929
1705216500,+3.46,+25.090, +0.060,+0.929
1705216560,+3.46,+25.098, +0.066,+0.930
1705216620,+3.46,+25.073, +0.059,+0.929
1705216680,+3.46,+25.090, +0.056,+0.929
1705216740,+3.46,+25.090, +0.055,+0.929
1705216800,+3.46,+25.082, +0.056,+0.929
1705216860,+3.46,+25.082, +0.056,+0.929
1705216920,+3.46,+25.090, +0.055,+0.929
1705216980,+3.46,+25.073, +0.054,+0.929
1705217040,+3.46,+25.082, +0.055,+0.929
1705217100,+3.46,+25.090, +0.054,+0.929
1705217160,+3.46,+25.082, +0.055,+0.929
1705217220,+3.46,+25.065, +0.054,+0.929
1705217280,+3.46,+25.090, +0.055,+0.929
1705217340,+3.46,+25.073, +0.055,+0.929
1705217400,+3.46,+25.065, +0.055,+0.929
1705217460,+3.46,+25.065, +0.058,+0.929
1705217520,+3.46,+25.082, +0.059,+0.930
1705217580,+3.46,+25.082, +0.057,+0.929
1705217640,+3.46,+25.048, +0.056,+0.929
1705217700,+3.46,+25.056, +0.055,+0.929
1705217760,+3.46,+25.073, +0.055,+0.929
1705217820,+3.46,+25.048, +0.057,+0.929
1705217880,+3.46,+25.073, +0.056,+0.929
1705217940,+3.46,+25.065, +0.056,+0.929
1705218000,+3.46,+25.073, +0.056,+0.929
1705218060,+3.46,+25.065, +0.055,+0.929
1705218120,+3.46,+25.056, +0.055,+0.929
1705218180,+3.46,+25.048, +0.054,+0.929
1705218240,+3.46,+25.048, +0.055,+0.929
1705218300,+3.46,+25.056, +0.055,+0.929
1705218360,+3.46,+25.039, +0.055,+0.929
1705218420,+3.46,+25.056, +0.056,+0.929
1705218480,+3.46,+25.039, +0.055,+0.929
1705218540,+3.46,+25.031, +0.055,+0.929
1705218600,+3.46,+25.023, +0.054,+0.929
1705218660,+3.46,+25.023, +0.054,+0.929
1705218720,+3.46,+25.014, +0.055,+0.929
1705218780,+3.46,+25.014, +0.055,+0.929
1705218840,+3.46,+25.023, +0.054,+0.929
1705218900,+3.46,+25.014, +0.054,+0.929
1705218960,+3.46,+25.006, +0.054,+0.929
1705219020,+3.46,+25.014, +0.055,+0.929
1705219080,+3.46,+25.014, +0.054,+0.929
1705219140,+3.46,+25.006, +0.054,+0.929
1705219200,+3.46,+24.997, +0.055,+0.929
1705219260,+3.46,+24.989, +0.055,+0.929
1705219320,+3.46,+24.989, +0.055,+0.929
1705219380,+3.46,+24.989, +0.054,+0.929
1705219440,+3.46,+24.997, +0.055,+0.929
1705219500,+3.46,+25.006, +0.055,+0.929
1705219560,+3.46,+24.981, +0.055,+0.929
1705219620,+3.46,+24.997, +0.054,+0.929
1705219680,+3.46,+24.972, +0.055,+0.929
1705219740,+3.46,+24.989, +0.054,+0.929
1705219800,+3.46,+24.964, +0.055,+0.929
1705219860,+3.46,+24.981, +0.055,+0.929
1705219920,+3.46,+24.972, +0.055,+0.929
1705219980,+3.46,+24.981, +0.054,+0.929
1705220040,+3.46,+24.989, +0.054,+0.929
1705220100,+3.46,+24.972, +0.054,+0.929
1705220160,+3.46,+24.972, +0.054,+0.929
1705220220,+3.46,+24.981, +0.054,+0.929
1705220280,+3.46,+24.972, +0.055,+0.930
1705220340,+3.46,+24.989, +0.054,+0.929
1705220400,+3.46,+24.972, +0.055,+0.929
1705220460,+3.46,+24.997, +0.054,+0.929
1705220520,+3.46,+24.981, +0.055,+0.929
1705220580,+3.46,+24.964, +0.054,+0.929
1705220640,+3.46,+24.972, +0.055,+0.929
1705220700,+3.46,+24.972, +0.055,+0.929
1705220760,+3.46,+24.964, +0.055,+0.929
1705220820,+3.46,+24.964, +0.055,+0.929
1705220880,+3.46,+24.981, +0.055,+0.929
1705220940,+3.46,+24.981, +0.054,+0.929
1705221000,+3.46,+24.955, +0.055,+0.930
1705221060,+3.46,+24.964, +0.054,+0.929
1705221120,+3.46,+24.955, +0.055,+0.929
1705221180,+3.46,+24.981, +0.056,+0.930
1705221240,+3.46,+24.981, +0.055,+0.929
1705221300,+3.46,+24.981, +0.055,+0.929
1705221360,+3.46,+24.972, +0.055,+0.929
1705221420,+3.46,+24.972, +0.054,+0.929
1705221480,+3.46,+24.981, +0.054,+0.929
1705221540,+3.46,+24.955, +0.082,+0.930
1705221600,+3.46,+24.981, +0.060,+0.930
1705221660,+3.46,+24.972, +0.054,+0.929
1705221720,+3.46,+24.972, +0.054,+0.929
1705221780,+3.46,+24.947, +0.055,+0.929
1705221840,+3.46,+24.964, +0.055,+0.929
1705221900,+3.46,+24.955, +0.054,+0.929
1705221960,+3.46,+24.964, +0.055,+0.930
1705222020,+3.46,+24.947, +0.055,+0.929
1705222080,+3.46,+24.922, +0.055,+0.929
1705222140,+3.46,+24.947, +0.055,+0.929
1705222200,+3.46,+24.939, +0.055,+0.929
1705222260,+3.46,+24.939, +0.054,+0.929
1705222320,+3.46,+24.930, +0.055,+0.929
1705222380,+3.46,+24.939, +0.055,+0.929
1705222440,+3.46,+24.930, +0.055,+0.929
1705222500,+3.46,+24.922, +0.055,+0.929
1705222560,+3.46,+24.922, +0.055,+0.929
1705222620,+3.46,+24.922, +0.054,+0.929
1705222680,+3.46,+24.922, +0.054,+0.929
1705222740,+3.46,+24.939, +0.056,+0.929
1705222800,+3.46,+24.930, +0.055,+0.929
1705222860,+3.46,+24.922, +0.056,+0.929
1705222920,+3.46,+24.947, +0.062,+0.930
1705222980,+3.46,+24.947, +0.057,+0.930
1705223040,+3.46,+24.930, +0.057,+0.930
1705223100,+3.46,+24.947, +0.056,+0.929
1705223160,+3.46,+24.939, +0.056,+0.929
1705223220,+3.46,+24.922, +0.114,+0.931
1705223280,+3.46,+24.930, +0.064,+0.930
1705223340,+3.46,+24.913, +0.055,+0.929
1705223400,+3.46,+24.905, +0.061,+0.930
1705223460,+3.46,+24.897, +0.061,+0.930
1705223520,+3.46,+24.913, +0.057,+0.930
1705223580,+3.46,+24.905, +0.060,+0.930
1705223640,+3.46,+24.897, +0.060,+0.930
1705223700,+3.46,+24.897, +0.057,+0.930
1705223760,+3.46,+24.905, +0.068,+0.930
1705223820,+3.46,+24.905, +0.059,+0.930
1705223880,+3.46,+24.888, +0.059,+0.930
1705223940,+3.46,+24.888, +0.092,+0.931
1705224000,+3.46,+24.888, +0.088,+0.931
1705224060,+3.46,+24.897, +0.059,+0.929
1705224120,+3.46,+24.871, +0.057,+0.929
1705224180,+3.46,+24.888, +0.058,+0.930
1705224240,+3.46,+24.880, +0.060,+0.930
1705224300,+3.46,+24.888, +0.058,+0.930
1705224360,+3.46,+24.897, +0.057,+0.929
1705224420,+3.46,+24.888, +0.056,+0.929
1705224480,+3.46,+24.880, +0.055,+0.929
1705224540,+3.46,+24.888, +0.055,+0.929
1705224600,+3.46,+24.880, +0.055,+0.929
1705224660,+3.46,+24.863, +0.054,+0.929
1705224720,+3.46,+24.871, +0.055,+0.929
1705224780,+3.46,+24.871, +0.055,+0.929
1705224840,+3.46,+24.871, +0.055,+0.929
1705224900,+3.46,+24.871, +0.055,+0.929
1705224960,+3.46,+24.880, +0.055,+0.929
1705225020,+3.46,+24.880, +0.055,+0.929
1705225080,+3.46,+24.846, +0.054,+0.929
1705225140,+3.46,+24.871, +0.055,+0.929
1705225200,+3.46,+24.880, +0.054,+0.929
1705225260,+3.46,+24.855, +0.054,+0.929
1705225320,+3.46,+24.855, +0.055,+0.929
1705225380,+3.46,+24.855, +0.055,+0.929
1705225440,+3.46,+24.855, +0.055,+0.929
1705225500,+3.46,+24.838, +0.055,+0.929
1705225560,+3.46,+24.855, +0.056,+0.930
1705225620,+3.46,+24.855, +0.055,+0.929
1705225680,+3.46,+24.855, +0.055,+0.930
1705225740,+3.46,+24.838, +0.055,+0.929
1705225800,+3.46,+24.846, +0.055,+0.930
1705225860,+3.46,+24.829, +0.054,+0.929
1705225920,+3.46,+24.863, +0.054,+0.929
1705225980,+3.46,+24.829, +0.054,+0.929
1705226040,+3.46,+24.838, +0.055,+0.929
1705226100,+3.46,+24.846, +0.054,+0.929
1705226160,+3.46,+24.838, +0.055,+0.929
1705226220,+3.46,+24.829, +0.066,+0.930
1705226280,+3.46,+24.846, +0.057,+0.929
1705226340,+3.46,+24.838, +0.127,+0.932
1705226400,+3.46,+24.838, +0.072,+0.930
1705226460,+3.46,+24.855, +0.055,+0.929
1705226520,+3.46,+24.838, +0.054,+0.929
1705226580,+3.46,+24.838, +0.054,+0.929
1705226640,+3.46,+24.838, +0.054,+0.929
1705226700,+3.46,+24.846, +0.100,+0.931
1705226760,+3.46,+24.821, +0.061,+0.930
1705226820,+3.46,+24.821, +0.057,+0.929
1705226880,+3.46,+24.829, +0.087,+0.930
1705226940,+3.46,+24.829, +0.058,+0.930
1705227000,+3.46,+24.846, +0.055,+0.929
1705227060,+3.46,+24.829, +0.055,+0.929
1705227120,+3.46,+24.821, +0.055,+0.929
1705227180,+3.46,+24.829, +0.054,+0.929
1705227240,+3.46,+24.829, +0.054,+0.929
1705227300,+3.46,+24.821, +0.057,+0.929
1705227360,+3.46,+24.821, +0.094,+0.931
1705227420,+3.46,+24.829, +0.064,+0.930
1705227480,+3.46,+24.813, +0.060,+0.930
1705227540,+3.46,+24.804, +0.075,+0.930
1705227600,+3.46,+24.813, +0.057,+0.930
1705227660,+3.46,+24.804, +0.055,+0.929
1705227720,+3.46,+24.796, +0.054,+0.929
1705227780,+3.46,+24.804, +0.054,+0.929
1705227840,+3.46,+24.796, +0.054,+0.929
1705227900,+3.46,+24.821, +0.054,+0.929
1705227960,+3.46,+24.821, +0.055,+0.929
1705228020,+3.46,+24.804, +0.054,+0.929
1705228080,+3.46,+24.796, +0.054,+0.929
1705228140,+3.46,+24.796, +0.055,+0.929
1705228200,+3.46,+24.804, +0.054,+0.929
1705228260,+3.46,+24.787, +0.054,+0.929
1705228320,+3.46,+24.787, +0.054,+0.929
1705228380,+3.46,+24.796, +0.054,+0.929
1705228440,+3.46,+24.779, +0.054,+0.929
1705228500,+3.46,+24.771, +0.054,+0.929
1705228560,+3.46,+24.779, +0.054,+0.929
1705228620,+3.46,+24.771, +0.055,+0.930
1705228680,+3.46,+24.762, +0.054,+0.929
1705228740,+3.46,+24.762, +0.054,+0.929
1705228800,+3.46,+24.754, +0.054,+0.929
1705228860,+3.46,+24.779, +0.054,+0.929
1705228920,+3.46,+24.754, +0.056,+0.929
1705228980,+3.46,+24.754, +0.055,+0.929
1705229040,+3.46,+24.762, +0.055,+0.929
1705229100,+3.46,+24.762, +0.054,+0.929
1705229160,+3.46,+24.762, +0.055,+0.929
1705229220,+3.46,+24.762, +0.055,+0.929
1705229280,+3.46,+24.754, +0.055,+0.929
1705229340,+3.46,+24.745, +0.054,+0.929
1705229400,+3.46,+24.737, +0.054,+0.930
1705229460,+3.46,+24.754, +0.055,+0.929
1705229520,+3.46,+24.754, +0.054,+0.929
1705229580,+3.46,+24.745, +0.055,+0.929
1705229640,+3.46,+24.737, +0.054,+0.929
1705229700,+3.46,+24.729, +0.055,+0.929
1705229760,+3.46,+24.729, +0.055,+0.929
1705229820,+3.46,+24.729, +0.055,+0.929
1705229880,+3.46,+24.729, +0.054,+0.929
1705229940,+3.46,+24.737, +0.054,+0.929
1705230000,+3.46,+24.729, +0.055,+0.929
1705230060,+3.46,+24.729, +0.055,+0.930
1705230120,+3.46,+24.729, +0.054,+0.929
1705230180,+3.46,+24.720, +0.055,+0.929
1705230240,+3.46,+24.720, +0.055,+0.929
1705230300,+3.46,+24.737, +0.055,+0.929
1705230360,+3.46,+24.720, +0.054,+0.929
1705230420,+3.46,+24.712, +0.055,+0.929
1705230480,+3.46,+24.712, +0.055,+0.929
1705230540,+3.46,+24.695, +0.054,+0.929
1705230600,+3.46,+24.703, +0.055,+0.929
1705230660,+3.46,+24.712, +0.054,+0.929
1705230720,+3.46,+24.712, +0.054,+0.929
1705230780,+3.46,+24.703, +0.054,+0.929
1705230840,+3.46,+24.695, +0.054,+0.929
1705230900,+3.46,+24.712, +0.054,+0.929
1705230960,+3.46,+24.695, +0.054,+0.929
1705231020,+3.46,+24.703, +0.055,+0.929
1705231080,+3.46,+24.703, +0.054,+0.929
1705231140,+3.46,+24.712, +0.054,+0.929
1705231200,+3.46,+24.695, +0.055,+0.929
1705231260,+3.46,+24.695, +0.054,+0.929
1705231320,+3.46,+24.712, +0.054,+0.929
1705231380,+3.46,+24.695, +0.054,+0.929
1705231440,+3.46,+24.678, +0.055,+0.929
1705231500,+3.46,+24.703, +0.054,+0.929
1705231560,+3.46,+24.687, +0.054,+0.929
1705231620,+3.46,+24.695, +0.055,+0.929
1705231680,+3.46,+24.695, +0.054,+0.929
1705231740,+3.46,+24.678, +0.054,+0.929
1705231800,+3.46,+24.695, +0.054,+0.929
1705231860,+3.46,+24.670, +0.054,+0.929
1705231920,+3.46,+24.695, +0.054,+0.929
1705231980,+3.46,+24.678, +0.054,+0.929
1705232040,+3.46,+24.695, +0.054,+0.929
1705232100,+3.46,+24.678, +0.054,+0.929
1705232160,+3.46,+24.687, +0.054,+0.929
1705232220,+3.46,+24.695, +0.055,+0.929
1705232280,+3.46,+24.695, +0.054,+0.929
1705232340,+3.46,+24.678, +0.054,+0.929
1705232400,+3.46,+24.670, +0.055,+0.929
1705232460,+3.46,+24.661, +0.054,+0.929
1705232520,+3.46,+24.670, +0.054,+0.929
1705232580,+3.46,+24.678, +0.054,+0.929
1705232640,+3.46,+24.670, +0.055,+0.929
1705232700,+3.46,+24.670, +0.054,+0.929
1705232760,+3.46,+24.687, +0.054,+0.929
1705232820,+3.46,+24.678, +0.055,+0.929
1705232880,+3.46,+24.670, +0.054,+0.929
1705232940,+3.46,+24.661, +0.055,+0.929
1705233000,+3.46,+24.670, +0.054,+0.929
1705233060,+3.46,+24.653, +0.054,+0.929
1705233120,+3.46,+24.670, +0.055,+0.929
1705233180,+3.46,+24.653, +0.055,+0.929
1705233240,+3.46,+24.670, +0.054,+0.929
1705233300,+3.46,+24.661, +0.054,+0.929
1705233360,+3.46,+24.670, +0.054,+0.929
1705233420,+3.46,+24.670, +0.054,+0.929
1705233480,+3.46,+24.661, +0.054,+0.929
1705233540,+3.46,+24.661, +0.054,+0.929
1705233600,+3.46,+24.670, +0.054,+0.929
1705233660,+3.46,+24.645, +0.054,+0.929
1705233720,+3.46,+24.661, +0.054,+0.929
1705233780,+3.46,+24.645, +0.054,+0.929
1705233840,+3.46,+24.653, +0.054,+0.929
1705233900,+3.46,+24.653, +0.054,+0.929
1705233960,+3.46,+24.645, +0.054,+0.930
1705234020,+3.46,+24.653, +0.054,+0.929
1705234080,+3.46,+24.653, +0.054,+0.929
1705234140,+3.46,+24.653, +0.054,+0.929
1705234200,+3.46,+24.645, +0.054,+0.929
1705234260,+3.46,+24.645, +0.054,+0.929
1705234320,+3.46,+24.653, +0.054,+0.929
1705234380,+3.46,+24.636, +0.054,+0.929
1705234440,+3.46,+24.636, +0.055,+0.930
1705234500,+3.46,+24.645, +0.054,+0.929
1705234560,+3.46,+24.636, +0.055,+0.929
1705234620,+3.46,+24.645, +0.055,+0.929
1705234680,+3.46,+24.645, +0.054,+0.929
1705234740,+3.46,+24.653, +0.054,+0.929
1705234800,+3.46,+24.636, +0.054,+0.929
1705234860,+3.46,+24.636, +0.054,+0.929
1705234920,+3.46,+24.636, +0.055,+0.929
1705234980,+3.46,+24.645, +0.054,+0.929
1705235040,+3.46,+24.636, +0.054,+0.930
1705235100,+3.46,+24.636, +0.055,+0.929
1705235160,+3.46,+24.636, +0.054,+0.929
1705235220,+3.46,+24.636, +0.054,+0.929
1705235280,+3.46,+24.636, +0.054,+0.929
1705235340,+3.46,+24.619, +0.054,+0.929
1705235400,+3.46,+24.636, +0.054,+0.929
1705235460,+3.46,+24.645, +0.054,+0.929
1705235520,+3.46,+24.636, +0.054,+0.929
1705235580,+3.46,+24.645, +0.054,+0.929
1705235640,+3.46,+24.645, +0.054,+0.929
1705235700,+3.46,+24.645, +0.054,+0.929
1705235760,+3.46,+24.645, +0.054,+0.929
1705235820,+3.46,+24.653, +0.055,+0.930
1705235880,+3.46,+24.636, +0.054,+0.929
1705235940,+3.46,+24.661, +0.054,+0.929
1705236000,+3.46,+24.661, +0.054,+0.929
1705236060,+3.46,+24.653, +0.054,+0.929
1705236120,+3.46,+24.645, +0.054,+0.929
1705236180,+3.46,+24.670, +0.054,+0.929
1705236240,+3.46,+24.670, +0.054,+0.929
1705236300,+3.46,+24.670, +0.055,+0.929
1705236360,+3.46,+24.661, +0.054,+0.929
1705236420,+3.46,+24.678, +0.054,+0.929
1705236480,+3.46,+24.670, +0.055,+0.929
1705236540,+3.46,+24.695, +0.054,+0.929
1705236600,+3.46,+24.687, +0.054,+0.929
1705236660,+3.46,+24.687, +0.055,+0.929
1705236720,+3.46,+24.687, +0.054,+0.929
1705236780,+3.46,+24.678, +0.054,+0.929
1705236840,+3.46,+24.678, +0.054,+0.929
1705236900,+3.46,+24.678, +0.054,+0.929
1705236960,+3.46,+24.678, +0.054,+0.929
1705237020,+3.46,+24.687, +0.054,+0.929
1705237080,+3.46,+24.678, +0.054,+0.929
1705237140,+3.46,+24.678, +0.055,+0.929
1705237200,+3.46,+24.670, +0.054,+0.929
1705237260,+3.46,+24.678, +0.054,+0.929
1705237320,+3.46,+24.678, +0.055,+0.929
1705237380,+3.46,+24.678, +0.054,+0.929
1705237440,+3.46,+24.678, +0.054,+0.929
1705237500,+3.46,+24.678, +0.053,+0.929
1705237560,+3.46,+24.670, +0.054,+0.929
1705237620,+3.46,+24.678, +0.054,+0.929
1705237680,+3.46,+24.687, +0.054,+0.929
1705237740,+3.46,+24.670, +0.055,+0.929
1705237800,+3.46,+24.703, +0.055,+0.929
1705237860,+3.46,+24.687, +0.054,+0.929
1705237920,+3.46,+24.695, +0.054,+0.929
1705237980,+3.46,+24.678, +0.054,+0.929
1705238040,+3.46,+24.695, +0.054,+0.929
1705238100,+3.46,+24.695, +0.054,+0.929
1705238160,+3.46,+24.687, +0.054,+0.929
1705238220,+3.46,+24.695, +0.054,+0.929
1705238280,+3.46,+24.712, +0.055,+0.929
1705238340,+3.46,+24.703, +0.054,+0.929
1705238400,+3.46,+24.703, +0.054,+0.929
1705238460,+3.46,+24.712, +0.055,+0.929
1705238520,+3.46,+24.712, +0.054,+0.929
1705238580,+3.46,+24.712, +0.054,+0.929
1705238640,+3.46,+24.703, +0.055,+0.929
1705238700,+3.46,+24.703, +0.054,+0.929
1705238760,+3.46,+24.703, +0.054,+0.929
1705238820,+3.46,+24.720, +0.054,+0.929
1705238880,+3.46,+24.720, +0.054,+0.929
1705238940,+3.46,+24.737, +0.054,+0.929
1705239000,+3.46,+24.729, +0.055,+0.929
1705239060,+3.46,+24.737, +0.054,+0.929
1705239120,+3.46,+24.745, +0.054,+0.929
1705239180,+3.46,+24.745, +0.054,+0.929
1705239240,+3.46,+24.745, +0.054,+0.929
1705239300,+3.46,+24.745, +0.055,+0.929
1705239360,+3.46,+24.712, +0.055,+0.929
1705239420,+3.46,+24.745, +0.054,+0.929
1705239480,+3.46,+24.737, +0.055,+0.929
1705239540,+3.46,+24.737, +0.054,+0.929
1705239600,+3.46,+24.737, +0.054,+0.929
1705239660,+3.46,+24.754, +0.054,+0.929
1705239720,+3.46,+24.762, +0.054,+0.929
1705239780,+3.46,+24.754, +0.054,+0.929
1705239840,+3.46,+24.754, +0.054,+0.929
1705239900,+3.46,+24.762, +0.054,+0.929
1705239960,+3.46,+24.771, +0.054,+0.929
1705240020,+3.46,+24.745, +0.054,+0.929
1705240080,+3.46,+24.762, +0.054,+0.929
1705240140,+3.46,+24.762, +0.054,+0.929
1705240200,+3.46,+24.754, +0.055,+0.929
1705240260,+3.46,+24.762, +0.054,+0.929
1705240320,+3.46,+24.779, +0.054,+0.929
1705240380,+3.46,+24.771, +0.054,+0.929
1705240440,+3.46,+24.779, +0.054,+0.929
1705240500,+3.46,+24.771, +0.054,+0.929
1705240560,+3.46,+24.771, +0.053,+0.929
1705240620,+3.46,+24.771, +0.055,+0.929
1705240680,+3.46,+24.796, +0.054,+0.929
1705240740,+3.46,+24.787, +0.055,+0.929
1705240800,+3.46,+24.796, +0.054,+0.929
1705240860,+3.46,+24.796, +0.054,+0.929
1705240920,+3.46,+24.779, +0.054,+0.929
1705240980,+3.46,+24.804, +0.055,+0.929
1705241040,+3.46,+24.796, +0.055,+0.929
1705241100,+3.46,+24.796, +0.054,+0.929
1705241160,+3.46,+24.787, +0.055,+0.929
1705241220,+3.46,+24.821, +0.054,+0.929
1705241280,+3.46,+24.804, +0.055,+0.929
1705241340,+3.46,+24.821, +0.054,+0.929
1705241400,+3.46,+24.813, +0.054,+0.929
1705241460,+3.46,+24.821, +0.055,+0.929
1705241520,+3.46,+24.796, +0.054,+0.929
1705241580,+3.46,+24.821, +0.054,+0.929
1705241640,+3.46,+24.796, +0.054,+0.929
1705241700,+3.46,+24.821, +0.054,+0.929
1705241760,+3.46,+24.829, +0.054,+0.929
1705241820,+3.46,+24.821, +0.054,+0.929
1705241880,+3.46,+24.829, +0.054,+0.929
1705241940,+3.46,+24.829, +0.054,+0.929
1705242000,+3.46,+24.829, +0.053,+0.929
1705242060,+3.46,+24.846, +0.054,+0.929
1705242120,+3.46,+24.846, +0.054,+0.929
1705242180,+3.46,+24.846, +0.054,+0.929
1705242240,+3.46,+24.863, +0.054,+0.929
1705242300,+3.46,+24.846, +0.054,+0.929
1705242360,+3.46,+24.855, +0.054,+0.929
1705242420,+3.46,+24.846, +0.054,+0.929
1705242480,+3.46,+24.846, +0.055,+0.929
1705242540,+3.46,+24.880, +0.054,+0.929
1705242600,+3.46,+24.863, +0.054,+0.929
1705242660,+3.46,+24.871, +0.054,+0.929
1705242720,+3.46,+24.880, +0.054,+0.929
1705242780,+3.46,+24.888, +0.054,+0.929
1705242840,+3.46,+24.880, +0.055,+0.929
1705242900,+3.46,+24.897, +0.054,+0.929
1705242960,+3.46,+24.897, +0.054,+0.929
1705243020,+3.46,+24.880, +0.054,+0.929
1705243080,+3.46,+24.905, +0.054,+0.929
1705243140,+3.46,+24.888, +0.054,+0.929
1705243200,+3.46,+24.913, +0.054,+0.929
1705243260,+3.46,+24.913, +0.054,+0.929
1705243320,+3.46,+24.913, +0.054,+0.929
1705243380,+3.46,+24.930, +0.054,+0.929
1705243440,+3.46,+24.939, +0.054,+0.929
1705243500,+3.46,+24.930, +0.054,+0.929
1705243560,+3.46,+24.939, +0.054,+0.929
1705243620,+3.46,+24.930, +0.054,+0.929
1705243680,+3.46,+24.922, +0.054,+0.929
1705243740,+3.46,+24.955, +0.054,+0.929
1705243800,+3.46,+24.930, +0.054,+0.929
1705243860,+3.46,+24.930, +0.054,+0.929
1705243920,+3.46,+24.939, +0.054,+0.929
1705243980,+3.46,+24.955, +0.054,+0.929
1705244040,+3.46,+24.955, +0.054,+0.929
1705244100,+3.46,+24.955, +0.054,+0.929
1705244160,+3.46,+24.964, +0.054,+0.929
1705244220,+3.46,+24.964, +0.054,+0.929
1705244280,+3.46,+24.964, +0.054,+0.929
1705244340,+3.46,+24.972, +0.054,+0.929
1705244400,+3.46,+24.981, +0.054,+0.929
1705244460,+3.46,+25.006, +0.054,+0.929
1705244520,+3.46,+24.997, +0.054,+0.929
1705244580,+3.46,+25.006, +0.054,+0.929
1705244640,+3.46,+25.006, +0.054,+0.929
1705244700,+3.46,+25.006, +0.054,+0.929
1705244760,+3.46,+25.014, +0.054,+0.929
1705244820,+3.46,+25.014, +0.054,+0.929
1705244880,+3.46,+25.006, +0.054,+0.929
1705244940,+3.46,+25.023, +0.054,+0.929
1705245000,+3.46,+25.023, +0.054,+0.929
1705245060,+3.46,+25.031, +0.054,+0.929
1705245120,+3.46,+25.048, +0.054,+0.929
1705245180,+3.46,+25.039, +0.054,+0.929
1705245240,+3.46,+25.048, +0.055,+0.929
1705245300,+3.46,+25.039, +0.054,+0.929
1705245360,+3.46,+25.048, +0.054,+0.929
1705245420,+3.46,+25.048, +0.054,+0.929
1705245480,+3.46,+25.065, +0.054,+0.929
1705245540,+3.46,+25.056, +0.054,+0.928
1705245600,+3.46,+25.056, +0.055,+0.929
1705245660,+3.46,+25.090, +0.055,+0.929
1705245720,+3.46,+25.073, +0.054,+0.929
1705245780,+3.46,+25.056, +0.054,+0.929
1705245840,+3.46,+25.090, +0.054,+0.928
1705245900,+3.46,+25.082, +0.054,+0.929
1705245960,+3.46,+25.098, +0.055,+0.929
1705246020,+3.46,+25.098, +0.054,+0.929
1705246080,+3.46,+25.098, +0.054,+0.929
1705246140,+3.46,+25.115, +0.054,+0.929
1705246200,+3.46,+25.124, +0.054,+0.929
1705246260,+3.46,+25.140, +0.054,+0.929
1705246320,+3.46,+25.124, +0.054,+0.929
1705246380,+3.46,+25.157, +0.054,+0.928
1705246440,+3.46,+25.157, +0.054,+0.928
1705246500,+3.46,+25.191, +0.054,+0.928
1705246560,+3.46,+25.191, +0.054,+0.928
1705246620,+3.46,+25.199, +0.054,+0.928
1705246680,+3.46,+25.208, +0.054,+0.928
1705246740,+3.46,+25.233, +0.054,+0.928
1705246800,+3.46,+25.225, +0.054,+0.928
1705246860,+3.46,+25.241, +0.054,+0.928
1705246920,+3.46,+25.241, +0.054,+0.928
1705246980,+3.46,+25.241, +0.054,+0.928
1705247040,+3.46,+25.241, +0.054,+0.928
1705247100,+3.46,+25.283, +0.054,+0.928
1705247160,+3.46,+25.275, +0.054,+0.928
1705247220,+3.46,+25.283, +0.054,+0.928
1705247280,+3.46,+25.292, +0.054,+0.928
1705247340,+3.46,+25.300, +0.055,+0.928
1705247400,+3.46,+25.300, +0.054,+0.928
1705247460,+3.46,+25.309, +0.054,+0.928
1705247520,+3.46,+25.309, +0.054,+0.928
1705247580,+3.46,+25.292, +0.054,+0.928
1705247640,+3.46,+25.300, +0.054,+0.928
1705247700,+3.46,+25.300, +0.054,+0.928
1705247760,+3.46,+25.326, +0.054,+0.928
1705247820,+3.46,+25.317, +0.054,+0.928
1705247880,+3.46,+25.342, +0.054,+0.928
1705247940,+3.46,+25.334, +0.054,+0.928
1705248000,+3.46,+25.326, +0.054,+0.928
1705248060,+3.46,+25.351, +0.054,+0.928
1705248120,+3.46,+25.326, +0.054,+0.928
1705248180,+3.46,+25.368, +0.055,+0.928
1705248240,+3.46,+25.359, +0.054,+0.928
1705248300,+3.46,+25.368, +0.054,+0.928
1705248360,+3.46,+25.393, +0.054,+0.928
1705248420,+3.46,+25.393, +0.054,+0.928
1705248480,+3.46,+25.410, +0.054,+0.928
1705248540,+3.46,+25.427, +0.054,+0.928
1705248600,+3.46,+25.443, +0.054,+0.928
1705248660,+3.46,+25.435, +0.054,+0.928
1705248720,+3.46,+25.443, +0.054,+0.928
1705248780,+3.46,+25.452, +0.054,+0.928
1705248840,+3.46,+25.477, +0.055,+0.928
1705248900,+3.46,+25.477, +0.055,+0.928
1705248960,+3.46,+25.469, +0.054,+0.928
1705249020,+3.46,+25.485, +0.054,+0.928
1705249080,+3.46,+25.494, +0.054,+0.928
1705249140,+3.46,+25.511, +0.054,+0.928
1705249200,+3.46,+25.502, +0.054,+0.928
1705249260,+3.46,+25.502, +0.054,+0.928
1705249320,+3.46,+25.502, +0.054,+0.928
1705249380,+3.46,+25.511, +0.055,+0.928
1705249440,+3.46,+25.519, +0.055,+0.928
1705249500,+3.46,+25.528, +0.054,+0.928
1705249560,+3.46,+25.553, +0.054,+0.928
1705249620,+3.46,+25.536, +0.054,+0.928
1705249680,+3.46,+25.570, +0.054,+0.928
1705249740,+3.46,+25.587, +0.054,+0.928
1705249800,+3.46,+25.620, +0.055,+0.928
1705249860,+3.46,+25.629, +0.055,+0.928
1705249920,+3.46,+25.637, +0.055,+0.928
1705249980,+3.46,+25.679, +0.054,+0.928
1705250040,+3.46,+25.688, +0.054,+0.928
1705250100,+3.46,+25.696, +0.055,+0.928
1705250160,+3.46,+25.705, +0.054,+0.928
1705250220,+3.46,+25.747, +0.055,+0.928
1705250280,+3.46,+25.772, +0.055,+0.928
1705250340,+3.46,+25.780, +0.054,+0.928
1705250400,+3.46,+25.797, +0.054,+0.928
1705250460,+3.46,+25.814, +0.055,+0.928
1705250520,+3.46,+25.839, +0.055,+0.928
1705250580,+3.46,+25.823, +0.055,+0.928
1705250640,+3.46,+25.839, +0.056,+0.928
1705250700,+3.46,+25.966, +0.150,+0.931
1705250760,+3.46,+25.958, +0.193,+0.932
1705250820,+3.46,+25.949, +0.181,+0.932
1705250880,+3.46,+25.932, +0.134,+0.930
1705250940,+3.46,+25.932, +0.082,+0.929
1705251000,+3.46,+25.958, +0.060,+0.928
1705251060,+3.46,+25.958, +0.056,+0.928
1705251120,+3.46,+25.958, +0.055,+0.928
1705251180,+3.46,+25.932, +0.054,+0.928
1705251240,+3.46,+25.924, +0.055,+0.928
1705251300,+3.46,+25.907, +0.055,+0.928
1705251360,+3.46,+25.898, +0.055,+0.928
1705251420,+3.46,+25.924, +0.054,+0.928
1705251480,+3.46,+25.932, +0.054,+0.928
1705251540,+3.46,+25.890, +0.054,+0.928
1705251600,+3.46,+25.882, +0.054,+0.928
1705251660,+3.46,+25.882, +0.054,+0.928
1705251720,+3.46,+25.873, +0.054,+0.928
1705251780,+3.46,+25.873, +0.054,+0.928
1705251840,+3.46,+25.890, +0.054,+0.928
1705251900,+3.46,+25.865, +0.054,+0.928
1705251960,+3.46,+25.873, +0.054,+0.928
1705252020,+3.46,+25.898, +0.054,+0.928
1705252080,+3.46,+25.873, +0.055,+0.928
1705252140,+3.46,+25.882, +0.054,+0.928
1705252200,+3.46,+25.890, +0.054,+0.928
1705252260,+3.46,+25.907, +0.054,+0.928
1705252320,+3.46,+25.898, +0.054,+0.928
1705252380,+3.46,+25.898, +0.054,+0.928
1705252440,+3.46,+25.890, +0.054,+0.928
1705252500,+3.46,+25.915, +0.054,+0.928
1705252560,+3.46,+25.890, +0.054,+0.928
1705252620,+3.46,+25.907, +0.054,+0.928
1705252680,+3.46,+25.873, +0.055,+0.928
1705252740,+3.46,+25.898, +0.054,+0.928
1705252800,+3.46,+25.882, +0.055,+0.928
1705252860,+3.46,+25.898, +0.054,+0.928
1705252920,+3.46,+25.890, +0.055,+0.928
1705252980,+3.46,+25.890, +0.054,+0.928
1705253040,+3.46,+25.873, +0.055,+0.928
1705253100,+3.46,+25.882, +0.054,+0.928
1705253160,+3.46,+25.882, +0.054,+0.928
1705253220,+3.46,+25.865, +0.055,+0.928
1705253280,+3.46,+25.865, +0.055,+0.928
1705253340,+3.46,+25.865, +0.055,+0.928
1705253400,+3.46,+25.873, +0.055,+0.928
1705253460,+3.46,+25.873, +0.055,+0.928
1705253520,+3.46,+25.865, +0.055,+0.928
1705253580,+3.46,+25.873, +0.055,+0.928
1705253640,+3.46,+25.873, +0.055,+0.928
1705253700,+3.46,+25.890, +0.055,+0.928
1705253760,+3.46,+25.873, +0.055,+0.928
1705253820,+3.46,+25.865, +0.055,+0.928
1705253880,+3.46,+25.873, +0.055,+0.928
1705253940,+3.46,+25.882, +0.055,+0.928
1705254000,+3.46,+25.882, +0.055,+0.928
1705254060,+3.46,+25.890, +0.055,+0.928
1705254120,+3.46,+25.882, +0.055,+0.928
1705254180,+3.46,+25.898, +0.055,+0.928
1705254240,+3.46,+25.890, +0.055,+0.929
1705254300,+3.46,+25.890, +0.055,+0.928
1705254360,+3.46,+25.915, +0.054,+0.928
1705254420,+3.46,+25.898, +0.055,+0.928
1705254480,+3.46,+25.898, +0.055,+0.928
1705254540,+3.46,+25.924, +0.055,+0.928
1705254600,+3.46,+25.898, +0.055,+0.928
1705254660,+3.46,+25.915, +0.055,+0.928
1705254720,+3.46,+25.915, +0.055,+0.928
1705254780,+3.46,+25.924, +0.055,+0.929
1705254840,+3.46,+25.924, +0.055,+0.928
1705254900,+3.46,+25.924, +0.055,+0.928
1705254960,+3.46,+25.924, +0.055,+0.929
1705255020,+3.46,+25.932, +0.055,+0.928
1705255080,+3.46,+25.941, +0.055,+0.928
1705255140,+3.46,+25.949, +0.055,+0.928
1705255200,+3.46,+25.924, +0.055,+0.928
1705255260,+3.46,+25.941, +0.055,+0.928
1705255320,+3.46,+25.941, +0.054,+0.928
1705255380,+3.46,+25.924, +0.055,+0.929
1705255440,+3.46,+25.941, +0.054,+0.928
1705255500,+3.46,+25.924, +0.055,+0.928
1705255560,+3.46,+25.932, +0.055,+0.928
1705255620,+3.46,+25.949, +0.055,+0.929
1705255680,+3.46,+25.932, +0.056,+0.929
1705255740,+3.46,+25.941, +0.055,+0.929
1705255800,+3.46,+25.932, +0.056,+0.929
1705255860,+3.46,+25.958, +0.055,+0.929
1705255920,+3.46,+25.966, +0.055,+0.928
1705255980,+3.46,+25.958, +0.055,+0.928
1705256040,+3.46,+25.966, +0.055,+0.929
1705256100,+3.46,+25.966, +0.055,+0.929
1705256160,+3.46,+25.958, +0.055,+0.928
1705256220,+3.46,+25.966, +0.055,+0.928
1705256280,+3.46,+25.974, +0.055,+0.928
1705256340,+3.46,+25.966, +0.055,+0.928
1705256400,+3.46,+25.974, +0.055,+0.928
1705256460,+3.46,+25.983, +0.055,+0.928
1705256520,+3.46,+25.974, +0.055,+0.928
1705256580,+3.46,+25.991, +0.055,+0.928
1705256640,+3.46,+26.000, +0.055,+0.929
1705256700,+3.46,+26.017, +0.056,+0.929
1705256760,+3.46,+26.008, +0.055,+0.928
1705256820,+3.46,+26.025, +0.055,+0.928
