7450-988987
OS REV: 1.05 Sensor Cal: 1620327161
Time (sec),  BV (Volts),  T (deg C),  DO (mg/l),  Q ()
1704652080,+3.46,+24.880, +0.052,+0.932
1704652140,+3.46,+24.897, +0.052,+0.931
1704652200,+3.46,+24.897, +0.052,+0.931
1704652260,+3.45,+24.897, +0.052,+0.932
1704652320,+3.46,+24.888, +0.051,+0.932
1704652380,+3.46,+24.905, +0.052,+0.932
1704652440,+3.46,+24.897, +0.052,+0.931
1704652500,+3.46,+24.913, +0.051,+0.931
1704652560,+3.46,+24.913, +0.052,+0.931
1704652620,+3.46,+24.897, +0.051,+0.931
1704652680,+3.46,+24.913, +0.052,+0.931
1704652740,+3.46,+24.905, +0.052,+0.932
1704652800,+3.46,+24.913, +0.052,+0.932
1704652860,+3.45,+24.947, +0.052,+0.932
1704652920,+3.45,+24.964, +0.052,+0.931
1704652980,+3.45,+24.955, +0.052,+0.932
1704653040,+3.45,+24.955, +0.051,+0.931
1704653100,+3.46,+24.955, +0.051,+0.931
1704653160,+3.46,+24.947, +0.052,+0.931
1704653220,+3.45,+24.964, +0.052,+0.932
1704653280,+3.45,+24.955, +0.052,+0.932
1704653340,+3.45,+24.964, +0.052,+0.932
1704653400,+3.45,+24.972, +0.051,+0.932
1704653460,+3.45,+24.964, +0.052,+0.931
1704653520,+3.45,+24.955, +0.052,+0.932
1704653580,+3.45,+24.989, +0.052,+0.932
1704653640,+3.45,+24.972, +0.052,+0.932
1704653700,+3.45,+24.981, +0.052,+0.931
1704653760,+3.45,+24.989, +0.052,+0.931
1704653820,+3.45,+24.989, +0.052,+0.931
1704653880,+3.45,+25.006, +0.052,+0.931
1704653940,+3.45,+25.014, +0.052,+0.932
1704654000,+3.45,+25.039, +0.052,+0.931
1704654060,+3.45,+25.048, +0.052,+0.932
1704654120,+3.45,+25.048, +0.052,+0.931
1704654180,+3.45,+25.073, +0.052,+0.932
1704654240,+3.45,+25.056, +0.052,+0.932
1704654300,+3.45,+25.107, +0.052,+0.932
1704654360,+3.45,+25.098, +0.052,+0.932
1704654420,+3.45,+25.098, +0.052,+0.932
1704654480,+3.45,+25.090, +0.052,+0.932
1704654540,+3.45,+25.098, +0.052,+0.932
1704654600,+3.45,+25.107, +0.052,+0.932
1704654660,+3.45,+25.107, +0.052,+0.932
1704654720,+3.45,+25.107, +0.052,+0.932
1704654780,+3.45,+25.132, +0.052,+0.931
1704654840,+3.45,+25.140, +0.052,+0.932
1704654900,+3.45,+25.140, +0.053,+0.932
1704654960,+3.45,+25.132, +0.053,+0.932
1704655020,+3.45,+25.132, +0.052,+0.931
1704655080,+3.45,+25.140, +0.052,+0.932
1704655140,+3.45,+25.132, +0.052,+0.931
1704655200,+3.45,+25.149, +0.052,+0.932
1704655260,+3.45,+25.149, +0.052,+0.931
1704655320,+3.45,+25.149, +0.052,+0.931
1704655380,+3.45,+25.157, +0.052,+0.932
1704655440,+3.45,+25.166, +0.052,+0.932
1704655500,+3.45,+25.140, +0.053,+0.932
1704655560,+3.45,+25.166, +0.053,+0.932
1704655620,+3.45,+25.174, +0.052,+0.931
1704655680,+3.45,+25.166, +0.052,+0.932
1704655740,+3.45,+25.174, +0.052,+0.932
1704655800,+3.45,+25.182, +0.053,+0.932
1704655860,+3.45,+25.182, +0.052,+0.932
1704655920,+3.45,+25.182, +0.052,+0.932
1704655980,+3.45,+25.157, +0.052,+0.932
1704656040,+3.45,+25.140, +0.052,+0.931
1704656100,+3.45,+25.182, +0.052,+0.931
1704656160,+3.45,+25.157, +0.052,+0.931
1704656220,+3.45,+25.182, +0.052,+0.932
1704656280,+3.45,+25.199, +0.052,+0.931
1704656340,+3.45,+25.191, +0.052,+0.932
1704656400,+3.45,+25.182, +0.052,+0.931
1704656460,+3.45,+25.208, +0.052,+0.932
1704656520,+3.45,+25.208, +0.052,+0.932
1704656580,+3.45,+25.216, +0.052,+0.932
1704656640,+3.45,+25.233, +0.052,+0.932
1704656700,+3.45,+25.250, +0.052,+0.932
1704656760,+3.45,+25.233, +0.052,+0.931
1704656820,+3.45,+25.250, +0.052,+0.932
1704656880,+3.45,+25.241, +0.052,+0.932
1704656940,+3.45,+25.233, +0.053,+0.932
1704657000,+3.45,+25.233, +0.052,+0.932
1704657060,+3.45,+25.233, +0.052,+0.931
1704657120,+3.45,+25.233, +0.052,+0.932
1704657180,+3.45,+25.233, +0.052,+0.931
1704657240,+3.45,+25.225, +0.052,+0.932
1704657300,+3.45,+25.241, +0.053,+0.932
1704657360,+3.45,+25.241, +0.052,+0.932
1704657420,+3.45,+25.241, +0.052,+0.932
1704657480,+3.45,+25.250, +0.053,+0.932
1704657540,+3.45,+25.258, +0.052,+0.932
1704657600,+3.45,+25.241, +0.052,+0.932
1704657660,+3.45,+25.233, +0.052,+0.932
1704657720,+3.45,+25.233, +0.052,+0.932
1704657780,+3.45,+25.250, +0.053,+0.932
1704657840,+3.45,+25.267, +0.053,+0.932
1704657900,+3.45,+25.275, +0.053,+0.932
1704657960,+3.45,+25.267, +0.053,+0.932
1704658020,+3.45,+25.275, +0.051,+0.931
1704658080,+3.45,+25.283, +0.052,+0.932
1704658140,+3.45,+25.300, +0.053,+0.932
1704658200,+3.45,+25.309, +0.053,+0.932
1704658260,+3.45,+25.309, +0.053,+0.932
1704658320,+3.45,+25.317, +0.053,+0.932
1704658380,+3.45,+25.300, +0.052,+0.932
1704658440,+3.45,+25.309, +0.052,+0.932
1704658500,+3.45,+25.292, +0.053,+0.932
1704658560,+3.45,+25.267, +0.053,+0.932
1704658620,+3.45,+25.267, +0.053,+0.932
1704658680,+3.45,+25.250, +0.052,+0.932
1704658740,+3.45,+25.258, +0.053,+0.932
1704658800,+3.45,+25.233, +0.052,+0.932
1704658860,+3.45,+25.250, +0.052,+0.932
1704658920,+3.45,+25.267, +0.052,+0.932
1704658980,+3.45,+25.283, +0.053,+0.932
1704659040,+3.45,+25.292, +0.052,+0.932
1704659100,+3.45,+25.267, +0.052,+0.932
1704659160,+3.45,+25.258, +0.052,+0.932
1704659220,+3.45,+25.250, +0.052,+0.932
1704659280,+3.45,+25.258, +0.052,+0.932
1704659340,+3.45,+25.241, +0.052,+0.932
1704659400,+3.45,+25.250, +0.052,+0.932
1704659460,+3.45,+25.258, +0.053,+0.932
1704659520,+3.45,+25.267, +0.052,+0.932
1704659580,+3.45,+25.283, +0.053,+0.932
1704659640,+3.45,+25.283, +0.053,+0.932
1704659700,+3.45,+25.309, +0.053,+0.932
1704659760,+3.45,+25.317, +0.053,+0.932
1704659820,+3.45,+25.317, +0.053,+0.932
1704659880,+3.45,+25.334, +0.052,+0.932
1704659940,+3.45,+25.317, +0.053,+0.932
1704660000,+3.45,+25.309, +0.053,+0.932
1704660060,+3.45,+25.317, +0.053,+0.932
1704660120,+3.45,+25.300, +0.052,+0.932
1704660180,+3.45,+25.326, +0.053,+0.932
1704660240,+3.45,+25.317, +0.053,+0.932
1704660300,+3.45,+25.317, +0.053,+0.932
1704660360,+3.45,+25.317, +0.052,+0.932
1704660420,+3.45,+25.309, +0.053,+0.932
1704660480,+3.45,+25.300, +0.052,+0.932
1704660540,+3.45,+25.300, +0.053,+0.932
1704660600,+3.45,+25.292, +0.053,+0.932
1704660660,+3.45,+25.283, +0.052,+0.932
1704660720,+3.45,+25.267, +0.053,+0.932
1704660780,+3.45,+25.258, +0.053,+0.932
1704660840,+3.45,+25.275, +0.052,+0.932
1704660900,+3.45,+25.258, +0.052,+0.932
1704660960,+3.45,+25.250, +0.053,+0.932
1704661020,+3.45,+25.258, +0.052,+0.932
1704661080,+3.45,+25.250, +0.053,+0.932
1704661140,+3.45,+25.258, +0.052,+0.932
1704661200,+3.45,+25.241, +0.053,+0.932
1704661260,+3.45,+25.250, +0.053,+0.932
1704661320,+3.45,+25.250, +0.053,+0.932
1704661380,+3.45,+25.233, +0.053,+0.932
1704661440,+3.45,+25.233, +0.052,+0.932
1704661500,+3.45,+25.258, +0.052,+0.932
1704661560,+3.45,+25.241, +0.052,+0.932
1704661620,+3.45,+25.258, +0.053,+0.932
1704661680,+3.45,+25.258, +0.053,+0.932
1704661740,+3.45,+25.250, +0.053,+0.932
1704661800,+3.45,+25.258, +0.053,+0.932
1704661860,+3.45,+25.233, +0.052,+0.932
1704661920,+3.45,+25.241, +0.053,+0.932
1704661980,+3.45,+25.250, +0.052,+0.932
1704662040,+3.45,+25.233, +0.053,+0.932
1704662100,+3.45,+25.233, +0.053,+0.932
1704662160,+3.45,+25.250, +0.053,+0.932
1704662220,+3.45,+25.250, +0.053,+0.932
1704662280,+3.45,+25.233, +0.053,+0.932
1704662340,+3.45,+25.258, +0.053,+0.932
1704662400,+3.45,+25.258, +0.052,+0.932
1704662460,+3.45,+25.250, +0.053,+0.932
1704662520,+3.45,+25.258, +0.052,+0.932
1704662580,+3.45,+25.275, +0.053,+0.932
1704662640,+3.45,+25.241, +0.053,+0.932
1704662700,+3.45,+25.267, +0.052,+0.932
1704662760,+3.45,+25.241, +0.053,+0.932
1704662820,+3.45,+25.250, +0.053,+0.932
1704662880,+3.45,+25.258, +0.053,+0.932
1704662940,+3.45,+25.250, +0.052,+0.932
1704663000,+3.45,+25.250, +0.053,+0.932
1704663060,+3.45,+25.241, +0.053,+0.932
1704663120,+3.45,+25.233, +0.052,+0.932
1704663180,+3.45,+25.208, +0.053,+0.932
1704663240,+3.45,+25.208, +0.052,+0.932
1704663300,+3.45,+25.182, +0.052,+0.932
1704663360,+3.45,+25.174, +0.053,+0.932
1704663420,+3.45,+25.174, +0.053,+0.932
1704663480,+3.45,+25.166, +0.053,+0.932
1704663540,+3.45,+25.174, +0.052,+0.932
1704663600,+3.45,+25.166, +0.053,+0.932
1704663660,+3.45,+25.140, +0.053,+0.932
1704663720,+3.45,+25.166, +0.053,+0.932
1704663780,+3.45,+25.166, +0.052,+0.932
1704663840,+3.45,+25.191, +0.052,+0.932
1704663900,+3.45,+25.166, +0.052,+0.932
1704663960,+3.45,+25.166, +0.053,+0.932
1704664020,+3.45,+25.174, +0.052,+0.932
1704664080,+3.45,+25.174, +0.052,+0.932
1704664140,+3.45,+25.191, +0.053,+0.932
1704664200,+3.45,+25.166, +0.052,+0.932
1704664260,+3.45,+25.166, +0.053,+0.932
1704664320,+3.45,+25.166, +0.052,+0.932
1704664380,+3.45,+25.166, +0.053,+0.932
1704664440,+3.45,+25.157, +0.053,+0.932
1704664500,+3.45,+25.166, +0.053,+0.932
1704664560,+3.45,+25.166, +0.053,+0.932
1704664620,+3.45,+25.174, +0.053,+0.932
1704664680,+3.45,+25.149, +0.052,+0.932
1704664740,+3.45,+25.166, +0.053,+0.932
1704664800,+3.45,+25.149, +0.053,+0.932
1704664860,+3.45,+25.140, +0.052,+0.932
1704664920,+3.45,+25.149, +0.053,+0.932
1704664980,+3.45,+25.149, +0.053,+0.932
1704665040,+3.45,+25.140, +0.052,+0.932
1704665100,+3.46,+25.132, +0.053,+0.932
1704665160,+3.46,+25.132, +0.052,+0.932
1704665220,+3.45,+25.132, +0.052,+0.932
1704665280,+3.46,+25.124, +0.053,+0.932
1704665340,+3.46,+25.124, +0.053,+0.932
1704665400,+3.45,+25.115, +0.053,+0.932
1704665460,+3.45,+25.124, +0.053,+0.932
1704665520,+3.46,+25.115, +0.053,+0.932
1704665580,+3.46,+25.098, +0.056,+0.932
1704665640,+3.46,+25.090, +0.054,+0.932
1704665700,+3.46,+25.082, +0.073,+0.933
1704665760,+3.46,+25.098, +0.060,+0.932
1704665820,+3.46,+25.090, +0.067,+0.933
1704665880,+3.46,+25.098, +0.054,+0.932
1704665940,+3.46,+25.082, +0.053,+0.932
1704666000,+3.46,+25.090, +0.054,+0.932
1704666060,+3.46,+25.065, +0.053,+0.932
1704666120,+3.46,+25.073, +0.053,+0.932
1704666180,+3.46,+25.073, +0.052,+0.932
1704666240,+3.46,+25.082, +0.055,+0.932
1704666300,+3.46,+25.073, +0.053,+0.932
1704666360,+3.46,+25.065, +0.055,+0.932
1704666420,+3.46,+25.065, +0.053,+0.932
1704666480,+3.46,+25.056, +0.053,+0.932
1704666540,+3.46,+25.056, +0.053,+0.932
1704666600,+3.46,+25.031, +0.052,+0.932
1704666660,+3.46,+25.039, +0.053,+0.932
1704666720,+3.46,+25.056, +0.052,+0.932
1704666780,+3.46,+25.031, +0.053,+0.932
1704666840,+3.46,+25.048, +0.053,+0.932
1704666900,+3.46,+25.039, +0.052,+0.932
1704666960,+3.46,+25.023, +0.052,+0.932
1704667020,+3.46,+25.023, +0.052,+0.932
1704667080,+3.46,+25.048, +0.052,+0.932
1704667140,+3.46,+25.039, +0.053,+0.932
1704667200,+3.46,+25.023, +0.052,+0.932
1704667260,+3.46,+25.023, +0.052,+0.932
1704667320,+3.46,+25.006, +0.053,+0.932
1704667380,+3.46,+25.006, +0.053,+0.932
1704667440,+3.46,+25.014, +0.089,+0.933
1704667500,+3.46,+25.006, +0.056,+0.932
1704667560,+3.46,+24.997, +0.053,+0.932
1704667620,+3.46,+24.997, +0.054,+0.932
1704667680,+3.46,+25.006, +0.053,+0.932
1704667740,+3.46,+24.997, +0.053,+0.932
1704667800,+3.46,+25.006, +0.053,+0.932
1704667860,+3.46,+25.006, +0.052,+0.932
1704667920,+3.46,+24.989, +0.066,+0.932
1704667980,+3.46,+24.972, +0.054,+0.932
1704668040,+3.46,+24.981, +0.053,+0.932
1704668100,+3.46,+24.981, +0.053,+0.932
1704668160,+3.46,+24.989, +0.053,+0.932
1704668220,+3.46,+24.981, +0.054,+0.932
1704668280,+3.46,+24.981, +0.053,+0.932
1704668340,+3.46,+24.972, +0.054,+0.932
1704668400,+3.46,+24.981, +0.053,+0.932
1704668460,+3.46,+24.972, +0.053,+0.932
1704668520,+3.46,+24.981, +0.053,+0.932
1704668580,+3.46,+24.955, +0.053,+0.932
1704668640,+3.46,+24.955, +0.053,+0.932
1704668700,+3.46,+24.955, +0.053,+0.932
1704668760,+3.46,+24.964, +0.053,+0.932
1704668820,+3.46,+24.947, +0.053,+0.932
1704668880,+3.46,+24.964, +0.053,+0.932
1704668940,+3.46,+24.947, +0.053,+0.932
1704669000,+3.46,+24.955, +0.053,+0.932
1704669060,+3.46,+24.955, +0.052,+0.932
1704669120,+3.46,+24.939, +0.053,+0.932
1704669180,+3.46,+24.939, +0.053,+0.932
1704669240,+3.46,+24.939, +0.052,+0.932
1704669300,+3.46,+24.947, +0.052,+0.932
1704669360,+3.46,+24.930, +0.053,+0.932
1704669420,+3.46,+24.930, +0.056,+0.932
1704669480,+3.46,+24.939, +0.054,+0.932
1704669540,+3.46,+24.913, +0.054,+0.932
1704669600,+3.46,+24.922, +0.054,+0.932
1704669660,+3.46,+24.913, +0.053,+0.932
1704669720,+3.46,+24.930, +0.053,+0.932
1704669780,+3.46,+24.897, +0.053,+0.932
1704669840,+3.46,+24.913, +0.053,+0.932
1704669900,+3.46,+24.905, +0.052,+0.932
1704669960,+3.46,+24.913, +0.054,+0.932
1704670020,+3.46,+24.905, +0.053,+0.932
1704670080,+3.46,+24.905, +0.053,+0.932
1704670140,+3.46,+24.880, +0.053,+0.932
1704670200,+3.46,+24.897, +0.053,+0.932
1704670260,+3.46,+24.897, +0.053,+0.932
1704670320,+3.46,+24.855, +0.054,+0.932
1704670380,+3.46,+24.888, +0.054,+0.932
1704670440,+3.46,+24.880, +0.053,+0.932
1704670500,+3.46,+24.871, +0.055,+0.932
1704670560,+3.46,+24.871, +0.054,+0.932
1704670620,+3.46,+24.863, +0.054,+0.932
1704670680,+3.46,+24.871, +0.053,+0.932
1704670740,+3.46,+24.871, +0.053,+0.932
1704670800,+3.46,+24.863, +0.053,+0.932
1704670860,+3.46,+24.863, +0.052,+0.932
1704670920,+3.46,+24.880, +0.053,+0.932
1704670980,+3.46,+24.863, +0.053,+0.932
1704671040,+3.46,+24.855, +0.052,+0.932
1704671100,+3.46,+24.863, +0.053,+0.932
1704671160,+3.46,+24.855, +0.053,+0.932
1704671220,+3.46,+24.846, +0.053,+0.932
1704671280,+3.46,+24.863, +0.053,+0.932
1704671340,+3.46,+24.855, +0.052,+0.932
1704671400,+3.46,+24.846, +0.053,+0.932
1704671460,+3.46,+24.838, +0.053,+0.932
1704671520,+3.46,+24.863, +0.052,+0.932
1704671580,+3.46,+24.838, +0.053,+0.932
1704671640,+3.46,+24.863, +0.053,+0.932
1704671700,+3.46,+24.838, +0.052,+0.932
1704671760,+3.46,+24.846, +0.053,+0.932
1704671820,+3.46,+24.846, +0.054,+0.932
1704671880,+3.46,+24.829, +0.054,+0.932
1704671940,+3.46,+24.838, +0.053,+0.932
1704672000,+3.46,+24.855, +0.053,+0.932
1704672060,+3.46,+24.829, +0.052,+0.932
1704672120,+3.46,+24.821, +0.053,+0.932
1704672180,+3.46,+24.821, +0.053,+0.932
1704672240,+3.46,+24.838, +0.052,+0.932
1704672300,+3.46,+24.829, +0.052,+0.932
1704672360,+3.46,+24.821, +0.053,+0.932
1704672420,+3.46,+24.813, +0.053,+0.932
1704672480,+3.46,+24.813, +0.053,+0.932
1704672540,+3.46,+24.829, +0.052,+0.932
1704672600,+3.46,+24.813, +0.052,+0.932
1704672660,+3.46,+24.821, +0.052,+0.932
1704672720,+3.46,+24.813, +0.053,+0.932
1704672780,+3.46,+24.813, +0.054,+0.932
1704672840,+3.46,+24.813, +0.052,+0.932
1704672900,+3.46,+24.804, +0.052,+0.932
1704672960,+3.46,+24.779, +0.052,+0.932
1704673020,+3.46,+24.813, +0.052,+0.932
1704673080,+3.46,+24.796, +0.053,+0.932
1704673140,+3.46,+24.779, +0.053,+0.932
1704673200,+3.46,+24.787, +0.053,+0.932
1704673260,+3.46,+24.771, +0.053,+0.932
1704673320,+3.46,+24.787, +0.053,+0.932
1704673380,+3.46,+24.787, +0.053,+0.932
1704673440,+3.46,+24.779, +0.053,+0.932
1704673500,+3.46,+24.787, +0.052,+0.932
1704673560,+3.46,+24.771, +0.052,+0.932
1704673620,+3.46,+24.762, +0.053,+0.932
1704673680,+3.46,+24.787, +0.052,+0.932
1704673740,+3.46,+24.779, +0.052,+0.932
1704673800,+3.46,+24.779, +0.052,+0.932
1704673860,+3.46,+24.754, +0.052,+0.932
1704673920,+3.46,+24.771, +0.052,+0.932
1704673980,+3.46,+24.762, +0.053,+0.932
1704674040,+3.46,+24.771, +0.052,+0.932
1704674100,+3.46,+24.762, +0.053,+0.932
1704674160,+3.46,+24.754, +0.052,+0.932
1704674220,+3.46,+24.754, +0.052,+0.932
1704674280,+3.46,+24.745, +0.053,+0.932
1704674340,+3.46,+24.762, +0.052,+0.932
1704674400,+3.46,+24.737, +0.053,+0.932
1704674460,+3.46,+24.754, +0.053,+0.932
1704674520,+3.46,+24.745, +0.052,+0.932
1704674580,+3.46,+24.729, +0.053,+0.932
1704674640,+3.46,+24.720, +0.052,+0.932
1704674700,+3.46,+24.737, +0.053,+0.932
1704674760,+3.46,+24.729, +0.053,+0.932
1704674820,+3.46,+24.729, +0.053,+0.932
1704674880,+3.46,+24.720, +0.053,+0.932
1704674940,+3.46,+24.729, +0.053,+0.932
1704675000,+3.46,+24.729, +0.053,+0.932
1704675060,+3.46,+24.737, +0.052,+0.932
1704675120,+3.46,+24.720, +0.052,+0.932
1704675180,+3.46,+24.729, +0.052,+0.932
1704675240,+3.46,+24.745, +0.052,+0.932
1704675300,+3.46,+24.729, +0.053,+0.932
1704675360,+3.46,+24.729, +0.052,+0.932
1704675420,+3.46,+24.720, +0.052,+0.932
1704675480,+3.46,+24.712, +0.053,+0.932
1704675540,+3.46,+24.695, +0.052,+0.932
1704675600,+3.46,+24.703, +0.053,+0.932
1704675660,+3.46,+24.720, +0.052,+0.932
1704675720,+3.46,+24.703, +0.053,+0.932
1704675780,+3.46,+24.703, +0.053,+0.932
1704675840,+3.46,+24.695, +0.052,+0.932
1704675900,+3.46,+24.695, +0.052,+0.932
1704675960,+3.46,+24.695, +0.052,+0.932
1704676020,+3.46,+24.687, +0.052,+0.932
1704676080,+3.46,+24.678, +0.052,+0.932
1704676140,+3.46,+24.687, +0.052,+0.932
1704676200,+3.46,+24.678, +0.052,+0.932
1704676260,+3.46,+24.703, +0.054,+0.932
1704676320,+3.46,+24.695, +0.053,+0.932
1704676380,+3.46,+24.678, +0.052,+0.932
1704676440,+3.46,+24.678, +0.052,+0.932
1704676500,+3.46,+24.687, +0.053,+0.932
1704676560,+3.46,+24.678, +0.053,+0.932
1704676620,+3.46,+24.670, +0.052,+0.932
1704676680,+3.46,+24.678, +0.053,+0.932
1704676740,+3.46,+24.670, +0.052,+0.932
1704676800,+3.46,+24.678, +0.053,+0.932
1704676860,+3.46,+24.670, +0.052,+0.932
1704676920,+3.46,+24.678, +0.052,+0.932
1704676980,+3.46,+24.645, +0.053,+0.932
1704677040,+3.46,+24.670, +0.052,+0.932
1704677100,+3.46,+24.670, +0.053,+0.932
1704677160,+3.46,+24.678, +0.052,+0.932
1704677220,+3.46,+24.670, +0.053,+0.932
1704677280,+3.46,+24.661, +0.053,+0.932
1704677340,+3.46,+24.645, +0.052,+0.932
1704677400,+3.46,+24.661, +0.053,+0.932
1704677460,+3.46,+24.645, +0.053,+0.932
1704677520,+3.46,+24.653, +0.053,+0.932
1704677580,+3.46,+24.661, +0.052,+0.932
1704677640,+3.46,+24.653, +0.052,+0.932
1704677700,+3.46,+24.636, +0.052,+0.932
1704677760,+3.46,+24.645, +0.052,+0.932
1704677820,+3.46,+24.645, +0.052,+0.932
1704677880,+3.46,+24.628, +0.052,+0.932
1704677940,+3.46,+24.661, +0.052,+0.932
1704678000,+3.46,+24.628, +0.052,+0.932
1704678060,+3.46,+24.661, +0.052,+0.932
1704678120,+3.46,+24.636, +0.052,+0.932
1704678180,+3.46,+24.636, +0.053,+0.932
1704678240,+3.46,+24.636, +0.052,+0.932
1704678300,+3.46,+24.636, +0.053,+0.932
1704678360,+3.46,+24.636, +0.052,+0.932
1704678420,+3.46,+24.645, +0.052,+0.932
1704678480,+3.46,+24.619, +0.053,+0.932
1704678540,+3.46,+24.636, +0.052,+0.932
1704678600,+3.46,+24.619, +0.053,+0.932
1704678660,+3.46,+24.628, +0.053,+0.932
1704678720,+3.46,+24.619, +0.053,+0.932
1704678780,+3.46,+24.619, +0.052,+0.932
1704678840,+3.46,+24.628, +0.053,+0.932
1704678900,+3.46,+24.619, +0.052,+0.932
1704678960,+3.46,+24.603, +0.053,+0.932
1704679020,+3.46,+24.619, +0.055,+0.932
1704679080,+3.46,+24.619, +0.052,+0.932
1704679140,+3.46,+24.619, +0.053,+0.932
1704679200,+3.46,+24.611, +0.052,+0.932
1704679260,+3.46,+24.611, +0.053,+0.932
1704679320,+3.46,+24.594, +0.052,+0.932
1704679380,+3.46,+24.594, +0.053,+0.932
1704679440,+3.46,+24.594, +0.053,+0.932
1704679500,+3.46,+24.611, +0.053,+0.932
1704679560,+3.46,+24.586, +0.052,+0.932
1704679620,+3.46,+24.594, +0.053,+0.932
1704679680,+3.46,+24.603, +0.052,+0.932
1704679740,+3.46,+24.586, +0.052,+0.932
1704679800,+3.46,+24.586, +0.053,+0.932
1704679860,+3.46,+24.586, +0.052,+0.932
1704679920,+3.46,+24.577, +0.052,+0.932
1704679980,+3.46,+24.577, +0.052,+0.932
1704680040,+3.46,+24.594, +0.053,+0.932
1704680100,+3.46,+24.586, +0.052,+0.932
1704680160,+3.46,+24.594, +0.052,+0.932
1704680220,+3.46,+24.586, +0.052,+0.932
1704680280,+3.46,+24.594, +0.052,+0.932
1704680340,+3.46,+24.577, +0.052,+0.932
1704680400,+3.46,+24.577, +0.052,+0.932
1704680460,+3.46,+24.569, +0.052,+0.932
1704680520,+3.46,+24.577, +0.052,+0.932
1704680580,+3.46,+24.569, +0.053,+0.932
1704680640,+3.46,+24.577, +0.053,+0.932
1704680700,+3.46,+24.561, +0.052,+0.932
1704680760,+3.46,+24.561, +0.052,+0.932
1704680820,+3.46,+24.552, +0.053,+0.932
1704680880,+3.46,+24.569, +0.052,+0.932
1704680940,+3.46,+24.552, +0.052,+0.932
1704681000,+3.46,+24.552, +0.052,+0.932
1704681060,+3.46,+24.544, +0.052,+0.932
1704681120,+3.46,+24.569, +0.052,+0.932
1704681180,+3.46,+24.552, +0.052,+0.932
1704681240,+3.46,+24.552, +0.053,+0.932
1704681300,+3.46,+24.552, +0.052,+0.932
1704681360,+3.46,+24.561, +0.052,+0.932
1704681420,+3.46,+24.535, +0.052,+0.932
1704681480,+3.46,+24.544, +0.052,+0.932
1704681540,+3.46,+24.552, +0.053,+0.932
1704681600,+3.46,+24.544, +0.052,+0.932
1704681660,+3.46,+24.552, +0.053,+0.932
1704681720,+3.46,+24.535, +0.052,+0.932
1704681780,+3.46,+24.552, +0.052,+0.932
1704681840,+3.46,+24.552, +0.053,+0.932
1704681900,+3.46,+24.544, +0.053,+0.932
1704681960,+3.46,+24.544, +0.052,+0.932
1704682020,+3.46,+24.519, +0.053,+0.932
1704682080,+3.46,+24.552, +0.052,+0.932
1704682140,+3.46,+24.544, +0.053,+0.932
1704682200,+3.46,+24.544, +0.053,+0.932
1704682260,+3.46,+24.535, +0.052,+0.932
1704682320,+3.46,+24.527, +0.053,+0.932
1704682380,+3.46,+24.544, +0.052,+0.932
1704682440,+3.46,+24.527, +0.052,+0.932
1704682500,+3.46,+24.527, +0.052,+0.932
1704682560,+3.46,+24.527, +0.052,+0.932
1704682620,+3.46,+24.510, +0.052,+0.932
1704682680,+3.46,+24.527, +0.052,+0.932
1704682740,+3.46,+24.519, +0.052,+0.932
1704682800,+3.46,+24.519, +0.052,+0.932
1704682860,+3.46,+24.510, +0.052,+0.932
1704682920,+3.46,+24.510, +0.052,+0.932
1704682980,+3.46,+24.519, +0.052,+0.932
1704683040,+3.46,+24.510, +0.053,+0.932
1704683100,+3.46,+24.502, +0.053,+0.932
1704683160,+3.46,+24.502, +0.052,+0.932
1704683220,+3.46,+24.510, +0.053,+0.932
1704683280,+3.46,+24.485, +0.052,+0.932
1704683340,+3.46,+24.485, +0.052,+0.932
1704683400,+3.46,+24.477, +0.052,+0.932
1704683460,+3.46,+24.485, +0.052,+0.932
1704683520,+3.46,+24.485, +0.052,+0.932
1704683580,+3.46,+24.485, +0.053,+0.932
1704683640,+3.46,+24.493, +0.052,+0.932
1704683700,+3.46,+24.485, +0.052,+0.932
1704683760,+3.46,+24.485, +0.052,+0.932
1704683820,+3.46,+24.477, +0.053,+0.932
1704683880,+3.46,+24.485, +0.052,+0.932
1704683940,+3.46,+24.477, +0.052,+0.932
1704684000,+3.46,+24.477, +0.052,+0.932
1704684060,+3.46,+24.485, +0.052,+0.932
1704684120,+3.46,+24.460, +0.052,+0.932
1704684180,+3.46,+24.477, +0.052,+0.932
1704684240,+3.46,+24.485, +0.053,+0.932
1704684300,+3.46,+24.485, +0.052,+0.932
1704684360,+3.46,+24.468, +0.052,+0.932
1704684420,+3.46,+24.477, +0.052,+0.932
1704684480,+3.46,+24.460, +0.053,+0.932
1704684540,+3.46,+24.460, +0.052,+0.932
1704684600,+3.46,+24.468, +0.053,+0.932
1704684660,+3.46,+24.451, +0.053,+0.932
1704684720,+3.46,+24.460, +0.052,+0.932
1704684780,+3.46,+24.468, +0.052,+0.932
1704684840,+3.46,+24.435, +0.053,+0.932
1704684900,+3.46,+24.460, +0.052,+0.932
1704684960,+3.46,+24.451, +0.053,+0.932
1704685020,+3.46,+24.468, +0.052,+0.932
1704685080,+3.46,+24.451, +0.053,+0.932
1704685140,+3.46,+24.468, +0.052,+0.932
1704685200,+3.46,+24.451, +0.052,+0.932
1704685260,+3.46,+24.451, +0.052,+0.932
1704685320,+3.46,+24.443, +0.053,+0.932
1704685380,+3.46,+24.443, +0.052,+0.932
1704685440,+3.46,+24.460, +0.052,+0.932
1704685500,+3.46,+24.435, +0.052,+0.932
1704685560,+3.46,+24.460, +0.052,+0.932
1704685620,+3.46,+24.426, +0.052,+0.932
1704685680,+3.46,+24.426, +0.052,+0.932
1704685740,+3.46,+24.443, +0.052,+0.932
1704685800,+3.46,+24.435, +0.053,+0.932
1704685860,+3.46,+24.426, +0.052,+0.932
1704685920,+3.46,+24.435, +0.052,+0.932
1704685980,+3.46,+24.426, +0.052,+0.932
1704686040,+3.46,+24.418, +0.052,+0.932
1704686100,+3.46,+24.418, +0.053,+0.932
1704686160,+3.46,+24.410, +0.053,+0.932
1704686220,+3.46,+24.401, +0.053,+0.932
1704686280,+3.46,+24.393, +0.052,+0.932
1704686340,+3.46,+24.393, +0.052,+0.932
1704686400,+3.46,+24.401, +0.052,+0.932
1704686460,+3.46,+24.401, +0.052,+0.932
1704686520,+3.46,+24.410, +0.052,+0.932
1704686580,+3.46,+24.393, +0.052,+0.932
1704686640,+3.46,+24.401, +0.052,+0.932
1704686700,+3.46,+24.384, +0.052,+0.932
1704686760,+3.46,+24.384, +0.052,+0.932
1704686820,+3.46,+24.384, +0.052,+0.932
1704686880,+3.46,+24.384, +0.052,+0.932
1704686940,+3.46,+24.384, +0.052,+0.932
1704687000,+3.46,+24.376, +0.053,+0.932
1704687060,+3.46,+24.384, +0.052,+0.932
1704687120,+3.46,+24.368, +0.125,+0.934
1704687180,+3.46,+24.368, +0.057,+0.932
1704687240,+3.46,+24.351, +0.052,+0.932
1704687300,+3.46,+24.359, +0.052,+0.932
1704687360,+3.46,+24.342, +0.052,+0.932
1704687420,+3.46,+24.376, +0.052,+0.932
1704687480,+3.46,+24.351, +0.052,+0.932
1704687540,+3.46,+24.351, +0.052,+0.932
1704687600,+3.46,+24.368, +0.052,+0.932
1704687660,+3.46,+24.342, +0.052,+0.932
1704687720,+3.46,+24.351, +0.052,+0.932
1704687780,+3.46,+24.334, +0.052,+0.932
1704687840,+3.46,+24.342, +0.052,+0.932
1704687900,+3.46,+24.309, +0.052,+0.932
1704687960,+3.46,+24.317, +0.052,+0.932
1704688020,+3.46,+24.317, +0.052,+0.932
1704688080,+3.46,+24.326, +0.053,+0.932
1704688140,+3.46,+24.317, +0.052,+0.932
1704688200,+3.46,+24.317, +0.052,+0.932
1704688260,+3.46,+24.317, +0.052,+0.932
1704688320,+3.46,+24.292, +0.052,+0.932
1704688380,+3.46,+24.309, +0.053,+0.932
1704688440,+3.46,+24.309, +0.053,+0.932
1704688500,+3.46,+24.326, +0.052,+0.932
1704688560,+3.46,+24.284, +0.052,+0.932
1704688620,+3.46,+24.300, +0.052,+0.932
1704688680,+3.46,+24.284, +0.052,+0.932
1704688740,+3.46,+24.309, +0.052,+0.932
1704688800,+3.46,+24.300, +0.052,+0.932
1704688860,+3.46,+24.309, +0.053,+0.932
1704688920,+3.46,+24.326, +0.052,+0.932
1704688980,+3.46,+24.300, +0.052,+0.932
1704689040,+3.46,+24.284, +0.052,+0.932
1704689100,+3.46,+24.284, +0.053,+0.932
1704689160,+3.46,+24.284, +0.052,+0.932
1704689220,+3.46,+24.300, +0.052,+0.932
1704689280,+3.45,+24.284, +0.052,+0.932
1704689340,+3.46,+24.275, +0.052,+0.932
1704689400,+3.45,+24.259, +0.052,+0.932
1704689460,+3.45,+24.275, +0.052,+0.932
1704689520,+3.46,+24.275, +0.052,+0.932
1704689580,+3.46,+24.267, +0.052,+0.932
1704689640,+3.46,+24.275, +0.052,+0.932
1704689700,+3.45,+24.242, +0.052,+0.932
1704689760,+3.45,+24.259, +0.052,+0.932
1704689820,+3.45,+24.259, +0.052,+0.932
1704689880,+3.45,+24.242, +0.052,+0.932
1704689940,+3.45,+24.267, +0.052,+0.932
1704690000,+3.45,+24.267, +0.052,+0.932
1704690060,+3.45,+24.259, +0.051,+0.932
1704690120,+3.45,+24.242, +0.052,+0.932
1704690180,+3.45,+24.267, +0.052,+0.932
1704690240,+3.45,+24.242, +0.052,+0.932
1704690300,+3.46,+24.242, +0.051,+0.932
1704690360,+3.45,+24.259, +0.052,+0.932
1704690420,+3.45,+24.242, +0.052,+0.932
1704690480,+3.45,+24.225, +0.053,+0.932
1704690540,+3.45,+24.225, +0.052,+0.932
1704690600,+3.45,+24.233, +0.052,+0.932
1704690660,+3.45,+24.225, +0.052,+0.932
1704690720,+3.45,+24.242, +0.052,+0.932
1704690780,+3.45,+24.225, +0.053,+0.932
1704690840,+3.45,+24.191, +0.052,+0.932
1704690900,+3.45,+24.217, +0.053,+0.932
1704690960,+3.46,+24.225, +0.052,+0.932
1704691020,+3.45,+24.217, +0.052,+0.932
1704691080,+3.45,+24.200, +0.052,+0.932
1704691140,+3.45,+24.191, +0.051,+0.932
1704691200,+3.45,+24.191, +0.053,+0.932
1704691260,+3.45,+24.208, +0.052,+0.932
1704691320,+3.45,+24.183, +0.053,+0.932
1704691380,+3.45,+24.200, +0.052,+0.932
1704691440,+3.45,+24.200, +0.052,+0.932
1704691500,+3.45,+24.208, +0.052,+0.932
1704691560,+3.45,+24.191, +0.052,+0.932
1704691620,+3.45,+24.191, +0.051,+0.932
1704691680,+3.45,+24.183, +0.052,+0.932
1704691740,+3.45,+24.166, +0.052,+0.932
1704691800,+3.45,+24.158, +0.052,+0.932
1704691860,+3.45,+24.175, +0.051,+0.932
1704691920,+3.45,+24.183, +0.052,+0.932
1704691980,+3.45,+24.175, +0.051,+0.932
1704692040,+3.45,+24.166, +0.052,+0.932
1704692100,+3.45,+24.141, +0.052,+0.932
1704692160,+3.45,+24.158, +0.052,+0.932
1704692220,+3.45,+24.149, +0.052,+0.932
1704692280,+3.45,+24.166, +0.051,+0.932
1704692340,+3.45,+24.141, +0.052,+0.932
1704692400,+3.45,+24.141, +0.052,+0.932
1704692460,+3.45,+24.149, +0.052,+0.932
1704692520,+3.45,+24.149, +0.052,+0.932
1704692580,+3.45,+24.141, +0.052,+0.932
1704692640,+3.45,+24.124, +0.052,+0.932
1704692700,+3.45,+24.133, +0.051,+0.932
1704692760,+3.45,+24.116, +0.052,+0.932
1704692820,+3.45,+24.116, +0.052,+0.932
1704692880,+3.45,+24.124, +0.052,+0.932
1704692940,+3.45,+24.099, +0.052,+0.932
1704693000,+3.45,+24.108, +0.052,+0.932
1704693060,+3.46,+24.124, +0.052,+0.932
1704693120,+3.45,+24.099, +0.052,+0.932
1704693180,+3.45,+24.091, +0.052,+0.932
1704693240,+3.45,+24.091, +0.052,+0.932
1704693300,+3.46,+24.074, +0.052,+0.932
1704693360,+3.46,+24.091, +0.052,+0.932
1704693420,+3.45,+24.082, +0.052,+0.932
1704693480,+3.46,+24.082, +0.052,+0.932
1704693540,+3.45,+24.074, +0.052,+0.932
1704693600,+3.46,+24.082, +0.052,+0.932
1704693660,+3.46,+24.074, +0.052,+0.932
1704693720,+3.46,+24.066, +0.052,+0.932
1704693780,+3.46,+24.066, +0.053,+0.932
1704693840,+3.46,+24.057, +0.052,+0.932
1704693900,+3.46,+24.049, +0.053,+0.932
1704693960,+3.46,+24.049, +0.052,+0.932
1704694020,+3.46,+24.040, +0.052,+0.932
1704694080,+3.46,+24.032, +0.053,+0.932
1704694140,+3.46,+24.015, +0.052,+0.932
1704694200,+3.46,+24.032, +0.052,+0.932
1704694260,+3.46,+24.015, +0.052,+0.932
1704694320,+3.46,+24.015, +0.052,+0.932
1704694380,+3.46,+24.015, +0.051,+0.932
1704694440,+3.46,+24.015, +0.052,+0.932
1704694500,+3.46,+24.007, +0.052,+0.932
1704694560,+3.46,+24.007, +0.052,+0.932
1704694620,+3.46,+23.999, +0.052,+0.932
1704694680,+3.46,+23.999, +0.051,+0.932
1704694740,+3.46,+24.007, +0.052,+0.932
1704694800,+3.46,+23.990, +0.052,+0.932
1704694860,+3.46,+24.007, +0.052,+0.932
1704694920,+3.46,+23.999, +0.052,+0.932
1704694980,+3.46,+23.990, +0.052,+0.932
1704695040,+3.46,+23.973, +0.052,+0.932
1704695100,+3.46,+23.982, +0.052,+0.932
1704695160,+3.46,+23.990, +0.052,+0.932
1704695220,+3.46,+23.982, +0.052,+0.932
1704695280,+3.46,+23.982, +0.052,+0.932
1704695340,+3.46,+23.973, +0.052,+0.932
1704695400,+3.46,+23.948, +0.052,+0.932
1704695460,+3.46,+23.965, +0.052,+0.932
1704695520,+3.46,+23.965, +0.052,+0.932
1704695580,+3.46,+23.973, +0.052,+0.932
1704695640,+3.46,+23.957, +0.052,+0.932
1704695700,+3.46,+23.957, +0.052,+0.932
1704695760,+3.46,+23.957, +0.052,+0.932
1704695820,+3.46,+23.957, +0.052,+0.932
1704695880,+3.46,+23.957, +0.052,+0.932
1704695940,+3.46,+23.948, +0.052,+0.932
1704696000,+3.46,+23.940, +0.052,+0.932
1704696060,+3.46,+23.940, +0.052,+0.932
1704696120,+3.46,+23.948, +0.052,+0.932
1704696180,+3.46,+23.940, +0.052,+0.932
1704696240,+3.46,+23.923, +0.052,+0.932
1704696300,+3.46,+23.957, +0.052,+0.932
1704696360,+3.46,+23.923, +0.053,+0.932
1704696420,+3.46,+23.923, +0.051,+0.932
1704696480,+3.46,+23.940, +0.052,+0.932
1704696540,+3.46,+23.923, +0.052,+0.932
1704696600,+3.46,+23.915, +0.052,+0.932
1704696660,+3.46,+23.923, +0.052,+0.932
1704696720,+3.46,+23.923, +0.052,+0.932
1704696780,+3.46,+23.923, +0.052,+0.932
1704696840,+3.46,+23.906, +0.052,+0.932
1704696900,+3.46,+23.923, +0.052,+0.932
1704696960,+3.46,+23.906, +0.052,+0.932
1704697020,+3.46,+23.898, +0.052,+0.932
1704697080,+3.46,+23.915, +0.052,+0.932
1704697140,+3.46,+23.873, +0.051,+0.932
1704697200,+3.46,+23.898, +0.051,+0.932
1704697260,+3.46,+23.898, +0.051,+0.932
1704697320,+3.46,+23.898, +0.052,+0.932
1704697380,+3.46,+23.890, +0.052,+0.932
1704697440,+3.46,+23.881, +0.052,+0.932
1704697500,+3.46,+23.881, +0.052,+0.932
1704697560,+3.46,+23.873, +0.052,+0.932
1704697620,+3.46,+23.890, +0.052,+0.932
1704697680,+3.46,+23.890, +0.052,+0.932
1704697740,+3.46,+23.864, +0.052,+0.932
1704697800,+3.46,+23.864, +0.052,+0.932
1704697860,+3.46,+23.873, +0.052,+0.932
1704697920,+3.46,+23.864, +0.052,+0.932
1704697980,+3.46,+23.864, +0.051,+0.932
1704698040,+3.46,+23.848, +0.052,+0.932
1704698100,+3.46,+23.873, +0.052,+0.932
1704698160,+3.46,+23.864, +0.051,+0.932
1704698220,+3.46,+23.848, +0.052,+0.932
1704698280,+3.46,+23.831, +0.052,+0.932
1704698340,+3.46,+23.856, +0.052,+0.932
1704698400,+3.46,+23.839, +0.052,+0.932
1704698460,+3.46,+23.856, +0.052,+0.932
1704698520,+3.46,+23.839, +0.052,+0.932
1704698580,+3.46,+23.823, +0.052,+0.932
1704698640,+3.46,+23.823, +0.051,+0.932
1704698700,+3.46,+23.823, +0.051,+0.932
1704698760,+3.46,+23.823, +0.052,+0.932
1704698820,+3.46,+23.806, +0.052,+0.932
1704698880,+3.46,+23.797, +0.052,+0.932
1704698940,+3.46,+23.806, +0.052,+0.932
1704699000,+3.46,+23.797, +0.052,+0.932
1704699060,+3.46,+23.797, +0.052,+0.932
1704699120,+3.46,+23.781, +0.052,+0.932
1704699180,+3.46,+23.797, +0.051,+0.932
1704699240,+3.46,+23.781, +0.052,+0.932
1704699300,+3.46,+23.789, +0.052,+0.932
1704699360,+3.46,+23.772, +0.052,+0.932
1704699420,+3.46,+23.789, +0.052,+0.932
1704699480,+3.46,+23.797, +0.051,+0.932
1704699540,+3.46,+23.781, +0.052,+0.932
1704699600,+3.46,+23.789, +0.052,+0.932
1704699660,+3.46,+23.764, +0.052,+0.932
1704699720,+3.46,+23.764, +0.051,+0.932
1704699780,+3.46,+23.756, +0.051,+0.932
1704699840,+3.46,+23.764, +0.051,+0.932
1704699900,+3.46,+23.739, +0.051,+0.932
1704699960,+3.46,+23.747, +0.051,+0.932
1704700020,+3.46,+23.730, +0.052,+0.932
1704700080,+3.46,+23.730, +0.052,+0.932
1704700140,+3.46,+23.739, +0.052,+0.932
1704700200,+3.46,+23.730, +0.052,+0.932
1704700260,+3.46,+23.714, +0.052,+0.932
1704700320,+3.46,+23.705, +0.052,+0.932
1704700380,+3.46,+23.689, +0.051,+0.932
1704700440,+3.46,+23.714, +0.051,+0.932
1704700500,+3.46,+23.689, +0.052,+0.932
1704700560,+3.46,+23.705, +0.051,+0.932
1704700620,+3.46,+23.689, +0.052,+0.932
1704700680,+3.46,+23.680, +0.052,+0.932
1704700740,+3.46,+23.663, +0.052,+0.932
1704700800,+3.46,+23.697, +0.052,+0.932
1704700860,+3.46,+23.689, +0.052,+0.932
1704700920,+3.46,+23.672, +0.052,+0.932
1704700980,+3.46,+23.689, +0.052,+0.932
1704701040,+3.46,+23.655, +0.051,+0.932
1704701100,+3.46,+23.663, +0.052,+0.932
1704701160,+3.46,+23.689, +0.052,+0.932
1704701220,+3.46,+23.655, +0.052,+0.932
1704701280,+3.46,+23.663, +0.052,+0.932
1704701340,+3.46,+23.655, +0.052,+0.932
1704701400,+3.46,+23.647, +0.051,+0.932
1704701460,+3.46,+23.655, +0.052,+0.932
1704701520,+3.46,+23.630, +0.052,+0.932
1704701580,+3.46,+23.647, +0.051,+0.932
1704701640,+3.46,+23.613, +0.052,+0.932
1704701700,+3.46,+23.622, +0.051,+0.932
1704701760,+3.46,+23.630, +0.052,+0.932
1704701820,+3.46,+23.596, +0.052,+0.932
1704701880,+3.46,+23.638, +0.051,+0.932
1704701940,+3.46,+23.630, +0.052,+0.932
1704702000,+3.46,+23.613, +0.051,+0.932
1704702060,+3.46,+23.622, +0.052,+0.932
1704702120,+3.46,+23.613, +0.051,+0.932
1704702180,+3.46,+23.613, +0.052,+0.932
1704702240,+3.46,+23.596, +0.051,+0.932
1704702300,+3.46,+23.596, +0.052,+0.932
1704702360,+3.46,+23.605, +0.051,+0.932
1704702420,+3.46,+23.605, +0.051,+0.932
1704702480,+3.46,+23.605, +0.052,+0.932
1704702540,+3.46,+23.588, +0.052,+0.932
1704702600,+3.46,+23.605, +0.051,+0.932
1704702660,+3.46,+23.588, +0.052,+0.932
1704702720,+3.46,+23.571, +0.051,+0.932
1704702780,+3.46,+23.580, +0.052,+0.932
1704702840,+3.46,+23.588, +0.052,+0.932
1704702900,+3.46,+23.580, +0.052,+0.932
1704702960,+3.46,+23.596, +0.051,+0.932
1704703020,+3.46,+23.563, +0.052,+0.932
1704703080,+3.46,+23.546, +0.052,+0.932
1704703140,+3.46,+23.563, +0.052,+0.932
1704703200,+3.46,+23.563, +0.052,+0.932
1704703260,+3.46,+23.571, +0.051,+0.932
1704703320,+3.46,+23.563, +0.052,+0.932
1704703380,+3.46,+23.563, +0.051,+0.932
1704703440,+3.46,+23.538, +0.051,+0.932
1704703500,+3.46,+23.546, +0.051,+0.932
1704703560,+3.46,+23.529, +0.052,+0.932
1704703620,+3.46,+23.529, +0.051,+0.932
1704703680,+3.46,+23.529, +0.051,+0.932
1704703740,+3.46,+23.529, +0.051,+0.932
1704703800,+3.46,+23.538, +0.051,+0.932
1704703860,+3.46,+23.521, +0.051,+0.932
1704703920,+3.46,+23.521, +0.051,+0.932
1704703980,+3.46,+23.529, +0.051,+0.932
1704704040,+3.46,+23.521, +0.052,+0.932
1704704100,+3.46,+23.521, +0.052,+0.932
1704704160,+3.46,+23.529, +0.051,+0.932
1704704220,+3.46,+23.504, +0.051,+0.932
1704704280,+3.46,+23.513, +0.051,+0.932
1704704340,+3.46,+23.513, +0.051,+0.932
1704704400,+3.46,+23.513, +0.054,+0.932
1704704460,+3.46,+23.504, +0.052,+0.932
1704704520,+3.46,+23.488, +0.052,+0.932
1704704580,+3.46,+23.488, +0.052,+0.932
1704704640,+3.46,+23.488, +0.052,+0.932
1704704700,+3.46,+23.479, +0.052,+0.932
1704704760,+3.46,+23.479, +0.051,+0.932
1704704820,+3.46,+23.479, +0.052,+0.932
1704704880,+3.46,+23.488, +0.052,+0.932
1704704940,+3.46,+23.479, +0.051,+0.932
1704705000,+3.46,+23.462, +0.052,+0.932
1704705060,+3.46,+23.479, +0.051,+0.932
1704705120,+3.46,+23.496, +0.052,+0.932
1704705180,+3.46,+23.471, +0.051,+0.932
1704705240,+3.46,+23.462, +0.051,+0.932
1704705300,+3.46,+23.471, +0.052,+0.932
1704705360,+3.46,+23.471, +0.050,+0.932
1704705420,+3.46,+23.454, +0.052,+0.932
1704705480,+3.46,+23.446, +0.052,+0.932
1704705540,+3.46,+23.462, +0.051,+0.932
1704705600,+3.46,+23.454, +0.052,+0.932
1704705660,+3.46,+23.437, +0.052,+0.932
1704705720,+3.46,+23.446, +0.052,+0.932
1704705780,+3.46,+23.454, +0.051,+0.932
1704705840,+3.46,+23.446, +0.051,+0.932
1704705900,+3.46,+23.429, +0.051,+0.932
1704705960,+3.46,+23.429, +0.051,+0.932
1704706020,+3.46,+23.429, +0.051,+0.932
1704706080,+3.46,+23.429, +0.051,+0.932
1704706140,+3.46,+23.429, +0.052,+0.932
1704706200,+3.46,+23.429, +0.052,+0.932
1704706260,+3.46,+23.421, +0.051,+0.932
1704706320,+3.46,+23.429, +0.051,+0.932
1704706380,+3.46,+23.404, +0.052,+0.932
1704706440,+3.46,+23.412, +0.052,+0.932
1704706500,+3.46,+23.412, +0.052,+0.932
1704706560,+3.46,+23.404, +0.052,+0.932
1704706620,+3.46,+23.395, +0.051,+0.932
1704706680,+3.46,+23.404, +0.051,+0.932
1704706740,+3.46,+23.404, +0.051,+0.932
1704706800,+3.46,+23.395, +0.051,+0.932
1704706860,+3.46,+23.387, +0.051,+0.932
1704706920,+3.46,+23.379, +0.052,+0.932
1704706980,+3.46,+23.379, +0.052,+0.932
1704707040,+3.46,+23.395, +0.051,+0.932
1704707100,+3.46,+23.387, +0.051,+0.932
1704707160,+3.46,+23.379, +0.052,+0.932
1704707220,+3.46,+23.387, +0.051,+0.932
1704707280,+3.46,+23.379, +0.051,+0.932
1704707340,+3.46,+23.387, +0.051,+0.932
1704707400,+3.46,+23.370, +0.052,+0.932
1704707460,+3.46,+23.354, +0.052,+0.932
1704707520,+3.46,+23.345, +0.051,+0.932
1704707580,+3.46,+23.362, +0.051,+0.932
1704707640,+3.46,+23.337, +0.051,+0.932
1704707700,+3.46,+23.345, +0.051,+0.932
1704707760,+3.46,+23.345, +0.051,+0.932
1704707820,+3.46,+23.362, +0.051,+0.932
1704707880,+3.46,+23.345, +0.051,+0.932
1704707940,+3.46,+23.337, +0.052,+0.932
1704708000,+3.46,+23.345, +0.052,+0.932
1704708060,+3.46,+23.328, +0.051,+0.932
1704708120,+3.46,+23.312, +0.051,+0.932
1704708180,+3.46,+23.337, +0.052,+0.932
1704708240,+3.46,+23.320, +0.051,+0.932
1704708300,+3.46,+23.328, +0.051,+0.932
1704708360,+3.46,+23.312, +0.052,+0.932
1704708420,+3.46,+23.320, +0.051,+0.932
1704708480,+3.46,+23.328, +0.052,+0.932
1704708540,+3.46,+23.328, +0.051,+0.932
1704708600,+3.46,+23.303, +0.051,+0.932
1704708660,+3.46,+23.312, +0.051,+0.932
1704708720,+3.46,+23.312, +0.051,+0.932
1704708780,+3.46,+23.303, +0.052,+0.932
1704708840,+3.46,+23.303, +0.051,+0.932
1704708900,+3.46,+23.287, +0.051,+0.932
1704708960,+3.46,+23.287, +0.052,+0.932
1704709020,+3.46,+23.278, +0.051,+0.932
1704709080,+3.46,+23.295, +0.051,+0.932
1704709140,+3.46,+23.278, +0.052,+0.932
1704709200,+3.46,+23.287, +0.052,+0.932
1704709260,+3.46,+23.287, +0.051,+0.932
1704709320,+3.46,+23.278, +0.051,+0.932
1704709380,+3.46,+23.287, +0.051,+0.932
1704709440,+3.46,+23.270, +0.051,+0.932
1704709500,+3.46,+23.261, +0.052,+0.932
1704709560,+3.46,+23.253, +0.051,+0.932
1704709620,+3.46,+23.270, +0.051,+0.932
1704709680,+3.46,+23.270, +0.051,+0.932
1704709740,+3.46,+23.245, +0.051,+0.932
1704709800,+3.46,+23.245, +0.051,+0.932
1704709860,+3.46,+23.270, +0.051,+0.932
1704709920,+3.46,+23.253, +0.051,+0.932
1704709980,+3.46,+23.245, +0.051,+0.932
1704710040,+3.46,+23.228, +0.052,+0.932
1704710100,+3.46,+23.236, +0.051,+0.932
1704710160,+3.46,+23.261, +0.051,+0.932
1704710220,+3.46,+23.245, +0.051,+0.932
1704710280,+3.46,+23.253, +0.051,+0.932
1704710340,+3.46,+23.228, +0.051,+0.932
1704710400,+3.46,+23.236, +0.051,+0.932
1704710460,+3.46,+23.236, +0.051,+0.932
1704710520,+3.46,+23.236, +0.051,+0.932
1704710580,+3.46,+23.228, +0.051,+0.932
1704710640,+3.45,+23.228, +0.051,+0.932
1704710700,+3.45,+23.211, +0.051,+0.932
1704710760,+3.45,+23.228, +0.051,+0.932
1704710820,+3.45,+23.228, +0.051,+0.932
1704710880,+3.45,+23.211, +0.051,+0.932
1704710940,+3.45,+23.211, +0.051,+0.932
1704711000,+3.45,+23.211, +0.051,+0.932
1704711060,+3.45,+23.211, +0.051,+0.932
1704711120,+3.45,+23.211, +0.051,+0.932
1704711180,+3.45,+23.211, +0.051,+0.932
1704711240,+3.45,+23.195, +0.051,+0.932
1704711300,+3.45,+23.195, +0.051,+0.932
1704711360,+3.45,+23.186, +0.052,+0.932
1704711420,+3.45,+23.195, +0.051,+0.932
1704711480,+3.45,+23.169, +0.051,+0.932
1704711540,+3.45,+23.178, +0.051,+0.932
1704711600,+3.45,+23.178, +0.052,+0.933
1704711660,+3.45,+23.161, +0.051,+0.932
1704711720,+3.45,+23.169, +0.051,+0.932
1704711780,+3.45,+23.169, +0.051,+0.932
1704711840,+3.45,+23.153, +0.051,+0.932
1704711900,+3.45,+23.144, +0.051,+0.932
1704711960,+3.45,+23.144, +0.051,+0.932
1704712020,+3.45,+23.136, +0.051,+0.932
1704712080,+3.45,+23.169, +0.051,+0.932
1704712140,+3.45,+23.161, +0.051,+0.932
1704712200,+3.45,+23.136, +0.051,+0.932
1704712260,+3.45,+23.144, +0.052,+0.933
1704712320,+3.45,+23.136, +0.052,+0.932
1704712380,+3.45,+23.144, +0.051,+0.932
1704712440,+3.45,+23.119, +0.051,+0.932
1704712500,+3.45,+23.128, +0.051,+0.932
1704712560,+3.45,+23.119, +0.051,+0.932
1704712620,+3.45,+23.128, +0.051,+0.932
1704712680,+3.45,+23.128, +0.051,+0.932
1704712740,+3.45,+23.136, +0.051,+0.932
1704712800,+3.45,+23.128, +0.051,+0.932
1704712860,+3.45,+23.128, +0.051,+0.932
1704712920,+3.45,+23.144, +0.051,+0.932
1704712980,+3.45,+23.136, +0.052,+0.932
1704713040,+3.45,+23.128, +0.051,+0.932
1704713100,+3.45,+23.102, +0.052,+0.932
1704713160,+3.45,+23.119, +0.052,+0.932
1704713220,+3.45,+23.094, +0.052,+0.932
1704713280,+3.45,+23.119, +0.051,+0.932
1704713340,+3.45,+23.094, +0.052,+0.932
1704713400,+3.45,+23.102, +0.052,+0.932
1704713460,+3.45,+23.119, +0.051,+0.932
1704713520,+3.45,+23.111, +0.051,+0.932
1704713580,+3.45,+23.102, +0.051,+0.932
1704713640,+3.45,+23.094, +0.051,+0.932
1704713700,+3.45,+23.086, +0.051,+0.932
1704713760,+3.45,+23.111, +0.051,+0.932
1704713820,+3.45,+23.102, +0.051,+0.932
1704713880,+3.45,+23.069, +0.051,+0.932
1704713940,+3.45,+23.094, +0.051,+0.932
1704714000,+3.45,+23.086, +0.052,+0.932
1704714060,+3.45,+23.086, +0.051,+0.932
1704714120,+3.45,+23.069, +0.052,+0.932
1704714180,+3.45,+23.086, +0.052,+0.932
1704714240,+3.45,+23.077, +0.051,+0.932
1704714300,+3.45,+23.061, +0.051,+0.932
1704714360,+3.45,+23.061, +0.051,+0.932
1704714420,+3.45,+23.061, +0.051,+0.932
1704714480,+3.45,+23.044, +0.051,+0.932
1704714540,+3.45,+23.052, +0.051,+0.932
1704714600,+3.45,+23.077, +0.051,+0.932
1704714660,+3.45,+23.044, +0.051,+0.932
1704714720,+3.45,+23.052, +0.051,+0.932
1704714780,+3.45,+23.069, +0.051,+0.932
1704714840,+3.45,+23.044, +0.052,+0.933
1704714900,+3.45,+23.044, +0.051,+0.932
1704714960,+3.45,+23.069, +0.051,+0.932
1704715020,+3.45,+23.061, +0.051,+0.932
1704715080,+3.45,+23.061, +0.051,+0.932
1704715140,+3.45,+23.061, +0.051,+0.932
1704715200,+3.45,+23.061, +0.051,+0.932
1704715260,+3.45,+23.069, +0.051,+0.932
1704715320,+3.45,+23.052, +0.051,+0.932
1704715380,+3.45,+23.061, +0.051,+0.932
1704715440,+3.45,+23.061, +0.051,+0.932
1704715500,+3.45,+23.044, +0.051,+0.932
1704715560,+3.45,+23.044, +0.051,+0.932
1704715620,+3.45,+23.061, +0.051,+0.932
1704715680,+3.45,+23.044, +0.051,+0.932
1704715740,+3.45,+23.044, +0.051,+0.932
1704715800,+3.45,+23.052, +0.051,+0.932
1704715860,+3.45,+23.052, +0.051,+0.932
1704715920,+3.45,+23.044, +0.051,+0.932
1704715980,+3.45,+23.036, +0.051,+0.932
1704716040,+3.45,+23.052, +0.051,+0.932
1704716100,+3.45,+23.061, +0.051,+0.932
1704716160,+3.45,+23.052, +0.051,+0.932
1704716220,+3.45,+23.061, +0.050,+0.932
1704716280,+3.45,+23.052, +0.051,+0.932
1704716340,+3.45,+23.061, +0.050,+0.932
1704716400,+3.45,+23.052, +0.051,+0.932
1704716460,+3.45,+23.036, +0.051,+0.932
1704716520,+3.45,+23.027, +0.051,+0.932
1704716580,+3.45,+23.036, +0.051,+0.933
1704716640,+3.45,+23.010, +0.051,+0.932
1704716700,+3.45,+23.036, +0.051,+0.932
1704716760,+3.45,+23.019, +0.051,+0.932
1704716820,+3.45,+23.019, +0.051,+0.932
1704716880,+3.45,+23.019, +0.051,+0.932
1704716940,+3.45,+23.019, +0.051,+0.932
1704717000,+3.45,+23.019, +0.051,+0.932
1704717060,+3.45,+23.010, +0.051,+0.932
1704717120,+3.45,+23.027, +0.051,+0.932
1704717180,+3.45,+23.019, +0.051,+0.932
1704717240,+3.45,+23.019, +0.051,+0.932
1704717300,+3.45,+23.019, +0.051,+0.932
1704717360,+3.45,+23.002, +0.051,+0.932
1704717420,+3.45,+23.002, +0.051,+0.932
1704717480,+3.45,+23.002, +0.051,+0.932
1704717540,+3.45,+23.002, +0.051,+0.932
1704717600,+3.45,+22.994, +0.051,+0.932
1704717660,+3.45,+22.985, +0.052,+0.932
1704717720,+3.45,+22.985, +0.052,+0.932
1704717780,+3.45,+22.994, +0.051,+0.932
1704717840,+3.45,+23.002, +0.051,+0.932
1704717900,+3.45,+23.010, +0.051,+0.932
1704717960,+3.45,+23.010, +0.051,+0.932
1704718020,+3.45,+23.019, +0.051,+0.932
1704718080,+3.45,+23.010, +0.051,+0.932
1704718140,+3.45,+23.019, +0.051,+0.932
1704718200,+3.45,+23.019, +0.051,+0.932
1704718260,+3.45,+23.027, +0.051,+0.932
1704718320,+3.45,+23.027, +0.051,+0.932
1704718380,+3.45,+23.019, +0.051,+0.932
1704718440,+3.45,+23.010, +0.051,+0.932
1704718500,+3.45,+23.002, +0.051,+0.932
1704718560,+3.45,+23.010, +0.051,+0.932
1704718620,+3.45,+23.027, +0.051,+0.932
1704718680,+3.45,+23.002, +0.051,+0.932
1704718740,+3.45,+22.985, +0.051,+0.932
1704718800,+3.45,+23.010, +0.051,+0.932
1704718860,+3.45,+23.002, +0.051,+0.932
1704718920,+3.45,+23.002, +0.051,+0.932
1704718980,+3.45,+22.994, +0.051,+0.932
1704719040,+3.45,+22.985, +0.051,+0.932
1704719100,+3.45,+23.002, +0.051,+0.932
1704719160,+3.45,+22.994, +0.051,+0.932
1704719220,+3.45,+23.002, +0.051,+0.932
1704719280,+3.45,+22.994, +0.051,+0.932
1704719340,+3.45,+23.002, +0.051,+0.932
1704719400,+3.45,+23.010, +0.051,+0.932
1704719460,+3.45,+23.019, +0.051,+0.932
1704719520,+3.45,+23.027, +0.052,+0.932
1704719580,+3.45,+23.036, +0.052,+0.932
1704719640,+3.45,+23.027, +0.051,+0.932
1704719700,+3.45,+23.044, +0.051,+0.932
1704719760,+3.45,+23.027, +0.051,+0.932
1704719820,+3.45,+23.002, +0.051,+0.932
1704719880,+3.45,+23.044, +0.051,+0.932
1704719940,+3.45,+23.036, +0.051,+0.932
1704720000,+3.45,+23.027, +0.050,+0.932
1704720060,+3.45,+23.052, +0.051,+0.932
1704720120,+3.45,+23.052, +0.051,+0.932
1704720180,+3.45,+23.019, +0.052,+0.932
1704720240,+3.45,+23.044, +0.051,+0.932
1704720300,+3.45,+23.027, +0.051,+0.932
1704720360,+3.45,+23.044, +0.051,+0.932
1704720420,+3.45,+23.027, +0.051,+0.932
1704720480,+3.45,+23.019, +0.051,+0.932
1704720540,+3.45,+23.036, +0.051,+0.932
1704720600,+3.45,+23.010, +0.051,+0.932
1704720660,+3.45,+23.027, +0.051,+0.932
1704720720,+3.45,+23.052, +0.051,+0.932
1704720780,+3.45,+23.036, +0.051,+0.932
1704720840,+3.45,+23.052, +0.051,+0.932
1704720900,+3.45,+23.036, +0.051,+0.932
1704720960,+3.45,+23.027, +0.051,+0.932
1704721020,+3.45,+23.044, +0.051,+0.932
1704721080,+3.45,+23.036, +0.051,+0.932
1704721140,+3.45,+23.036, +0.051,+0.932
1704721200,+3.45,+23.044, +0.051,+0.932
1704721260,+3.45,+23.052, +0.051,+0.932
1704721320,+3.45,+23.036, +0.051,+0.932
1704721380,+3.45,+23.036, +0.051,+0.932
1704721440,+3.45,+23.027, +0.051,+0.932
1704721500,+3.45,+23.027, +0.051,+0.932
1704721560,+3.45,+23.027, +0.051,+0.932
1704721620,+3.45,+23.044, +0.051,+0.932
1704721680,+3.45,+23.036, +0.051,+0.932
1704721740,+3.45,+23.036, +0.051,+0.932
1704721800,+3.45,+23.044, +0.051,+0.932
1704721860,+3.45,+23.052, +0.051,+0.932
1704721920,+3.45,+23.044, +0.051,+0.932
1704721980,+3.45,+23.061, +0.051,+0.932
1704722040,+3.45,+23.061, +0.051,+0.932
1704722100,+3.45,+23.052, +0.051,+0.932
1704722160,+3.45,+23.044, +0.051,+0.932
1704722220,+3.45,+23.061, +0.051,+0.932
1704722280,+3.45,+23.044, +0.051,+0.932
1704722340,+3.45,+23.069, +0.051,+0.932
1704722400,+3.45,+23.069, +0.051,+0.932
1704722460,+3.45,+23.069, +0.051,+0.932
1704722520,+3.45,+23.044, +0.051,+0.932
1704722580,+3.45,+23.086, +0.051,+0.932
1704722640,+3.45,+23.069, +0.051,+0.932
1704722700,+3.45,+23.086, +0.051,+0.932
1704722760,+3.45,+23.086, +0.051,+0.932
1704722820,+3.45,+23.077, +0.051,+0.932
1704722880,+3.45,+23.111, +0.051,+0.932
1704722940,+3.45,+23.086, +0.051,+0.932
1704723000,+3.45,+23.086, +0.051,+0.932
1704723060,+3.45,+23.094, +0.050,+0.932
1704723120,+3.45,+23.094, +0.051,+0.932
1704723180,+3.45,+23.119, +0.050,+0.932
1704723240,+3.45,+23.119, +0.051,+0.932
1704723300,+3.45,+23.119, +0.051,+0.932
1704723360,+3.45,+23.136, +0.051,+0.932
1704723420,+3.45,+23.111, +0.051,+0.932
1704723480,+3.45,+23.136, +0.051,+0.932
1704723540,+3.45,+23.128, +0.051,+0.932
1704723600,+3.45,+23.136, +0.050,+0.932
1704723660,+3.45,+23.144, +0.051,+0.932
1704723720,+3.45,+23.144, +0.051,+0.932
1704723780,+3.45,+23.128, +0.051,+0.932
1704723840,+3.45,+23.153, +0.051,+0.932
1704723900,+3.45,+23.136, +0.051,+0.932
1704723960,+3.45,+23.144, +0.051,+0.932
1704724020,+3.45,+23.136, +0.051,+0.932
1704724080,+3.45,+23.161, +0.051,+0.932
1704724140,+3.45,+23.161, +0.051,+0.932
1704724200,+3.45,+23.153, +0.051,+0.932
1704724260,+3.45,+23.161, +0.051,+0.932
1704724320,+3.45,+23.153, +0.051,+0.932
1704724380,+3.45,+23.186, +0.051,+0.932
1704724440,+3.45,+23.178, +0.050,+0.932
1704724500,+3.45,+23.186, +0.051,+0.932
1704724560,+3.45,+23.186, +0.050,+0.932
1704724620,+3.45,+23.169, +0.051,+0.932
1704724680,+3.45,+23.195, +0.051,+0.932
1704724740,+3.45,+23.195, +0.051,+0.932
1704724800,+3.45,+23.186, +0.052,+0.932
1704724860,+3.45,+23.203, +0.051,+0.932
1704724920,+3.45,+23.203, +0.051,+0.932
1704724980,+3.45,+23.186, +0.050,+0.932
1704725040,+3.45,+23.211, +0.051,+0.932
1704725100,+3.45,+23.195, +0.051,+0.932
1704725160,+3.45,+23.203, +0.051,+0.932
1704725220,+3.45,+23.186, +0.051,+0.932
1704725280,+3.45,+23.195, +0.052,+0.932
1704725340,+3.45,+23.211, +0.051,+0.932
1704725400,+3.45,+23.195, +0.051,+0.932
1704725460,+3.45,+23.195, +0.051,+0.932
1704725520,+3.45,+23.220, +0.051,+0.932
1704725580,+3.45,+23.220, +0.051,+0.932
1704725640,+3.45,+23.203, +0.052,+0.932
1704725700,+3.45,+23.211, +0.051,+0.932
1704725760,+3.45,+23.211, +0.051,+0.932
1704725820,+3.45,+23.220, +0.050,+0.932
1704725880,+3.45,+23.245, +0.052,+0.932
1704725940,+3.45,+23.236, +0.051,+0.932
1704726000,+3.45,+23.253, +0.051,+0.932
1704726060,+3.45,+23.261, +0.051,+0.932
1704726120,+3.45,+23.278, +0.050,+0.932
1704726180,+3.45,+23.253, +0.052,+0.932
1704726240,+3.46,+23.270, +0.051,+0.932
1704726300,+3.46,+23.295, +0.050,+0.932
1704726360,+3.46,+23.295, +0.051,+0.932
1704726420,+3.46,+23.303, +0.051,+0.932
1704726480,+3.46,+23.303, +0.051,+0.932
1704726540,+3.46,+23.312, +0.051,+0.932
1704726600,+3.46,+23.278, +0.051,+0.932
1704726660,+3.46,+23.295, +0.051,+0.932
1704726720,+3.46,+23.312, +0.051,+0.932
1704726780,+3.46,+23.312, +0.051,+0.932
1704726840,+3.46,+23.312, +0.051,+0.932
1704726900,+3.46,+23.320, +0.051,+0.932
1704726960,+3.46,+23.328, +0.051,+0.932
1704727020,+3.46,+23.320, +0.051,+0.932
1704727080,+3.46,+23.312, +0.051,+0.932
1704727140,+3.46,+23.345, +0.051,+0.932
1704727200,+3.46,+23.354, +0.051,+0.932
1704727260,+3.46,+23.328, +0.051,+0.932
1704727320,+3.46,+23.345, +0.051,+0.932
1704727380,+3.46,+23.354, +0.051,+0.932
1704727440,+3.46,+23.354, +0.051,+0.932
1704727500,+3.46,+23.370, +0.051,+0.932
1704727560,+3.46,+23.362, +0.051,+0.932
1704727620,+3.46,+23.362, +0.051,+0.932
1704727680,+3.46,+23.387, +0.050,+0.932
1704727740,+3.46,+23.395, +0.050,+0.932
1704727800,+3.46,+23.395, +0.051,+0.932
1704727860,+3.46,+23.404, +0.050,+0.932
1704727920,+3.46,+23.404, +0.051,+0.932
1704727980,+3.46,+23.412, +0.051,+0.932
1704728040,+3.46,+23.421, +0.051,+0.932
1704728100,+3.46,+23.421, +0.051,+0.932
1704728160,+3.46,+23.412, +0.051,+0.932
1704728220,+3.46,+23.429, +0.051,+0.932
1704728280,+3.46,+23.429, +0.051,+0.932
1704728340,+3.46,+23.462, +0.051,+0.932
1704728400,+3.46,+23.454, +0.051,+0.932
1704728460,+3.46,+23.462, +0.050,+0.932
1704728520,+3.46,+23.462, +0.051,+0.932
1704728580,+3.46,+23.471, +0.051,+0.932
1704728640,+3.46,+23.471, +0.051,+0.932
1704728700,+3.46,+23.471, +0.051,+0.932
1704728760,+3.46,+23.471, +0.051,+0.932
1704728820,+3.46,+23.488, +0.051,+0.932
1704728880,+3.46,+23.496, +0.051,+0.932
1704728940,+3.46,+23.513, +0.051,+0.932
1704729000,+3.46,+23.496, +0.051,+0.932
1704729060,+3.46,+23.513, +0.051,+0.932
1704729120,+3.46,+23.513, +0.052,+0.932
1704729180,+3.46,+23.521, +0.051,+0.932
1704729240,+3.46,+23.529, +0.051,+0.932
1704729300,+3.46,+23.504, +0.051,+0.932
1704729360,+3.46,+23.521, +0.050,+0.932
1704729420,+3.46,+23.521, +0.051,+0.932
1704729480,+3.46,+23.521, +0.052,+0.932
1704729540,+3.46,+23.529, +0.051,+0.932
1704729600,+3.46,+23.538, +0.051,+0.932
1704729660,+3.46,+23.529, +0.052,+0.932
1704729720,+3.46,+23.538, +0.051,+0.932
1704729780,+3.46,+23.538, +0.052,+0.932
1704729840,+3.46,+23.563, +0.051,+0.932
1704729900,+3.46,+23.563, +0.051,+0.931
1704729960,+3.46,+23.571, +0.051,+0.932
1704730020,+3.46,+23.563, +0.051,+0.932
1704730080,+3.46,+23.580, +0.051,+0.932
1704730140,+3.46,+23.571, +0.051,+0.932
1704730200,+3.46,+23.596, +0.050,+0.932
1704730260,+3.46,+23.580, +0.051,+0.932
1704730320,+3.46,+23.588, +0.051,+0.932
1704730380,+3.46,+23.596, +0.051,+0.932
1704730440,+3.46,+23.588, +0.051,+0.932
1704730500,+3.46,+23.596, +0.051,+0.932
1704730560,+3.46,+23.571, +0.051,+0.932
1704730620,+3.46,+23.596, +0.051,+0.932
1704730680,+3.46,+23.613, +0.051,+0.932
1704730740,+3.46,+23.596, +0.051,+0.932
1704730800,+3.46,+23.605, +0.051,+0.932
1704730860,+3.46,+23.613, +0.051,+0.932
1704730920,+3.46,+23.613, +0.051,+0.932
1704730980,+3.46,+23.630, +0.051,+0.932
1704731040,+3.46,+23.622, +0.051,+0.932
1704731100,+3.46,+23.622, +0.052,+0.932
1704731160,+3.46,+23.622, +0.051,+0.932
1704731220,+3.46,+23.647, +0.050,+0.931
1704731280,+3.46,+23.647, +0.051,+0.932
1704731340,+3.46,+23.638, +0.051,+0.932
1704731400,+3.46,+23.647, +0.051,+0.932
1704731460,+3.46,+23.663, +0.051,+0.932
1704731520,+3.46,+23.655, +0.051,+0.932
1704731580,+3.46,+23.655, +0.051,+0.932
1704731640,+3.46,+23.672, +0.051,+0.932
1704731700,+3.46,+23.663, +0.051,+0.932
1704731760,+3.46,+23.655, +0.051,+0.932
1704731820,+3.46,+23.655, +0.050,+0.931
1704731880,+3.46,+23.663, +0.051,+0.932
1704731940,+3.46,+23.663, +0.051,+0.932
1704732000,+3.46,+23.663, +0.051,+0.932
1704732060,+3.46,+23.697, +0.050,+0.932
1704732120,+3.46,+23.663, +0.051,+0.932
1704732180,+3.46,+23.672, +0.051,+0.932
1704732240,+3.46,+23.655, +0.052,+0.932
1704732300,+3.46,+23.680, +0.052,+0.932
1704732360,+3.46,+23.689, +0.052,+0.932
1704732420,+3.46,+23.680, +0.051,+0.932
1704732480,+3.46,+23.705, +0.050,+0.932
1704732540,+3.46,+23.714, +0.051,+0.932
1704732600,+3.46,+23.714, +0.051,+0.932
1704732660,+3.46,+23.705, +0.051,+0.932
1704732720,+3.46,+23.705, +0.051,+0.932
1704732780,+3.46,+23.739, +0.052,+0.932
1704732840,+3.45,+23.756, +0.051,+0.932
1704732900,+3.45,+23.739, +0.051,+0.932
1704732960,+3.46,+23.756, +0.051,+0.932
1704733020,+3.45,+23.781, +0.051,+0.931
1704733080,+3.45,+23.781, +0.052,+0.932
1704733140,+3.45,+23.781, +0.051,+0.932
1704733200,+3.45,+23.781, +0.051,+0.932
1704733260,+3.46,+23.764, +0.051,+0.931
1704733320,+3.46,+23.756, +0.051,+0.932
1704733380,+3.46,+23.756, +0.051,+0.932
1704733440,+3.46,+23.772, +0.051,+0.932
1704733500,+3.45,+23.764, +0.052,+0.932
1704733560,+3.45,+23.764, +0.051,+0.932
1704733620,+3.45,+23.764, +0.052,+0.932
1704733680,+3.46,+23.756, +0.052,+0.932
1704733740,+3.45,+23.764, +0.051,+0.932
1704733800,+3.45,+23.781, +0.052,+0.932
1704733860,+3.45,+23.789, +0.051,+0.932
1704733920,+3.45,+23.797, +0.051,+0.932
1704733980,+3.45,+23.789, +0.051,+0.932
1704734040,+3.45,+23.789, +0.051,+0.932
1704734100,+3.45,+23.789, +0.051,+0.932
1704734160,+3.45,+23.806, +0.051,+0.932
1704734220,+3.45,+23.806, +0.051,+0.932
1704734280,+3.45,+23.806, +0.051,+0.932
1704734340,+3.45,+23.797, +0.052,+0.932
1704734400,+3.45,+23.797, +0.051,+0.932
1704734460,+3.45,+23.806, +0.051,+0.932
1704734520,+3.45,+23.781, +0.052,+0.932
1704734580,+3.45,+23.781, +0.051,+0.932
1704734640,+3.45,+23.806, +0.052,+0.932
1704734700,+3.45,+23.806, +0.052,+0.932
1704734760,+3.45,+23.823, +0.051,+0.931
1704734820,+3.45,+23.823, +0.052,+0.932
1704734880,+3.45,+23.814, +0.051,+0.932
1704734940,+3.45,+23.814, +0.051,+0.932
1704735000,+3.45,+23.823, +0.051,+0.932
1704735060,+3.45,+23.814, +0.051,+0.932
1704735120,+3.45,+23.806, +0.051,+0.932
1704735180,+3.45,+23.823, +0.051,+0.932
1704735240,+3.45,+23.831, +0.051,+0.932
1704735300,+3.45,+23.823, +0.051,+0.932
1704735360,+3.45,+23.831, +0.051,+0.932
1704735420,+3.45,+23.806, +0.051,+0.932
1704735480,+3.45,+23.806, +0.052,+0.932
1704735540,+3.45,+23.831, +0.051,+0.931
1704735600,+3.45,+23.823, +0.052,+0.932
1704735660,+3.45,+23.823, +0.051,+0.932
1704735720,+3.45,+23.831, +0.051,+0.932
1704735780,+3.45,+23.831, +0.051,+0.932
1704735840,+3.45,+23.839, +0.051,+0.932
1704735900,+3.45,+23.831, +0.052,+0.932
1704735960,+3.45,+23.831, +0.051,+0.932
1704736020,+3.45,+23.839, +0.051,+0.932
1704736080,+3.45,+23.831, +0.052,+0.932
1704736140,+3.45,+23.831, +0.051,+0.932
1704736200,+3.46,+23.823, +0.051,+0.932
1704736260,+3.45,+23.839, +0.051,+0.932
1704736320,+3.45,+23.839, +0.052,+0.932
1704736380,+3.45,+23.848, +0.052,+0.932
1704736440,+3.45,+23.881, +0.052,+0.932
1704736500,+3.45,+23.864, +0.052,+0.932
1704736560,+3.45,+23.864, +0.051,+0.932
1704736620,+3.45,+23.906, +0.052,+0.932
1704736680,+3.45,+23.906, +0.051,+0.932
1704736740,+3.45,+23.898, +0.051,+0.932
1704736800,+3.45,+23.898, +0.051,+0.932
1704736860,+3.45,+23.906, +0.052,+0.932
1704736920,+3.45,+23.915, +0.052,+0.932
1704736980,+3.45,+23.932, +0.051,+0.932
1704737040,+3.45,+23.923, +0.052,+0.932
1704737100,+3.45,+23.940, +0.051,+0.932
1704737160,+3.45,+23.940, +0.052,+0.932
1704737220,+3.45,+23.965, +0.052,+0.932
1704737280,+3.45,+23.965, +0.051,+0.932
1704737340,+3.45,+23.957, +0.052,+0.932
1704737400,+3.45,+23.973, +0.052,+0.932
1704737460,+3.45,+23.973, +0.051,+0.932
1704737520,+3.45,+23.965, +0.052,+0.932
1704737580,+3.45,+23.965, +0.052,+0.932
1704737640,+3.45,+23.957, +0.052,+0.932
1704737700,+3.45,+23.965, +0.052,+0.932
1704737760,+3.45,+23.948, +0.051,+0.932
1704737820,+3.45,+23.982, +0.052,+0.932
1704737880,+3.45,+23.965, +0.052,+0.932
1704737940,+3.45,+23.982, +0.052,+0.932
1704738000,+3.45,+23.999, +0.052,+0.932
1704738060,+3.45,+23.990, +0.052,+0.932
1704738120,+3.45,+23.990, +0.052,+0.932
1704738180,+3.45,+24.007, +0.051,+0.932
1704738240,+3.45,+23.999, +0.052,+0.932
1704738300,+3.45,+23.999, +0.052,+0.932
1704738360,+3.45,+24.032, +0.051,+0.932
1704738420,+3.45,+24.024, +0.052,+0.932
