7450-988987
OS REV: 1.05 Sensor Cal: 1620327161
Time (sec),  BV (Volts),  T (deg C),  DO (mg/l),  Q ()
1705343280,+3.46,+26.169, +7.780,+0.950
1705343340,+3.46,+26.228, +7.777,+0.950
1705343400,+3.45,+26.287, +7.771,+0.950
1705343460,+3.45,+26.329, +7.759,+0.949
1705343520,+3.45,+26.371, +7.744,+0.949
1705343580,+3.46,+26.405, +7.746,+0.949
1705343640,+3.46,+26.439, +7.747,+0.949
1705343700,+3.46,+26.473, +7.746,+0.950
1705343760,+3.46,+26.507, +7.734,+0.949
1705343820,+3.46,+26.532, +7.722,+0.949
1705343880,+3.46,+26.540, +7.725,+0.949
1705343940,+3.46,+26.557, +7.725,+0.950
1705344000,+3.46,+26.574, +7.721,+0.949
1705344060,+3.46,+26.583, +7.716,+0.949
1705344120,+3.46,+26.600, +7.710,+0.949
1705344180,+3.46,+26.625, +7.729,+0.950
1705344240,+3.46,+26.684, +7.707,+0.952
