7450-988987
OS REV: 1.05 Sensor Cal: 1620327161
Time (sec),  BV (Volts),  T (deg C),  DO (mg/l),  Q ()
1704565680,+3.46,+24.552, +0.051,+0.932
1704565740,+3.46,+24.552, +0.051,+0.932
1704565800,+3.46,+24.561, +0.051,+0.932
1704565860,+3.46,+24.535, +0.051,+0.932
1704565920,+3.46,+24.544, +0.051,+0.932
1704565980,+3.46,+24.561, +0.051,+0.932
1704566040,+3.46,+24.561, +0.051,+0.932
1704566100,+3.46,+24.552, +0.051,+0.932
1704566160,+3.46,+24.561, +0.051,+0.932
1704566220,+3.46,+24.552, +0.051,+0.932
1704566280,+3.46,+24.552, +0.051,+0.932
1704566340,+3.46,+24.552, +0.052,+0.932
1704566400,+3.46,+24.611, +0.052,+0.932
1704566460,+3.46,+24.628, +0.052,+0.932
1704566520,+3.46,+24.678, +0.051,+0.932
1704566580,+3.46,+24.653, +0.051,+0.932
1704566640,+3.46,+24.653, +0.052,+0.932
1704566700,+3.46,+24.645, +0.051,+0.932
1704566760,+3.46,+24.645, +0.051,+0.932
1704566820,+3.46,+24.636, +0.051,+0.932
1704566880,+3.46,+24.645, +0.051,+0.932
1704566940,+3.46,+24.619, +0.052,+0.932
1704567000,+3.46,+24.645, +0.051,+0.932
1704567060,+3.46,+24.636, +0.052,+0.932
1704567120,+3.46,+24.611, +0.051,+0.932
1704567180,+3.46,+24.636, +0.051,+0.932
1704567240,+3.46,+24.636, +0.051,+0.932
1704567300,+3.46,+24.628, +0.052,+0.932
1704567360,+3.46,+24.645, +0.051,+0.932
1704567420,+3.46,+24.661, +0.052,+0.932
1704567480,+3.46,+24.687, +0.052,+0.932
1704567540,+3.46,+24.695, +0.051,+0.932
1704567600,+3.46,+24.720, +0.051,+0.932
1704567660,+3.46,+24.720, +0.051,+0.932
1704567720,+3.46,+24.703, +0.051,+0.932
1704567780,+3.46,+24.729, +0.052,+0.932
1704567840,+3.46,+24.729, +0.052,+0.932
1704567900,+3.46,+24.737, +0.052,+0.932
1704567960,+3.46,+24.729, +0.052,+0.932
1704568020,+3.46,+24.720, +0.052,+0.932
1704568080,+3.46,+24.754, +0.052,+0.932
1704568140,+3.46,+24.737, +0.052,+0.932
1704568200,+3.46,+24.737, +0.051,+0.932
1704568260,+3.46,+24.729, +0.051,+0.932
1704568320,+3.46,+24.737, +0.051,+0.932
1704568380,+3.46,+24.729, +0.051,+0.932
1704568440,+3.46,+24.745, +0.051,+0.932
1704568500,+3.46,+24.737, +0.051,+0.932
1704568560,+3.46,+24.754, +0.052,+0.932
1704568620,+3.46,+24.762, +0.051,+0.932
1704568680,+3.46,+24.779, +0.051,+0.932
1704568740,+3.46,+24.779, +0.052,+0.932
1704568800,+3.46,+24.804, +0.051,+0.932
1704568860,+3.46,+24.821, +0.052,+0.932
1704568920,+3.46,+24.846, +0.051,+0.932
1704568980,+3.46,+24.838, +0.052,+0.932
1704569040,+3.46,+24.821, +0.052,+0.932
1704569100,+3.46,+24.846, +0.051,+0.932
1704569160,+3.46,+24.855, +0.052,+0.932
1704569220,+3.46,+24.821, +0.051,+0.932
1704569280,+3.46,+24.821, +0.052,+0.932
1704569340,+3.46,+24.813, +0.051,+0.932
1704569400,+3.46,+24.813, +0.051,+0.932
1704569460,+3.46,+24.813, +0.051,+0.932
1704569520,+3.46,+24.813, +0.051,+0.932
1704569580,+3.46,+24.829, +0.051,+0.932
1704569640,+3.46,+24.821, +0.051,+0.932
1704569700,+3.46,+24.838, +0.052,+0.932
1704569760,+3.46,+24.821, +0.051,+0.932
1704569820,+3.46,+24.813, +0.051,+0.932
1704569880,+3.46,+24.813, +0.052,+0.932
1704569940,+3.46,+24.855, +0.051,+0.932
1704570000,+3.46,+24.863, +0.052,+0.932
1704570060,+3.46,+24.863, +0.052,+0.932
1704570120,+3.46,+24.871, +0.051,+0.932
1704570180,+3.46,+24.880, +0.051,+0.932
1704570240,+3.46,+24.880, +0.052,+0.932
1704570300,+3.46,+24.888, +0.052,+0.932
1704570360,+3.46,+24.905, +0.052,+0.932
1704570420,+3.46,+24.905, +0.052,+0.932
1704570480,+3.45,+24.913, +0.052,+0.932
1704570540,+3.46,+24.930, +0.052,+0.932
1704570600,+3.45,+24.930, +0.052,+0.932
1704570660,+3.46,+24.922, +0.052,+0.932
1704570720,+3.46,+24.922, +0.052,+0.932
1704570780,+3.46,+24.922, +0.051,+0.932
1704570840,+3.46,+24.922, +0.052,+0.932
1704570900,+3.46,+24.922, +0.052,+0.932
1704570960,+3.45,+24.930, +0.052,+0.932
1704571020,+3.46,+24.913, +0.052,+0.932
1704571080,+3.46,+24.922, +0.051,+0.932
1704571140,+3.45,+24.947, +0.051,+0.932
1704571200,+3.46,+24.922, +0.052,+0.932
1704571260,+3.46,+24.939, +0.052,+0.932
1704571320,+3.46,+24.922, +0.052,+0.932
1704571380,+3.46,+24.922, +0.051,+0.932
1704571440,+3.46,+24.930, +0.051,+0.932
1704571500,+3.45,+24.930, +0.052,+0.932
1704571560,+3.46,+24.939, +0.052,+0.932
1704571620,+3.45,+24.947, +0.052,+0.932
1704571680,+3.45,+24.964, +0.052,+0.932
1704571740,+3.45,+24.964, +0.052,+0.932
1704571800,+3.45,+24.989, +0.052,+0.932
1704571860,+3.45,+24.997, +0.052,+0.932
1704571920,+3.45,+24.989, +0.052,+0.932
1704571980,+3.45,+25.014, +0.052,+0.932
1704572040,+3.45,+24.981, +0.052,+0.932
1704572100,+3.45,+24.997, +0.052,+0.932
1704572160,+3.45,+24.989, +0.052,+0.932
1704572220,+3.45,+24.964, +0.052,+0.932
1704572280,+3.46,+24.981, +0.052,+0.932
1704572340,+3.45,+25.006, +0.052,+0.932
1704572400,+3.45,+25.006, +0.051,+0.932
1704572460,+3.45,+25.014, +0.051,+0.932
1704572520,+3.45,+25.023, +0.052,+0.932
1704572580,+3.45,+24.989, +0.052,+0.932
1704572640,+3.45,+25.006, +0.052,+0.932
1704572700,+3.45,+24.997, +0.052,+0.932
1704572760,+3.45,+24.989, +0.052,+0.932
1704572820,+3.45,+24.989, +0.051,+0.932
1704572880,+3.45,+24.997, +0.052,+0.932
1704572940,+3.45,+24.989, +0.052,+0.932
1704573000,+3.45,+25.014, +0.052,+0.932
1704573060,+3.45,+25.014, +0.052,+0.932
1704573120,+3.45,+25.023, +0.052,+0.932
1704573180,+3.45,+25.023, +0.052,+0.932
1704573240,+3.45,+25.031, +0.052,+0.932
1704573300,+3.45,+25.023, +0.052,+0.932
1704573360,+3.45,+25.023, +0.052,+0.932
1704573420,+3.45,+25.039, +0.052,+0.932
1704573480,+3.46,+25.006, +0.052,+0.932
1704573540,+3.46,+25.006, +0.052,+0.932
1704573600,+3.45,+24.997, +0.052,+0.932
1704573660,+3.46,+24.997, +0.051,+0.932
1704573720,+3.45,+24.997, +0.052,+0.932
1704573780,+3.45,+24.997, +0.052,+0.932
1704573840,+3.45,+24.989, +0.051,+0.932
1704573900,+3.46,+24.981, +0.052,+0.932
1704573960,+3.45,+25.006, +0.052,+0.932
1704574020,+3.46,+24.997, +0.051,+0.932
1704574080,+3.45,+24.997, +0.052,+0.932
1704574140,+3.45,+25.014, +0.051,+0.932
1704574200,+3.45,+25.014, +0.051,+0.932
1704574260,+3.46,+24.989, +0.052,+0.932
1704574320,+3.45,+25.014, +0.052,+0.932
1704574380,+3.45,+25.039, +0.052,+0.932
1704574440,+3.45,+25.039, +0.052,+0.932
1704574500,+3.45,+25.048, +0.052,+0.932
1704574560,+3.45,+25.056, +0.052,+0.932
1704574620,+3.45,+25.048, +0.051,+0.932
1704574680,+3.45,+25.056, +0.053,+0.932
1704574740,+3.45,+25.023, +0.052,+0.932
1704574800,+3.45,+25.023, +0.052,+0.932
1704574860,+3.45,+25.039, +0.052,+0.932
1704574920,+3.45,+25.056, +0.052,+0.932
1704574980,+3.45,+25.048, +0.052,+0.932
1704575040,+3.45,+25.065, +0.051,+0.932
1704575100,+3.45,+25.031, +0.052,+0.932
1704575160,+3.45,+25.039, +0.052,+0.932
1704575220,+3.45,+25.048, +0.052,+0.932
1704575280,+3.45,+25.065, +0.052,+0.932
1704575340,+3.45,+25.039, +0.052,+0.932
1704575400,+3.45,+25.039, +0.052,+0.932
1704575460,+3.45,+25.023, +0.052,+0.932
1704575520,+3.46,+25.014, +0.052,+0.932
1704575580,+3.46,+25.039, +0.052,+0.932
1704575640,+3.46,+25.014, +0.052,+0.932
1704575700,+3.46,+25.031, +0.052,+0.932
1704575760,+3.46,+25.031, +0.052,+0.932
1704575820,+3.45,+25.039, +0.052,+0.932
1704575880,+3.45,+25.056, +0.052,+0.932
1704575940,+3.45,+25.039, +0.052,+0.932
1704576000,+3.46,+25.039, +0.052,+0.932
1704576060,+3.45,+25.039, +0.052,+0.932
1704576120,+3.45,+25.056, +0.053,+0.932
1704576180,+3.45,+25.023, +0.052,+0.932
1704576240,+3.46,+25.006, +0.052,+0.932
1704576300,+3.46,+25.006, +0.052,+0.932
1704576360,+3.46,+25.014, +0.052,+0.932
1704576420,+3.45,+25.031, +0.052,+0.932
1704576480,+3.46,+25.031, +0.052,+0.932
1704576540,+3.45,+25.039, +0.052,+0.932
1704576600,+3.45,+25.048, +0.052,+0.932
1704576660,+3.45,+25.031, +0.052,+0.932
1704576720,+3.45,+25.056, +0.052,+0.932
1704576780,+3.46,+25.014, +0.052,+0.932
1704576840,+3.46,+25.023, +0.053,+0.932
1704576900,+3.46,+25.039, +0.052,+0.932
1704576960,+3.46,+25.031, +0.052,+0.932
1704577020,+3.45,+25.048, +0.052,+0.932
1704577080,+3.45,+25.065, +0.053,+0.932
1704577140,+3.45,+25.090, +0.053,+0.932
1704577200,+3.45,+25.090, +0.052,+0.932
1704577260,+3.45,+25.098, +0.053,+0.932
1704577320,+3.45,+25.090, +0.053,+0.932
1704577380,+3.45,+25.115, +0.051,+0.932
1704577440,+3.45,+25.065, +0.052,+0.932
1704577500,+3.46,+25.048, +0.052,+0.932
1704577560,+3.46,+25.031, +0.051,+0.932
1704577620,+3.46,+25.031, +0.051,+0.932
1704577680,+3.45,+25.031, +0.052,+0.932
1704577740,+3.45,+25.048, +0.052,+0.932
1704577800,+3.46,+25.039, +0.052,+0.932
1704577860,+3.45,+25.056, +0.052,+0.932
1704577920,+3.45,+25.065, +0.053,+0.933
1704577980,+3.45,+25.065, +0.052,+0.932
1704578040,+3.45,+25.056, +0.052,+0.932
1704578100,+3.46,+25.031, +0.052,+0.932
1704578160,+3.46,+25.023, +0.052,+0.932
1704578220,+3.46,+25.039, +0.052,+0.932
1704578280,+3.46,+25.048, +0.052,+0.932
1704578340,+3.46,+25.039, +0.052,+0.932
1704578400,+3.46,+25.031, +0.052,+0.932
1704578460,+3.46,+25.039, +0.052,+0.932
1704578520,+3.46,+25.031, +0.052,+0.932
1704578580,+3.46,+25.031, +0.052,+0.932
1704578640,+3.46,+25.031, +0.052,+0.932
1704578700,+3.46,+25.014, +0.053,+0.932
1704578760,+3.46,+25.014, +0.053,+0.932
1704578820,+3.46,+25.014, +0.060,+0.933
1704578880,+3.46,+25.023, +0.053,+0.932
1704578940,+3.46,+25.014, +0.052,+0.932
1704579000,+3.46,+25.023, +0.052,+0.932
1704579060,+3.46,+25.023, +0.052,+0.932
1704579120,+3.46,+25.031, +0.065,+0.933
1704579180,+3.46,+25.023, +0.059,+0.933
1704579240,+3.46,+25.039, +0.055,+0.933
1704579300,+3.46,+25.048, +0.059,+0.933
1704579360,+3.46,+25.039, +0.061,+0.933
1704579420,+3.46,+25.023, +0.053,+0.932
1704579480,+3.46,+25.023, +0.052,+0.932
1704579540,+3.46,+25.023, +0.051,+0.932
1704579600,+3.46,+25.006, +0.057,+0.933
1704579660,+3.46,+25.014, +0.056,+0.933
1704579720,+3.46,+25.023, +0.053,+0.932
1704579780,+3.46,+25.014, +0.053,+0.932
1704579840,+3.46,+25.023, +0.052,+0.932
1704579900,+3.46,+24.997, +0.052,+0.932
1704579960,+3.46,+25.006, +0.052,+0.932
1704580020,+3.46,+24.972, +0.053,+0.932
1704580080,+3.46,+24.997, +0.052,+0.932
1704580140,+3.46,+24.989, +0.051,+0.932
1704580200,+3.46,+24.981, +0.052,+0.932
1704580260,+3.46,+24.981, +0.053,+0.933
1704580320,+3.46,+25.006, +0.052,+0.932
1704580380,+3.46,+24.997, +0.052,+0.932
1704580440,+3.46,+25.006, +0.053,+0.933
1704580500,+3.46,+25.014, +0.054,+0.932
1704580560,+3.46,+24.997, +0.056,+0.933
1704580620,+3.46,+24.989, +0.054,+0.933
1704580680,+3.46,+24.981, +0.053,+0.933
1704580740,+3.46,+24.997, +0.052,+0.932
1704580800,+3.46,+24.989, +0.052,+0.932
1704580860,+3.46,+24.997, +0.052,+0.932
1704580920,+3.46,+24.997, +0.052,+0.932
1704580980,+3.46,+24.972, +0.053,+0.932
1704581040,+3.46,+24.997, +0.052,+0.933
1704581100,+3.46,+24.981, +0.054,+0.933
1704581160,+3.46,+24.955, +0.056,+0.933
1704581220,+3.46,+24.964, +0.067,+0.933
1704581280,+3.46,+24.981, +0.065,+0.933
1704581340,+3.46,+24.981, +0.082,+0.933
1704581400,+3.46,+24.981, +0.103,+0.934
1704581460,+3.46,+24.989, +0.083,+0.933
1704581520,+3.46,+24.972, +0.097,+0.934
1704581580,+3.46,+24.964, +0.074,+0.933
1704581640,+3.46,+24.964, +0.058,+0.933
1704581700,+3.46,+24.955, +0.054,+0.932
1704581760,+3.46,+24.964, +0.053,+0.933
1704581820,+3.46,+24.947, +0.053,+0.932
1704581880,+3.46,+24.955, +0.052,+0.932
1704581940,+3.46,+24.947, +0.053,+0.933
1704582000,+3.46,+24.947, +0.052,+0.932
1704582060,+3.46,+24.947, +0.064,+0.933
1704582120,+3.46,+24.955, +0.069,+0.933
1704582180,+3.46,+24.955, +0.132,+0.935
1704582240,+3.46,+24.964, +0.124,+0.935
1704582300,+3.46,+24.964, +0.093,+0.934
1704582360,+3.46,+24.955, +0.070,+0.933
1704582420,+3.46,+24.955, +0.060,+0.933
1704582480,+3.46,+24.947, +0.056,+0.932
1704582540,+3.46,+24.939, +0.054,+0.933
1704582600,+3.46,+24.939, +0.054,+0.933
1704582660,+3.46,+24.922, +0.054,+0.933
1704582720,+3.46,+24.930, +0.053,+0.932
1704582780,+3.46,+24.939, +0.052,+0.932
1704582840,+3.46,+24.930, +0.053,+0.933
1704582900,+3.46,+24.922, +0.053,+0.932
1704582960,+3.46,+24.922, +0.053,+0.933
1704583020,+3.46,+24.939, +0.053,+0.932
1704583080,+3.46,+24.922, +0.052,+0.932
1704583140,+3.46,+24.913, +0.053,+0.933
1704583200,+3.46,+24.913, +0.053,+0.932
1704583260,+3.46,+24.930, +0.053,+0.932
1704583320,+3.46,+24.905, +0.054,+0.933
1704583380,+3.46,+24.897, +0.053,+0.932
1704583440,+3.46,+24.888, +0.053,+0.932
1704583500,+3.46,+24.905, +0.053,+0.932
1704583560,+3.46,+24.888, +0.053,+0.932
1704583620,+3.46,+24.880, +0.052,+0.932
1704583680,+3.46,+24.863, +0.052,+0.932
1704583740,+3.46,+24.880, +0.053,+0.933
1704583800,+3.46,+24.880, +0.053,+0.933
1704583860,+3.46,+24.863, +0.070,+0.933
1704583920,+3.46,+24.880, +0.061,+0.933
1704583980,+3.46,+24.880, +0.056,+0.933
1704584040,+3.46,+24.897, +0.055,+0.933
1704584100,+3.46,+24.871, +0.054,+0.933
1704584160,+3.46,+24.888, +0.054,+0.933
1704584220,+3.46,+24.880, +0.052,+0.932
1704584280,+3.46,+24.863, +0.053,+0.932
1704584340,+3.46,+24.855, +0.053,+0.932
1704584400,+3.46,+24.888, +0.052,+0.932
1704584460,+3.46,+24.888, +0.052,+0.932
1704584520,+3.46,+24.871, +0.052,+0.932
1704584580,+3.46,+24.888, +0.052,+0.932
1704584640,+3.46,+24.880, +0.052,+0.932
1704584700,+3.46,+24.871, +0.053,+0.933
1704584760,+3.46,+24.863, +0.052,+0.932
1704584820,+3.46,+24.871, +0.052,+0.932
1704584880,+3.46,+24.855, +0.052,+0.932
1704584940,+3.46,+24.855, +0.052,+0.932
1704585000,+3.46,+24.863, +0.052,+0.932
1704585060,+3.46,+24.871, +0.052,+0.933
1704585120,+3.46,+24.846, +0.053,+0.933
1704585180,+3.46,+24.846, +0.053,+0.933
1704585240,+3.46,+24.838, +0.055,+0.933
1704585300,+3.46,+24.838, +0.055,+0.933
1704585360,+3.46,+24.846, +0.056,+0.933
1704585420,+3.46,+24.829, +0.057,+0.933
1704585480,+3.46,+24.829, +0.063,+0.933
1704585540,+3.46,+24.821, +0.060,+0.933
1704585600,+3.46,+24.838, +0.055,+0.932
1704585660,+3.46,+24.838, +0.055,+0.933
1704585720,+3.46,+24.829, +0.054,+0.933
1704585780,+3.46,+24.829, +0.053,+0.933
1704585840,+3.46,+24.829, +0.054,+0.933
1704585900,+3.46,+24.813, +0.053,+0.932
1704585960,+3.46,+24.829, +0.053,+0.933
1704586020,+3.46,+24.821, +0.053,+0.933
1704586080,+3.46,+24.813, +0.053,+0.933
1704586140,+3.46,+24.813, +0.053,+0.933
1704586200,+3.46,+24.796, +0.053,+0.932
1704586260,+3.46,+24.796, +0.053,+0.933
1704586320,+3.46,+24.804, +0.052,+0.932
1704586380,+3.46,+24.796, +0.052,+0.932
1704586440,+3.46,+24.796, +0.057,+0.933
1704586500,+3.46,+24.779, +0.054,+0.933
1704586560,+3.46,+24.787, +0.054,+0.933
1704586620,+3.46,+24.779, +0.059,+0.933
1704586680,+3.46,+24.779, +0.063,+0.933
1704586740,+3.46,+24.771, +0.063,+0.933
1704586800,+3.46,+24.787, +0.081,+0.934
1704586860,+3.46,+24.754, +0.061,+0.933
1704586920,+3.46,+24.771, +0.054,+0.933
1704586980,+3.46,+24.787, +0.053,+0.933
1704587040,+3.46,+24.754, +0.053,+0.933
1704587100,+3.46,+24.762, +0.053,+0.933
1704587160,+3.46,+24.771, +0.053,+0.933
1704587220,+3.46,+24.745, +0.053,+0.932
1704587280,+3.46,+24.754, +0.057,+0.933
1704587340,+3.46,+24.737, +0.054,+0.933
1704587400,+3.46,+24.745, +0.053,+0.932
1704587460,+3.46,+24.737, +0.058,+0.933
1704587520,+3.46,+24.737, +0.073,+0.933
1704587580,+3.46,+24.729, +0.060,+0.933
1704587640,+3.46,+24.729, +0.055,+0.933
1704587700,+3.46,+24.720, +0.054,+0.933
1704587760,+3.46,+24.729, +0.053,+0.933
1704587820,+3.46,+24.720, +0.053,+0.933
1704587880,+3.46,+24.720, +0.054,+0.933
1704587940,+3.46,+24.703, +0.053,+0.933
1704588000,+3.46,+24.712, +0.053,+0.933
1704588060,+3.46,+24.703, +0.052,+0.933
1704588120,+3.46,+24.687, +0.053,+0.933
1704588180,+3.46,+24.695, +0.053,+0.933
1704588240,+3.46,+24.670, +0.052,+0.933
1704588300,+3.46,+24.695, +0.052,+0.933
1704588360,+3.46,+24.678, +0.052,+0.933
1704588420,+3.46,+24.703, +0.052,+0.932
1704588480,+3.46,+24.695, +0.052,+0.933
1704588540,+3.46,+24.687, +0.053,+0.933
1704588600,+3.46,+24.670, +0.052,+0.933
1704588660,+3.46,+24.687, +0.052,+0.933
1704588720,+3.46,+24.687, +0.052,+0.933
1704588780,+3.46,+24.661, +0.053,+0.933
1704588840,+3.46,+24.653, +0.052,+0.933
1704588900,+3.46,+24.670, +0.052,+0.933
1704588960,+3.46,+24.661, +0.053,+0.933
1704589020,+3.46,+24.670, +0.052,+0.932
1704589080,+3.46,+24.653, +0.072,+0.933
1704589140,+3.46,+24.645, +0.057,+0.933
1704589200,+3.46,+24.661, +0.053,+0.933
1704589260,+3.46,+24.645, +0.052,+0.933
1704589320,+3.46,+24.636, +0.052,+0.933
1704589380,+3.46,+24.645, +0.052,+0.933
1704589440,+3.46,+24.636, +0.053,+0.933
1704589500,+3.46,+24.636, +0.053,+0.933
1704589560,+3.46,+24.619, +0.053,+0.933
1704589620,+3.46,+24.611, +0.053,+0.933
1704589680,+3.46,+24.611, +0.053,+0.933
1704589740,+3.46,+24.628, +0.053,+0.933
1704589800,+3.46,+24.619, +0.052,+0.933
1704589860,+3.46,+24.619, +0.056,+0.933
1704589920,+3.46,+24.611, +0.053,+0.933
1704589980,+3.46,+24.619, +0.052,+0.933
1704590040,+3.46,+24.594, +0.052,+0.933
1704590100,+3.46,+24.603, +0.057,+0.933
1704590160,+3.46,+24.611, +0.053,+0.933
1704590220,+3.46,+24.603, +0.052,+0.932
1704590280,+3.46,+24.594, +0.052,+0.933
1704590340,+3.46,+24.594, +0.052,+0.933
1704590400,+3.46,+24.611, +0.052,+0.933
1704590460,+3.46,+24.594, +0.052,+0.933
1704590520,+3.46,+24.586, +0.052,+0.933
1704590580,+3.46,+24.586, +0.052,+0.933
1704590640,+3.46,+24.586, +0.052,+0.933
1704590700,+3.46,+24.577, +0.052,+0.933
1704590760,+3.46,+24.586, +0.052,+0.933
1704590820,+3.46,+24.577, +0.052,+0.933
1704590880,+3.46,+24.586, +0.053,+0.933
1704590940,+3.46,+24.569, +0.052,+0.933
1704591000,+3.46,+24.561, +0.053,+0.933
1704591060,+3.46,+24.577, +0.052,+0.933
1704591120,+3.46,+24.561, +0.053,+0.933
1704591180,+3.46,+24.552, +0.052,+0.933
1704591240,+3.46,+24.561, +0.052,+0.933
1704591300,+3.46,+24.561, +0.060,+0.933
1704591360,+3.46,+24.561, +0.055,+0.933
1704591420,+3.46,+24.552, +0.053,+0.933
1704591480,+3.46,+24.544, +0.052,+0.933
1704591540,+3.46,+24.544, +0.052,+0.933
1704591600,+3.46,+24.535, +0.052,+0.932
1704591660,+3.46,+24.527, +0.053,+0.933
1704591720,+3.46,+24.535, +0.052,+0.933
1704591780,+3.46,+24.544, +0.052,+0.933
1704591840,+3.46,+24.527, +0.052,+0.933
1704591900,+3.46,+24.519, +0.052,+0.933
1704591960,+3.46,+24.535, +0.059,+0.933
1704592020,+3.46,+24.535, +0.053,+0.933
1704592080,+3.46,+24.519, +0.052,+0.933
1704592140,+3.46,+24.510, +0.052,+0.933
1704592200,+3.46,+24.527, +0.053,+0.933
1704592260,+3.46,+24.510, +0.053,+0.933
1704592320,+3.46,+24.519, +0.053,+0.933
1704592380,+3.46,+24.510, +0.052,+0.932
1704592440,+3.46,+24.493, +0.052,+0.933
1704592500,+3.46,+24.485, +0.051,+0.933
1704592560,+3.46,+24.485, +0.052,+0.933
1704592620,+3.46,+24.485, +0.053,+0.933
1704592680,+3.46,+24.493, +0.053,+0.933
1704592740,+3.46,+24.485, +0.052,+0.933
1704592800,+3.46,+24.477, +0.052,+0.933
1704592860,+3.46,+24.477, +0.052,+0.933
1704592920,+3.46,+24.477, +0.052,+0.933
1704592980,+3.46,+24.477, +0.052,+0.933
1704593040,+3.46,+24.477, +0.053,+0.933
1704593100,+3.46,+24.468, +0.052,+0.932
1704593160,+3.46,+24.460, +0.052,+0.933
1704593220,+3.46,+24.443, +0.052,+0.933
1704593280,+3.46,+24.443, +0.052,+0.933
1704593340,+3.46,+24.443, +0.052,+0.933
1704593400,+3.46,+24.426, +0.052,+0.932
1704593460,+3.46,+24.451, +0.053,+0.933
1704593520,+3.46,+24.451, +0.052,+0.933
1704593580,+3.46,+24.443, +0.052,+0.933
1704593640,+3.46,+24.443, +0.052,+0.933
1704593700,+3.46,+24.426, +0.052,+0.933
1704593760,+3.46,+24.443, +0.052,+0.933
1704593820,+3.46,+24.443, +0.052,+0.933
1704593880,+3.46,+24.418, +0.052,+0.933
1704593940,+3.46,+24.410, +0.052,+0.933
1704594000,+3.46,+24.426, +0.052,+0.933
1704594060,+3.46,+24.401, +0.053,+0.933
1704594120,+3.46,+24.418, +0.052,+0.933
1704594180,+3.46,+24.410, +0.052,+0.932
1704594240,+3.46,+24.401, +0.052,+0.933
1704594300,+3.46,+24.410, +0.052,+0.933
1704594360,+3.46,+24.401, +0.052,+0.933
1704594420,+3.46,+24.401, +0.052,+0.933
1704594480,+3.46,+24.401, +0.052,+0.933
1704594540,+3.46,+24.401, +0.052,+0.933
1704594600,+3.46,+24.393, +0.052,+0.933
1704594660,+3.46,+24.401, +0.052,+0.933
1704594720,+3.46,+24.376, +0.052,+0.933
1704594780,+3.46,+24.384, +0.052,+0.933
1704594840,+3.46,+24.384, +0.052,+0.933
1704594900,+3.46,+24.393, +0.052,+0.933
1704594960,+3.46,+24.376, +0.052,+0.932
1704595020,+3.46,+24.376, +0.052,+0.933
1704595080,+3.46,+24.376, +0.052,+0.933
1704595140,+3.46,+24.359, +0.052,+0.933
1704595200,+3.46,+24.368, +0.051,+0.933
1704595260,+3.46,+24.359, +0.052,+0.933
1704595320,+3.46,+24.342, +0.052,+0.933
1704595380,+3.46,+24.359, +0.052,+0.932
1704595440,+3.46,+24.351, +0.052,+0.933
1704595500,+3.46,+24.368, +0.052,+0.933
1704595560,+3.46,+24.368, +0.052,+0.933
1704595620,+3.46,+24.334, +0.052,+0.933
1704595680,+3.46,+24.351, +0.052,+0.933
1704595740,+3.46,+24.326, +0.052,+0.933
1704595800,+3.46,+24.342, +0.052,+0.933
1704595860,+3.46,+24.342, +0.052,+0.933
1704595920,+3.46,+24.334, +0.052,+0.933
1704595980,+3.46,+24.334, +0.052,+0.933
1704596040,+3.46,+24.317, +0.052,+0.933
1704596100,+3.46,+24.317, +0.052,+0.933
1704596160,+3.46,+24.309, +0.052,+0.933
1704596220,+3.46,+24.317, +0.051,+0.933
1704596280,+3.46,+24.300, +0.053,+0.933
1704596340,+3.46,+24.317, +0.052,+0.933
1704596400,+3.46,+24.300, +0.052,+0.933
1704596460,+3.46,+24.309, +0.052,+0.933
1704596520,+3.46,+24.284, +0.052,+0.933
1704596580,+3.46,+24.300, +0.053,+0.933
1704596640,+3.46,+24.284, +0.052,+0.933
1704596700,+3.46,+24.292, +0.052,+0.933
1704596760,+3.46,+24.292, +0.052,+0.933
1704596820,+3.45,+24.275, +0.052,+0.933
1704596880,+3.46,+24.300, +0.053,+0.933
1704596940,+3.46,+24.275, +0.052,+0.933
1704597000,+3.46,+24.275, +0.051,+0.932
1704597060,+3.45,+24.267, +0.052,+0.933
1704597120,+3.46,+24.284, +0.051,+0.933
1704597180,+3.46,+24.284, +0.052,+0.933
1704597240,+3.46,+24.250, +0.052,+0.933
1704597300,+3.45,+24.275, +0.052,+0.933
1704597360,+3.45,+24.267, +0.052,+0.933
1704597420,+3.45,+24.267, +0.052,+0.933
1704597480,+3.46,+24.259, +0.052,+0.933
1704597540,+3.46,+24.275, +0.051,+0.933
1704597600,+3.45,+24.242, +0.052,+0.933
1704597660,+3.46,+24.267, +0.052,+0.933
1704597720,+3.45,+24.259, +0.052,+0.933
1704597780,+3.45,+24.259, +0.053,+0.933
1704597840,+3.46,+24.259, +0.052,+0.933
1704597900,+3.45,+24.259, +0.051,+0.932
1704597960,+3.46,+24.250, +0.052,+0.933
1704598020,+3.45,+24.242, +0.052,+0.933
1704598080,+3.46,+24.250, +0.052,+0.933
1704598140,+3.45,+24.233, +0.051,+0.933
1704598200,+3.45,+24.233, +0.052,+0.933
1704598260,+3.45,+24.242, +0.052,+0.933
1704598320,+3.45,+24.250, +0.052,+0.933
1704598380,+3.46,+24.217, +0.052,+0.933
1704598440,+3.45,+24.233, +0.052,+0.933
1704598500,+3.45,+24.217, +0.052,+0.933
1704598560,+3.45,+24.217, +0.052,+0.933
1704598620,+3.45,+24.217, +0.052,+0.933
1704598680,+3.45,+24.208, +0.052,+0.933
1704598740,+3.45,+24.225, +0.051,+0.932
1704598800,+3.45,+24.225, +0.052,+0.933
1704598860,+3.45,+24.225, +0.052,+0.933
1704598920,+3.45,+24.217, +0.052,+0.933
1704598980,+3.45,+24.217, +0.051,+0.933
1704599040,+3.45,+24.191, +0.051,+0.933
1704599100,+3.45,+24.208, +0.052,+0.933
1704599160,+3.45,+24.200, +0.052,+0.933
1704599220,+3.45,+24.183, +0.052,+0.933
1704599280,+3.45,+24.200, +0.052,+0.933
1704599340,+3.45,+24.191, +0.051,+0.933
1704599400,+3.45,+24.191, +0.052,+0.933
1704599460,+3.45,+24.191, +0.052,+0.933
1704599520,+3.46,+24.200, +0.052,+0.933
1704599580,+3.46,+24.183, +0.052,+0.933
1704599640,+3.45,+24.166, +0.052,+0.933
1704599700,+3.45,+24.175, +0.052,+0.933
1704599760,+3.45,+24.175, +0.052,+0.933
1704599820,+3.45,+24.175, +0.051,+0.933
1704599880,+3.46,+24.158, +0.051,+0.933
1704599940,+3.45,+24.158, +0.051,+0.933
1704600000,+3.45,+24.166, +0.052,+0.933
1704600060,+3.45,+24.149, +0.052,+0.933
1704600120,+3.45,+24.149, +0.052,+0.933
1704600180,+3.45,+24.166, +0.051,+0.933
1704600240,+3.45,+24.158, +0.051,+0.933
1704600300,+3.45,+24.141, +0.052,+0.933
1704600360,+3.45,+24.141, +0.052,+0.933
1704600420,+3.46,+24.149, +0.052,+0.933
1704600480,+3.45,+24.149, +0.052,+0.933
1704600540,+3.46,+24.141, +0.052,+0.933
1704600600,+3.45,+24.141, +0.051,+0.933
1704600660,+3.45,+24.124, +0.052,+0.933
1704600720,+3.45,+24.158, +0.051,+0.933
1704600780,+3.45,+24.149, +0.051,+0.933
1704600840,+3.45,+24.124, +0.052,+0.933
1704600900,+3.45,+24.133, +0.051,+0.933
1704600960,+3.45,+24.133, +0.052,+0.933
1704601020,+3.45,+24.141, +0.052,+0.933
1704601080,+3.45,+24.133, +0.051,+0.933
1704601140,+3.46,+24.099, +0.051,+0.933
1704601200,+3.45,+24.108, +0.052,+0.933
1704601260,+3.45,+24.108, +0.052,+0.933
1704601320,+3.45,+24.108, +0.052,+0.933
1704601380,+3.46,+24.108, +0.051,+0.933
1704601440,+3.46,+24.099, +0.051,+0.933
1704601500,+3.46,+24.099, +0.052,+0.933
1704601560,+3.45,+24.082, +0.052,+0.933
1704601620,+3.45,+24.108, +0.051,+0.933
1704601680,+3.45,+24.091, +0.052,+0.933
1704601740,+3.45,+24.099, +0.052,+0.933
1704601800,+3.46,+24.091, +0.052,+0.933
1704601860,+3.45,+24.082, +0.053,+0.933
1704601920,+3.46,+24.082, +0.052,+0.933
1704601980,+3.46,+24.082, +0.051,+0.933
1704602040,+3.46,+24.091, +0.052,+0.933
1704602100,+3.46,+24.066, +0.052,+0.933
1704602160,+3.45,+24.066, +0.052,+0.933
1704602220,+3.46,+24.074, +0.052,+0.933
1704602280,+3.46,+24.074, +0.052,+0.933
1704602340,+3.46,+24.082, +0.051,+0.933
1704602400,+3.46,+24.082, +0.052,+0.933
1704602460,+3.46,+24.057, +0.051,+0.933
1704602520,+3.46,+24.057, +0.052,+0.933
1704602580,+3.46,+24.074, +0.052,+0.933
1704602640,+3.46,+24.066, +0.052,+0.933
1704602700,+3.46,+24.066, +0.051,+0.933
1704602760,+3.46,+24.066, +0.051,+0.933
1704602820,+3.46,+24.057, +0.052,+0.933
1704602880,+3.46,+24.049, +0.052,+0.933
1704602940,+3.46,+24.057, +0.051,+0.933
1704603000,+3.46,+24.049, +0.052,+0.933
1704603060,+3.46,+24.057, +0.051,+0.933
1704603120,+3.46,+24.066, +0.052,+0.933
1704603180,+3.46,+24.040, +0.052,+0.933
1704603240,+3.46,+24.040, +0.051,+0.933
1704603300,+3.46,+24.049, +0.052,+0.933
1704603360,+3.46,+24.049, +0.051,+0.933
1704603420,+3.46,+24.049, +0.051,+0.933
1704603480,+3.46,+24.040, +0.051,+0.933
1704603540,+3.46,+24.032, +0.051,+0.933
1704603600,+3.46,+24.032, +0.052,+0.933
1704603660,+3.46,+24.024, +0.052,+0.933
1704603720,+3.46,+24.024, +0.051,+0.933
1704603780,+3.46,+24.024, +0.052,+0.933
1704603840,+3.46,+24.007, +0.052,+0.933
1704603900,+3.46,+23.999, +0.052,+0.933
1704603960,+3.46,+24.007, +0.051,+0.933
1704604020,+3.46,+24.015, +0.052,+0.933
1704604080,+3.46,+23.982, +0.051,+0.933
1704604140,+3.46,+24.007, +0.051,+0.933
1704604200,+3.46,+23.999, +0.051,+0.933
1704604260,+3.46,+23.999, +0.052,+0.933
1704604320,+3.46,+23.999, +0.051,+0.933
1704604380,+3.46,+24.007, +0.052,+0.933
1704604440,+3.46,+23.999, +0.051,+0.933
1704604500,+3.46,+23.982, +0.051,+0.933
1704604560,+3.46,+23.999, +0.052,+0.933
1704604620,+3.46,+24.015, +0.051,+0.933
1704604680,+3.46,+23.982, +0.052,+0.933
1704604740,+3.46,+23.999, +0.051,+0.933
1704604800,+3.46,+24.007, +0.051,+0.933
1704604860,+3.46,+23.999, +0.052,+0.933
1704604920,+3.46,+23.982, +0.052,+0.933
1704604980,+3.46,+23.990, +0.052,+0.933
1704605040,+3.46,+23.990, +0.051,+0.933
1704605100,+3.46,+23.990, +0.051,+0.933
1704605160,+3.46,+23.982, +0.052,+0.933
1704605220,+3.46,+23.973, +0.051,+0.933
1704605280,+3.46,+23.957, +0.052,+0.933
1704605340,+3.46,+23.965, +0.052,+0.933
1704605400,+3.46,+23.965, +0.052,+0.933
1704605460,+3.46,+23.965, +0.052,+0.933
1704605520,+3.46,+23.973, +0.051,+0.933
1704605580,+3.46,+23.965, +0.051,+0.933
1704605640,+3.46,+23.948, +0.052,+0.933
1704605700,+3.46,+23.965, +0.052,+0.933
1704605760,+3.46,+23.948, +0.052,+0.933
1704605820,+3.46,+23.948, +0.052,+0.933
1704605880,+3.46,+23.982, +0.052,+0.933
1704605940,+3.46,+23.948, +0.052,+0.933
1704606000,+3.46,+23.940, +0.051,+0.933
1704606060,+3.46,+23.957, +0.051,+0.933
1704606120,+3.46,+23.932, +0.051,+0.933
1704606180,+3.46,+23.940, +0.059,+0.933
1704606240,+3.46,+23.940, +0.052,+0.933
1704606300,+3.46,+23.957, +0.051,+0.933
1704606360,+3.46,+23.948, +0.052,+0.933
1704606420,+3.46,+23.965, +0.051,+0.933
1704606480,+3.46,+23.932, +0.051,+0.933
1704606540,+3.46,+23.940, +0.051,+0.933
1704606600,+3.46,+23.940, +0.051,+0.933
1704606660,+3.46,+23.940, +0.051,+0.933
1704606720,+3.46,+23.932, +0.052,+0.933
1704606780,+3.46,+23.948, +0.051,+0.933
1704606840,+3.46,+23.923, +0.051,+0.932
1704606900,+3.46,+23.940, +0.051,+0.933
1704606960,+3.46,+23.932, +0.052,+0.933
1704607020,+3.46,+23.948, +0.052,+0.933
1704607080,+3.46,+23.915, +0.052,+0.933
1704607140,+3.46,+23.932, +0.051,+0.933
1704607200,+3.46,+23.932, +0.052,+0.933
1704607260,+3.46,+23.932, +0.051,+0.933
1704607320,+3.46,+23.932, +0.052,+0.933
1704607380,+3.46,+23.898, +0.052,+0.933
1704607440,+3.46,+23.906, +0.052,+0.933
1704607500,+3.46,+23.906, +0.052,+0.933
1704607560,+3.46,+23.898, +0.051,+0.933
1704607620,+3.46,+23.915, +0.051,+0.933
1704607680,+3.46,+23.906, +0.051,+0.932
1704607740,+3.46,+23.898, +0.052,+0.933
1704607800,+3.46,+23.881, +0.051,+0.933
1704607860,+3.46,+23.906, +0.051,+0.933
1704607920,+3.46,+23.890, +0.052,+0.933
1704607980,+3.46,+23.906, +0.052,+0.933
1704608040,+3.46,+23.898, +0.051,+0.933
1704608100,+3.46,+23.906, +0.051,+0.933
1704608160,+3.46,+23.890, +0.051,+0.933
1704608220,+3.46,+23.898, +0.051,+0.932
1704608280,+3.46,+23.890, +0.052,+0.933
1704608340,+3.46,+23.890, +0.051,+0.933
1704608400,+3.46,+23.881, +0.052,+0.933
1704608460,+3.46,+23.864, +0.052,+0.933
1704608520,+3.46,+23.873, +0.052,+0.933
1704608580,+3.46,+23.873, +0.051,+0.933
1704608640,+3.46,+23.881, +0.051,+0.933
1704608700,+3.46,+23.890, +0.051,+0.933
1704608760,+3.46,+23.881, +0.052,+0.933
1704608820,+3.46,+23.890, +0.052,+0.933
1704608880,+3.46,+23.864, +0.052,+0.933
1704608940,+3.46,+23.873, +0.051,+0.933
1704609000,+3.46,+23.873, +0.052,+0.933
1704609060,+3.46,+23.864, +0.051,+0.933
1704609120,+3.46,+23.864, +0.051,+0.933
1704609180,+3.46,+23.864, +0.051,+0.933
1704609240,+3.46,+23.864, +0.052,+0.933
1704609300,+3.46,+23.856, +0.051,+0.933
1704609360,+3.46,+23.856, +0.052,+0.933
1704609420,+3.46,+23.856, +0.052,+0.933
1704609480,+3.46,+23.848, +0.051,+0.933
1704609540,+3.46,+23.856, +0.051,+0.933
1704609600,+3.46,+23.848, +0.051,+0.933
1704609660,+3.46,+23.848, +0.051,+0.933
1704609720,+3.46,+23.848, +0.051,+0.933
1704609780,+3.46,+23.856, +0.051,+0.933
1704609840,+3.46,+23.864, +0.052,+0.933
1704609900,+3.46,+23.848, +0.052,+0.933
1704609960,+3.46,+23.848, +0.051,+0.933
1704610020,+3.46,+23.839, +0.052,+0.933
1704610080,+3.46,+23.839, +0.051,+0.932
1704610140,+3.46,+23.831, +0.052,+0.933
1704610200,+3.46,+23.839, +0.052,+0.933
1704610260,+3.46,+23.856, +0.051,+0.933
1704610320,+3.46,+23.839, +0.051,+0.933
1704610380,+3.46,+23.831, +0.052,+0.933
1704610440,+3.46,+23.831, +0.051,+0.933
1704610500,+3.46,+23.831, +0.052,+0.933
1704610560,+3.46,+23.839, +0.052,+0.933
1704610620,+3.46,+23.831, +0.051,+0.932
1704610680,+3.46,+23.839, +0.051,+0.933
1704610740,+3.46,+23.831, +0.051,+0.933
1704610800,+3.46,+23.823, +0.051,+0.933
1704610860,+3.46,+23.814, +0.052,+0.933
1704610920,+3.46,+23.823, +0.051,+0.933
1704610980,+3.46,+23.806, +0.051,+0.933
1704611040,+3.46,+23.823, +0.052,+0.933
1704611100,+3.46,+23.814, +0.051,+0.932
1704611160,+3.46,+23.823, +0.052,+0.933
1704611220,+3.46,+23.797, +0.051,+0.933
1704611280,+3.46,+23.823, +0.052,+0.933
1704611340,+3.46,+23.797, +0.051,+0.933
1704611400,+3.46,+23.797, +0.052,+0.933
1704611460,+3.46,+23.823, +0.051,+0.933
1704611520,+3.46,+23.814, +0.051,+0.933
1704611580,+3.46,+23.814, +0.052,+0.933
1704611640,+3.46,+23.806, +0.052,+0.933
1704611700,+3.46,+23.781, +0.052,+0.933
1704611760,+3.46,+23.806, +0.052,+0.933
1704611820,+3.46,+23.789, +0.051,+0.933
1704611880,+3.46,+23.797, +0.051,+0.933
1704611940,+3.46,+23.789, +0.051,+0.933
1704612000,+3.46,+23.797, +0.051,+0.933
1704612060,+3.46,+23.797, +0.051,+0.933
1704612120,+3.46,+23.797, +0.051,+0.933
1704612180,+3.46,+23.781, +0.051,+0.932
1704612240,+3.46,+23.806, +0.052,+0.933
1704612300,+3.46,+23.781, +0.052,+0.933
1704612360,+3.46,+23.781, +0.051,+0.933
1704612420,+3.46,+23.772, +0.051,+0.933
1704612480,+3.46,+23.781, +0.051,+0.933
1704612540,+3.46,+23.781, +0.052,+0.933
1704612600,+3.46,+23.781, +0.051,+0.933
1704612660,+3.46,+23.764, +0.052,+0.933
1704612720,+3.46,+23.764, +0.051,+0.933
1704612780,+3.46,+23.781, +0.052,+0.933
1704612840,+3.46,+23.764, +0.051,+0.933
1704612900,+3.46,+23.764, +0.051,+0.933
1704612960,+3.46,+23.781, +0.052,+0.933
1704613020,+3.46,+23.764, +0.051,+0.933
1704613080,+3.46,+23.764, +0.051,+0.933
1704613140,+3.46,+23.756, +0.053,+0.933
1704613200,+3.46,+23.756, +0.051,+0.933
1704613260,+3.46,+23.764, +0.051,+0.933
1704613320,+3.46,+23.747, +0.051,+0.933
1704613380,+3.46,+23.756, +0.051,+0.933
1704613440,+3.46,+23.739, +0.051,+0.933
1704613500,+3.46,+23.747, +0.051,+0.933
1704613560,+3.46,+23.747, +0.051,+0.933
1704613620,+3.46,+23.747, +0.051,+0.933
1704613680,+3.46,+23.747, +0.052,+0.933
1704613740,+3.46,+23.739, +0.051,+0.933
1704613800,+3.46,+23.739, +0.052,+0.933
1704613860,+3.46,+23.722, +0.051,+0.933
1704613920,+3.46,+23.730, +0.051,+0.933
1704613980,+3.46,+23.730, +0.052,+0.933
1704614040,+3.46,+23.739, +0.051,+0.933
1704614100,+3.46,+23.705, +0.051,+0.933
1704614160,+3.46,+23.722, +0.051,+0.933
1704614220,+3.46,+23.722, +0.051,+0.933
1704614280,+3.46,+23.722, +0.051,+0.933
1704614340,+3.46,+23.747, +0.051,+0.933
1704614400,+3.46,+23.722, +0.051,+0.933
1704614460,+3.46,+23.714, +0.051,+0.933
1704614520,+3.46,+23.722, +0.052,+0.933
1704614580,+3.46,+23.722, +0.051,+0.933
1704614640,+3.46,+23.714, +0.051,+0.933
1704614700,+3.46,+23.730, +0.051,+0.933
1704614760,+3.46,+23.714, +0.052,+0.933
1704614820,+3.46,+23.730, +0.051,+0.933
1704614880,+3.46,+23.722, +0.052,+0.933
1704614940,+3.46,+23.697, +0.052,+0.933
1704615000,+3.46,+23.705, +0.051,+0.933
1704615060,+3.46,+23.697, +0.051,+0.933
1704615120,+3.46,+23.714, +0.051,+0.933
1704615180,+3.46,+23.722, +0.051,+0.933
1704615240,+3.46,+23.714, +0.052,+0.933
1704615300,+3.46,+23.697, +0.052,+0.933
1704615360,+3.46,+23.689, +0.051,+0.933
1704615420,+3.46,+23.689, +0.052,+0.933
1704615480,+3.46,+23.697, +0.051,+0.933
1704615540,+3.46,+23.680, +0.051,+0.933
1704615600,+3.46,+23.697, +0.051,+0.933
1704615660,+3.46,+23.689, +0.051,+0.933
1704615720,+3.46,+23.697, +0.051,+0.933
1704615780,+3.46,+23.672, +0.051,+0.933
1704615840,+3.46,+23.689, +0.051,+0.933
1704615900,+3.46,+23.672, +0.051,+0.933
1704615960,+3.46,+23.689, +0.051,+0.933
1704616020,+3.46,+23.680, +0.051,+0.933
1704616080,+3.46,+23.680, +0.051,+0.933
1704616140,+3.46,+23.680, +0.051,+0.933
1704616200,+3.46,+23.689, +0.052,+0.933
1704616260,+3.46,+23.672, +0.051,+0.933
1704616320,+3.46,+23.672, +0.051,+0.933
1704616380,+3.46,+23.680, +0.051,+0.933
1704616440,+3.46,+23.663, +0.052,+0.933
1704616500,+3.46,+23.680, +0.051,+0.932
1704616560,+3.46,+23.672, +0.051,+0.932
1704616620,+3.46,+23.680, +0.052,+0.933
1704616680,+3.46,+23.680, +0.051,+0.933
1704616740,+3.46,+23.655, +0.052,+0.933
1704616800,+3.46,+23.655, +0.051,+0.933
1704616860,+3.46,+23.647, +0.051,+0.933
1704616920,+3.46,+23.672, +0.052,+0.933
1704616980,+3.46,+23.672, +0.051,+0.933
1704617040,+3.46,+23.663, +0.052,+0.933
1704617100,+3.46,+23.647, +0.052,+0.933
1704617160,+3.46,+23.655, +0.052,+0.933
1704617220,+3.46,+23.647, +0.051,+0.933
1704617280,+3.46,+23.622, +0.051,+0.933
1704617340,+3.46,+23.655, +0.051,+0.933
1704617400,+3.46,+23.647, +0.051,+0.933
1704617460,+3.46,+23.647, +0.051,+0.933
1704617520,+3.46,+23.638, +0.051,+0.933
1704617580,+3.46,+23.655, +0.051,+0.933
1704617640,+3.46,+23.647, +0.052,+0.933
1704617700,+3.46,+23.622, +0.051,+0.933
1704617760,+3.46,+23.638, +0.052,+0.933
1704617820,+3.46,+23.630, +0.051,+0.933
1704617880,+3.46,+23.613, +0.051,+0.933
1704617940,+3.46,+23.630, +0.051,+0.933
1704618000,+3.46,+23.613, +0.051,+0.933
1704618060,+3.46,+23.613, +0.051,+0.933
1704618120,+3.46,+23.613, +0.051,+0.933
1704618180,+3.46,+23.605, +0.051,+0.933
1704618240,+3.46,+23.613, +0.051,+0.933
1704618300,+3.46,+23.596, +0.052,+0.933
1704618360,+3.46,+23.613, +0.051,+0.933
1704618420,+3.46,+23.596, +0.051,+0.933
1704618480,+3.46,+23.613, +0.051,+0.933
1704618540,+3.46,+23.605, +0.051,+0.933
1704618600,+3.46,+23.605, +0.051,+0.933
1704618660,+3.46,+23.605, +0.051,+0.933
1704618720,+3.46,+23.605, +0.051,+0.933
1704618780,+3.46,+23.588, +0.051,+0.933
1704618840,+3.46,+23.596, +0.051,+0.933
1704618900,+3.46,+23.580, +0.051,+0.933
1704618960,+3.46,+23.588, +0.052,+0.933
1704619020,+3.46,+23.613, +0.051,+0.933
1704619080,+3.46,+23.605, +0.051,+0.933
1704619140,+3.46,+23.605, +0.051,+0.933
1704619200,+3.46,+23.588, +0.051,+0.933
1704619260,+3.46,+23.580, +0.051,+0.933
1704619320,+3.46,+23.555, +0.051,+0.933
1704619380,+3.46,+23.571, +0.051,+0.933
1704619440,+3.46,+23.580, +0.051,+0.933
1704619500,+3.46,+23.563, +0.051,+0.933
1704619560,+3.46,+23.563, +0.051,+0.933
1704619620,+3.46,+23.571, +0.052,+0.933
1704619680,+3.46,+23.563, +0.051,+0.933
1704619740,+3.46,+23.571, +0.051,+0.933
1704619800,+3.46,+23.571, +0.052,+0.933
1704619860,+3.46,+23.555, +0.051,+0.933
1704619920,+3.46,+23.563, +0.051,+0.933
1704619980,+3.46,+23.563, +0.051,+0.933
1704620040,+3.46,+23.546, +0.051,+0.933
1704620100,+3.46,+23.555, +0.051,+0.933
1704620160,+3.46,+23.546, +0.052,+0.933
1704620220,+3.46,+23.555, +0.050,+0.933
1704620280,+3.46,+23.563, +0.051,+0.933
1704620340,+3.46,+23.546, +0.051,+0.933
1704620400,+3.46,+23.546, +0.051,+0.933
1704620460,+3.46,+23.546, +0.051,+0.933
1704620520,+3.46,+23.555, +0.051,+0.933
1704620580,+3.46,+23.538, +0.051,+0.933
1704620640,+3.46,+23.521, +0.052,+0.933
1704620700,+3.46,+23.538, +0.051,+0.933
1704620760,+3.46,+23.538, +0.051,+0.933
1704620820,+3.46,+23.546, +0.051,+0.933
1704620880,+3.46,+23.513, +0.051,+0.933
1704620940,+3.46,+23.521, +0.052,+0.933
1704621000,+3.46,+23.529, +0.051,+0.933
1704621060,+3.46,+23.521, +0.052,+0.933
1704621120,+3.46,+23.521, +0.051,+0.933
1704621180,+3.46,+23.529, +0.051,+0.933
1704621240,+3.46,+23.513, +0.051,+0.933
1704621300,+3.46,+23.521, +0.052,+0.933
1704621360,+3.46,+23.513, +0.051,+0.933
1704621420,+3.46,+23.521, +0.051,+0.933
1704621480,+3.46,+23.504, +0.051,+0.933
1704621540,+3.46,+23.513, +0.051,+0.933
1704621600,+3.46,+23.504, +0.051,+0.933
1704621660,+3.46,+23.513, +0.051,+0.933
1704621720,+3.46,+23.513, +0.051,+0.933
1704621780,+3.46,+23.496, +0.052,+0.933
1704621840,+3.46,+23.504, +0.051,+0.933
1704621900,+3.46,+23.479, +0.051,+0.933
1704621960,+3.46,+23.488, +0.051,+0.933
1704622020,+3.46,+23.488, +0.051,+0.933
1704622080,+3.46,+23.488, +0.051,+0.933
1704622140,+3.46,+23.488, +0.050,+0.933
1704622200,+3.46,+23.504, +0.051,+0.933
1704622260,+3.46,+23.496, +0.051,+0.933
1704622320,+3.46,+23.488, +0.052,+0.933
1704622380,+3.46,+23.471, +0.051,+0.933
1704622440,+3.46,+23.488, +0.051,+0.933
1704622500,+3.46,+23.496, +0.051,+0.933
1704622560,+3.46,+23.471, +0.051,+0.933
1704622620,+3.46,+23.471, +0.051,+0.933
1704622680,+3.46,+23.462, +0.051,+0.933
1704622740,+3.46,+23.462, +0.051,+0.933
1704622800,+3.46,+23.454, +0.052,+0.933
1704622860,+3.46,+23.471, +0.051,+0.933
1704622920,+3.46,+23.471, +0.052,+0.933
1704622980,+3.46,+23.454, +0.051,+0.933
1704623040,+3.46,+23.471, +0.051,+0.933
1704623100,+3.46,+23.471, +0.051,+0.933
1704623160,+3.46,+23.471, +0.051,+0.933
1704623220,+3.46,+23.462, +0.051,+0.933
1704623280,+3.46,+23.462, +0.051,+0.933
1704623340,+3.46,+23.462, +0.051,+0.933
1704623400,+3.46,+23.462, +0.051,+0.933
1704623460,+3.46,+23.462, +0.051,+0.933
1704623520,+3.46,+23.446, +0.050,+0.933
1704623580,+3.46,+23.454, +0.052,+0.933
1704623640,+3.46,+23.462, +0.051,+0.933
1704623700,+3.46,+23.437, +0.052,+0.933
1704623760,+3.46,+23.454, +0.052,+0.933
1704623820,+3.46,+23.446, +0.051,+0.933
1704623880,+3.46,+23.437, +0.051,+0.933
1704623940,+3.46,+23.446, +0.051,+0.933
1704624000,+3.46,+23.454, +0.052,+0.933
1704624060,+3.46,+23.437, +0.051,+0.933
1704624120,+3.46,+23.437, +0.051,+0.933
1704624180,+3.46,+23.437, +0.051,+0.933
1704624240,+3.46,+23.421, +0.051,+0.933
1704624300,+3.46,+23.446, +0.051,+0.933
1704624360,+3.46,+23.429, +0.051,+0.933
1704624420,+3.46,+23.421, +0.052,+0.933
1704624480,+3.46,+23.429, +0.052,+0.933
1704624540,+3.46,+23.421, +0.051,+0.933
1704624600,+3.46,+23.412, +0.052,+0.933
1704624660,+3.46,+23.437, +0.051,+0.933
1704624720,+3.46,+23.404, +0.051,+0.933
1704624780,+3.46,+23.395, +0.051,+0.933
1704624840,+3.46,+23.395, +0.051,+0.933
1704624900,+3.46,+23.412, +0.050,+0.933
1704624960,+3.46,+23.395, +0.051,+0.933
1704625020,+3.46,+23.387, +0.051,+0.933
1704625080,+3.46,+23.404, +0.050,+0.933
1704625140,+3.46,+23.387, +0.051,+0.933
1704625200,+3.46,+23.404, +0.051,+0.933
1704625260,+3.46,+23.387, +0.051,+0.933
1704625320,+3.46,+23.387, +0.051,+0.933
1704625380,+3.46,+23.370, +0.051,+0.933
1704625440,+3.46,+23.370, +0.051,+0.933
1704625500,+3.46,+23.379, +0.051,+0.932
1704625560,+3.46,+23.379, +0.051,+0.933
1704625620,+3.46,+23.370, +0.051,+0.933
1704625680,+3.46,+23.379, +0.051,+0.933
1704625740,+3.46,+23.370, +0.051,+0.933
1704625800,+3.46,+23.395, +0.051,+0.933
1704625860,+3.46,+23.379, +0.051,+0.933
1704625920,+3.46,+23.362, +0.051,+0.933
1704625980,+3.46,+23.379, +0.050,+0.933
1704626040,+3.46,+23.379, +0.051,+0.933
1704626100,+3.46,+23.362, +0.051,+0.933
1704626160,+3.46,+23.354, +0.051,+0.933
1704626220,+3.46,+23.362, +0.052,+0.933
1704626280,+3.46,+23.345, +0.051,+0.933
1704626340,+3.46,+23.345, +0.051,+0.933
1704626400,+3.46,+23.345, +0.051,+0.933
1704626460,+3.46,+23.362, +0.051,+0.933
1704626520,+3.46,+23.370, +0.051,+0.933
1704626580,+3.46,+23.354, +0.052,+0.933
1704626640,+3.46,+23.345, +0.051,+0.933
1704626700,+3.46,+23.354, +0.051,+0.933
1704626760,+3.46,+23.354, +0.051,+0.933
1704626820,+3.46,+23.354, +0.052,+0.933
1704626880,+3.46,+23.328, +0.051,+0.933
1704626940,+3.46,+23.337, +0.051,+0.933
1704627000,+3.46,+23.337, +0.051,+0.933
1704627060,+3.46,+23.328, +0.051,+0.933
1704627120,+3.46,+23.320, +0.051,+0.933
1704627180,+3.46,+23.345, +0.051,+0.933
1704627240,+3.46,+23.320, +0.051,+0.933
1704627300,+3.46,+23.345, +0.051,+0.933
1704627360,+3.46,+23.345, +0.051,+0.933
1704627420,+3.46,+23.320, +0.052,+0.933
1704627480,+3.46,+23.337, +0.051,+0.933
1704627540,+3.46,+23.337, +0.051,+0.933
1704627600,+3.46,+23.328, +0.050,+0.933
1704627660,+3.46,+23.320, +0.051,+0.933
1704627720,+3.46,+23.328, +0.051,+0.933
1704627780,+3.46,+23.320, +0.051,+0.933
1704627840,+3.46,+23.312, +0.052,+0.933
1704627900,+3.46,+23.303, +0.052,+0.933
1704627960,+3.46,+23.312, +0.051,+0.933
1704628020,+3.46,+23.303, +0.051,+0.933
1704628080,+3.46,+23.303, +0.051,+0.933
1704628140,+3.46,+23.320, +0.051,+0.933
1704628200,+3.46,+23.320, +0.050,+0.933
1704628260,+3.46,+23.312, +0.051,+0.933
1704628320,+3.46,+23.312, +0.051,+0.933
1704628380,+3.46,+23.303, +0.051,+0.933
1704628440,+3.46,+23.312, +0.051,+0.933
1704628500,+3.46,+23.303, +0.051,+0.933
1704628560,+3.46,+23.295, +0.051,+0.933
1704628620,+3.46,+23.287, +0.051,+0.933
1704628680,+3.46,+23.295, +0.051,+0.933
1704628740,+3.46,+23.278, +0.051,+0.933
1704628800,+3.46,+23.287, +0.051,+0.933
1704628860,+3.46,+23.303, +0.051,+0.933
1704628920,+3.46,+23.295, +0.051,+0.933
1704628980,+3.46,+23.312, +0.051,+0.933
1704629040,+3.46,+23.295, +0.051,+0.933
1704629100,+3.46,+23.295, +0.051,+0.933
1704629160,+3.46,+23.312, +0.051,+0.933
1704629220,+3.46,+23.278, +0.051,+0.933
1704629280,+3.46,+23.270, +0.051,+0.933
1704629340,+3.46,+23.278, +0.051,+0.933
1704629400,+3.46,+23.295, +0.051,+0.933
1704629460,+3.46,+23.287, +0.051,+0.933
1704629520,+3.46,+23.270, +0.051,+0.933
1704629580,+3.46,+23.278, +0.051,+0.933
1704629640,+3.46,+23.278, +0.052,+0.933
1704629700,+3.46,+23.278, +0.051,+0.933
1704629760,+3.46,+23.278, +0.051,+0.933
1704629820,+3.46,+23.295, +0.051,+0.933
1704629880,+3.46,+23.261, +0.051,+0.933
1704629940,+3.46,+23.270, +0.051,+0.933
1704630000,+3.46,+23.278, +0.051,+0.933
1704630060,+3.46,+23.270, +0.051,+0.933
1704630120,+3.46,+23.270, +0.051,+0.933
1704630180,+3.46,+23.261, +0.051,+0.933
1704630240,+3.46,+23.270, +0.051,+0.933
1704630300,+3.46,+23.261, +0.051,+0.933
1704630360,+3.46,+23.270, +0.051,+0.933
1704630420,+3.46,+23.261, +0.051,+0.933
1704630480,+3.46,+23.261, +0.051,+0.933
1704630540,+3.46,+23.261, +0.051,+0.933
1704630600,+3.46,+23.270, +0.051,+0.933
1704630660,+3.46,+23.270, +0.050,+0.933
1704630720,+3.46,+23.261, +0.051,+0.933
1704630780,+3.46,+23.295, +0.051,+0.933
1704630840,+3.46,+23.278, +0.051,+0.933
1704630900,+3.46,+23.278, +0.051,+0.933
1704630960,+3.46,+23.261, +0.051,+0.933
1704631020,+3.46,+23.261, +0.051,+0.933
1704631080,+3.46,+23.261, +0.051,+0.933
1704631140,+3.46,+23.245, +0.051,+0.933
1704631200,+3.46,+23.236, +0.051,+0.933
1704631260,+3.46,+23.253, +0.051,+0.933
1704631320,+3.46,+23.245, +0.051,+0.933
1704631380,+3.46,+23.245, +0.051,+0.933
1704631440,+3.46,+23.261, +0.051,+0.933
1704631500,+3.46,+23.236, +0.051,+0.933
1704631560,+3.45,+23.253, +0.051,+0.933
1704631620,+3.46,+23.261, +0.051,+0.933
1704631680,+3.46,+23.245, +0.051,+0.933
1704631740,+3.46,+23.236, +0.051,+0.933
1704631800,+3.46,+23.253, +0.051,+0.933
1704631860,+3.46,+23.245, +0.051,+0.933
1704631920,+3.45,+23.236, +0.051,+0.933
1704631980,+3.46,+23.236, +0.051,+0.933
1704632040,+3.46,+23.253, +0.051,+0.933
1704632100,+3.46,+23.253, +0.051,+0.933
1704632160,+3.46,+23.245, +0.051,+0.933
1704632220,+3.46,+23.253, +0.051,+0.933
1704632280,+3.46,+23.245, +0.051,+0.932
1704632340,+3.46,+23.253, +0.051,+0.933
1704632400,+3.46,+23.253, +0.051,+0.933
1704632460,+3.46,+23.253, +0.051,+0.933
1704632520,+3.46,+23.253, +0.051,+0.933
1704632580,+3.46,+23.253, +0.051,+0.933
1704632640,+3.45,+23.245, +0.051,+0.933
1704632700,+3.46,+23.261, +0.051,+0.933
1704632760,+3.46,+23.261, +0.051,+0.933
1704632820,+3.46,+23.253, +0.051,+0.933
1704632880,+3.46,+23.245, +0.051,+0.933
1704632940,+3.46,+23.270, +0.051,+0.933
1704633000,+3.46,+23.270, +0.050,+0.933
1704633060,+3.46,+23.253, +0.051,+0.933
1704633120,+3.46,+23.270, +0.051,+0.933
1704633180,+3.46,+23.270, +0.051,+0.933
1704633240,+3.46,+23.270, +0.051,+0.933
1704633300,+3.46,+23.278, +0.051,+0.933
1704633360,+3.46,+23.253, +0.051,+0.933
1704633420,+3.46,+23.253, +0.051,+0.933
1704633480,+3.45,+23.261, +0.051,+0.933
1704633540,+3.46,+23.270, +0.051,+0.933
1704633600,+3.45,+23.261, +0.052,+0.933
1704633660,+3.46,+23.270, +0.051,+0.933
1704633720,+3.46,+23.253, +0.051,+0.933
1704633780,+3.46,+23.270, +0.051,+0.932
1704633840,+3.46,+23.270, +0.052,+0.933
1704633900,+3.46,+23.278, +0.051,+0.933
1704633960,+3.46,+23.287, +0.051,+0.933
1704634020,+3.46,+23.303, +0.051,+0.933
1704634080,+3.46,+23.320, +0.051,+0.933
1704634140,+3.46,+23.320, +0.051,+0.933
1704634200,+3.46,+23.312, +0.051,+0.933
1704634260,+3.46,+23.320, +0.051,+0.933
1704634320,+3.46,+23.312, +0.051,+0.933
1704634380,+3.46,+23.312, +0.051,+0.933
1704634440,+3.46,+23.337, +0.051,+0.933
1704634500,+3.46,+23.312, +0.051,+0.933
1704634560,+3.46,+23.337, +0.051,+0.933
1704634620,+3.46,+23.320, +0.051,+0.933
1704634680,+3.46,+23.303, +0.051,+0.933
1704634740,+3.46,+23.320, +0.051,+0.933
1704634800,+3.46,+23.320, +0.051,+0.933
1704634860,+3.46,+23.320, +0.051,+0.933
1704634920,+3.46,+23.320, +0.051,+0.933
1704634980,+3.46,+23.312, +0.051,+0.933
1704635040,+3.46,+23.303, +0.051,+0.933
1704635100,+3.46,+23.320, +0.050,+0.932
1704635160,+3.46,+23.295, +0.052,+0.933
1704635220,+3.46,+23.312, +0.052,+0.933
1704635280,+3.46,+23.312, +0.051,+0.933
1704635340,+3.46,+23.320, +0.051,+0.932
1704635400,+3.46,+23.320, +0.050,+0.933
1704635460,+3.46,+23.312, +0.050,+0.933
1704635520,+3.46,+23.328, +0.051,+0.933
1704635580,+3.46,+23.328, +0.051,+0.933
1704635640,+3.46,+23.320, +0.051,+0.932
1704635700,+3.46,+23.328, +0.052,+0.933
1704635760,+3.46,+23.312, +0.051,+0.933
1704635820,+3.46,+23.320, +0.051,+0.933
1704635880,+3.46,+23.328, +0.051,+0.933
1704635940,+3.46,+23.328, +0.051,+0.933
1704636000,+3.46,+23.337, +0.050,+0.932
1704636060,+3.46,+23.328, +0.051,+0.933
1704636120,+3.46,+23.337, +0.051,+0.933
1704636180,+3.46,+23.320, +0.051,+0.932
1704636240,+3.46,+23.345, +0.051,+0.932
1704636300,+3.46,+23.345, +0.051,+0.932
1704636360,+3.46,+23.337, +0.051,+0.933
1704636420,+3.46,+23.328, +0.051,+0.933
1704636480,+3.46,+23.354, +0.051,+0.932
1704636540,+3.46,+23.345, +0.051,+0.933
1704636600,+3.46,+23.354, +0.051,+0.933
1704636660,+3.46,+23.345, +0.051,+0.932
1704636720,+3.46,+23.337, +0.051,+0.933
1704636780,+3.46,+23.345, +0.051,+0.932
1704636840,+3.46,+23.370, +0.050,+0.932
1704636900,+3.46,+23.345, +0.051,+0.932
1704636960,+3.46,+23.370, +0.051,+0.932
1704637020,+3.46,+23.370, +0.051,+0.933
1704637080,+3.46,+23.354, +0.051,+0.932
1704637140,+3.46,+23.379, +0.052,+0.933
1704637200,+3.46,+23.370, +0.051,+0.932
1704637260,+3.46,+23.370, +0.050,+0.932
1704637320,+3.46,+23.379, +0.051,+0.932
1704637380,+3.46,+23.370, +0.051,+0.932
1704637440,+3.46,+23.370, +0.051,+0.932
1704637500,+3.46,+23.370, +0.051,+0.932
1704637560,+3.46,+23.387, +0.051,+0.932
1704637620,+3.46,+23.395, +0.051,+0.932
1704637680,+3.46,+23.387, +0.051,+0.932
1704637740,+3.46,+23.421, +0.051,+0.932
1704637800,+3.46,+23.387, +0.051,+0.932
1704637860,+3.46,+23.395, +0.051,+0.932
1704637920,+3.46,+23.395, +0.051,+0.932
1704637980,+3.46,+23.404, +0.051,+0.932
1704638040,+3.46,+23.395, +0.051,+0.932
1704638100,+3.46,+23.421, +0.050,+0.932
1704638160,+3.46,+23.412, +0.050,+0.932
1704638220,+3.46,+23.421, +0.051,+0.932
1704638280,+3.46,+23.395, +0.051,+0.932
1704638340,+3.46,+23.429, +0.051,+0.932
1704638400,+3.46,+23.421, +0.051,+0.933
1704638460,+3.46,+23.437, +0.051,+0.932
1704638520,+3.46,+23.454, +0.052,+0.932
1704638580,+3.46,+23.429, +0.051,+0.932
1704638640,+3.46,+23.454, +0.051,+0.932
1704638700,+3.46,+23.454, +0.051,+0.932
1704638760,+3.46,+23.462, +0.051,+0.932
1704638820,+3.46,+23.454, +0.051,+0.932
1704638880,+3.46,+23.454, +0.051,+0.932
1704638940,+3.46,+23.446, +0.051,+0.932
1704639000,+3.46,+23.471, +0.051,+0.932
1704639060,+3.46,+23.488, +0.051,+0.932
1704639120,+3.46,+23.471, +0.051,+0.932
1704639180,+3.46,+23.471, +0.051,+0.932
1704639240,+3.46,+23.488, +0.051,+0.932
1704639300,+3.46,+23.496, +0.050,+0.932
1704639360,+3.46,+23.504, +0.051,+0.932
1704639420,+3.46,+23.504, +0.050,+0.932
1704639480,+3.46,+23.521, +0.051,+0.932
1704639540,+3.46,+23.529, +0.051,+0.932
1704639600,+3.46,+23.521, +0.051,+0.932
1704639660,+3.46,+23.555, +0.051,+0.932
1704639720,+3.46,+23.546, +0.051,+0.932
1704639780,+3.46,+23.571, +0.051,+0.932
1704639840,+3.46,+23.555, +0.051,+0.932
1704639900,+3.46,+23.555, +0.051,+0.932
1704639960,+3.46,+23.563, +0.051,+0.932
1704640020,+3.46,+23.555, +0.051,+0.932
1704640080,+3.46,+23.571, +0.051,+0.932
1704640140,+3.46,+23.546, +0.051,+0.932
1704640200,+3.46,+23.538, +0.051,+0.932
1704640260,+3.46,+23.571, +0.051,+0.932
1704640320,+3.46,+23.555, +0.051,+0.932
1704640380,+3.46,+23.563, +0.051,+0.932
1704640440,+3.46,+23.546, +0.051,+0.932
1704640500,+3.46,+23.563, +0.051,+0.932
1704640560,+3.46,+23.563, +0.051,+0.932
1704640620,+3.46,+23.580, +0.051,+0.932
1704640680,+3.46,+23.580, +0.051,+0.932
1704640740,+3.46,+23.630, +0.051,+0.932
1704640800,+3.46,+23.596, +0.051,+0.932
1704640860,+3.46,+23.613, +0.051,+0.932
1704640920,+3.46,+23.630, +0.051,+0.932
1704640980,+3.46,+23.622, +0.051,+0.932
1704641040,+3.46,+23.647, +0.050,+0.932
1704641100,+3.46,+23.647, +0.051,+0.932
1704641160,+3.46,+23.655, +0.050,+0.932
1704641220,+3.46,+23.663, +0.051,+0.932
1704641280,+3.46,+23.663, +0.051,+0.932
1704641340,+3.46,+23.672, +0.051,+0.932
1704641400,+3.46,+23.672, +0.051,+0.932
1704641460,+3.46,+23.672, +0.051,+0.932
1704641520,+3.46,+23.672, +0.051,+0.932
1704641580,+3.46,+23.672, +0.051,+0.932
1704641640,+3.46,+23.697, +0.051,+0.932
1704641700,+3.46,+23.680, +0.051,+0.932
1704641760,+3.46,+23.714, +0.051,+0.932
1704641820,+3.46,+23.714, +0.051,+0.932
1704641880,+3.46,+23.722, +0.051,+0.932
1704641940,+3.46,+23.689, +0.051,+0.932
1704642000,+3.46,+23.689, +0.051,+0.932
1704642060,+3.46,+23.697, +0.051,+0.932
1704642120,+3.46,+23.705, +0.051,+0.932
1704642180,+3.46,+23.722, +0.050,+0.932
1704642240,+3.46,+23.722, +0.051,+0.932
1704642300,+3.46,+23.722, +0.051,+0.932
1704642360,+3.45,+23.739, +0.050,+0.932
1704642420,+3.45,+23.722, +0.051,+0.932
1704642480,+3.46,+23.722, +0.051,+0.932
1704642540,+3.46,+23.756, +0.051,+0.932
1704642600,+3.45,+23.764, +0.051,+0.932
1704642660,+3.45,+23.797, +0.051,+0.932
1704642720,+3.45,+23.789, +0.051,+0.932
1704642780,+3.45,+23.814, +0.051,+0.932
1704642840,+3.45,+23.831, +0.052,+0.932
1704642900,+3.45,+23.848, +0.051,+0.932
1704642960,+3.45,+23.839, +0.051,+0.932
1704643020,+3.45,+23.831, +0.051,+0.932
1704643080,+3.45,+23.864, +0.051,+0.932
1704643140,+3.45,+23.856, +0.051,+0.932
1704643200,+3.45,+23.881, +0.051,+0.932
1704643260,+3.45,+23.864, +0.051,+0.932
1704643320,+3.45,+23.864, +0.051,+0.932
1704643380,+3.45,+23.873, +0.051,+0.932
1704643440,+3.45,+23.873, +0.051,+0.932
1704643500,+3.45,+23.906, +0.051,+0.932
1704643560,+3.45,+23.906, +0.052,+0.932
1704643620,+3.45,+23.915, +0.051,+0.932
1704643680,+3.45,+23.915, +0.051,+0.932
1704643740,+3.45,+23.915, +0.051,+0.932
1704643800,+3.45,+23.906, +0.051,+0.932
1704643860,+3.45,+23.940, +0.051,+0.932
1704643920,+3.45,+23.923, +0.051,+0.932
1704643980,+3.45,+23.940, +0.051,+0.932
1704644040,+3.45,+23.957, +0.051,+0.932
1704644100,+3.45,+23.973, +0.051,+0.932
1704644160,+3.45,+23.999, +0.050,+0.932
1704644220,+3.45,+23.982, +0.051,+0.932
1704644280,+3.45,+23.982, +0.051,+0.932
1704644340,+3.45,+24.007, +0.051,+0.932
1704644400,+3.45,+24.032, +0.051,+0.932
1704644460,+3.45,+24.024, +0.051,+0.932
1704644520,+3.45,+24.040, +0.051,+0.932
1704644580,+3.45,+24.032, +0.051,+0.932
1704644640,+3.45,+24.040, +0.052,+0.932
1704644700,+3.45,+24.049, +0.051,+0.932
1704644760,+3.45,+24.049, +0.051,+0.932
1704644820,+3.45,+24.057, +0.051,+0.932
1704644880,+3.45,+24.074, +0.052,+0.932
1704644940,+3.45,+24.116, +0.051,+0.932
1704645000,+3.45,+24.124, +0.051,+0.932
1704645060,+3.45,+24.158, +0.051,+0.932
1704645120,+3.45,+24.175, +0.051,+0.932
1704645180,+3.45,+24.200, +0.051,+0.932
1704645240,+3.45,+24.200, +0.052,+0.932
1704645300,+3.45,+24.233, +0.051,+0.932
1704645360,+3.45,+24.267, +0.051,+0.932
1704645420,+3.45,+24.267, +0.052,+0.932
1704645480,+3.45,+24.284, +0.051,+0.932
1704645540,+3.45,+24.250, +0.051,+0.932
1704645600,+3.45,+24.259, +0.051,+0.932
1704645660,+3.45,+24.259, +0.052,+0.932
1704645720,+3.45,+24.250, +0.051,+0.932
1704645780,+3.45,+24.217, +0.051,+0.932
1704645840,+3.45,+24.217, +0.051,+0.932
1704645900,+3.45,+24.225, +0.051,+0.932
1704645960,+3.45,+24.217, +0.051,+0.932
1704646020,+3.45,+24.233, +0.051,+0.932
1704646080,+3.45,+24.233, +0.051,+0.932
1704646140,+3.45,+24.259, +0.051,+0.932
1704646200,+3.45,+24.284, +0.052,+0.932
1704646260,+3.45,+24.292, +0.051,+0.932
1704646320,+3.45,+24.284, +0.051,+0.932
1704646380,+3.45,+24.292, +0.051,+0.932
1704646440,+3.45,+24.300, +0.051,+0.932
1704646500,+3.45,+24.300, +0.051,+0.932
1704646560,+3.45,+24.309, +0.052,+0.932
1704646620,+3.45,+24.300, +0.051,+0.932
1704646680,+3.45,+24.300, +0.051,+0.932
1704646740,+3.45,+24.292, +0.052,+0.932
1704646800,+3.45,+24.300, +0.051,+0.932
1704646860,+3.45,+24.300, +0.051,+0.931
1704646920,+3.45,+24.309, +0.051,+0.932
1704646980,+3.46,+24.317, +0.051,+0.932
1704647040,+3.46,+24.317, +0.051,+0.932
1704647100,+3.45,+24.317, +0.052,+0.932
1704647160,+3.46,+24.342, +0.052,+0.932
1704647220,+3.46,+24.342, +0.051,+0.932
1704647280,+3.45,+24.326, +0.051,+0.932
1704647340,+3.46,+24.326, +0.051,+0.932
1704647400,+3.46,+24.359, +0.051,+0.932
1704647460,+3.46,+24.342, +0.051,+0.932
1704647520,+3.46,+24.351, +0.051,+0.932
1704647580,+3.46,+24.368, +0.052,+0.932
1704647640,+3.46,+24.393, +0.051,+0.932
1704647700,+3.46,+24.426, +0.051,+0.932
1704647760,+3.46,+24.401, +0.051,+0.931
1704647820,+3.46,+24.418, +0.051,+0.931
1704647880,+3.46,+24.418, +0.051,+0.932
1704647940,+3.46,+24.451, +0.051,+0.932
1704648000,+3.46,+24.418, +0.051,+0.931
1704648060,+3.46,+24.418, +0.051,+0.932
1704648120,+3.46,+24.435, +0.051,+0.932
1704648180,+3.46,+24.410, +0.052,+0.932
1704648240,+3.46,+24.443, +0.051,+0.931
1704648300,+3.46,+24.426, +0.051,+0.932
1704648360,+3.46,+24.443, +0.051,+0.932
1704648420,+3.46,+24.443, +0.051,+0.932
1704648480,+3.46,+24.418, +0.052,+0.932
1704648540,+3.46,+24.435, +0.051,+0.932
1704648600,+3.46,+24.426, +0.051,+0.932
1704648660,+3.46,+24.435, +0.051,+0.932
1704648720,+3.46,+24.451, +0.051,+0.932
1704648780,+3.46,+24.460, +0.051,+0.931
1704648840,+3.46,+24.460, +0.051,+0.931
1704648900,+3.46,+24.451, +0.052,+0.932
1704648960,+3.46,+24.460, +0.052,+0.932
1704649020,+3.46,+24.485, +0.052,+0.932
1704649080,+3.46,+24.493, +0.051,+0.931
1704649140,+3.46,+24.502, +0.051,+0.931
1704649200,+3.46,+24.502, +0.052,+0.932
1704649260,+3.46,+24.527, +0.051,+0.932
1704649320,+3.46,+24.510, +0.051,+0.932
1704649380,+3.46,+24.502, +0.051,+0.932
1704649440,+3.46,+24.527, +0.052,+0.932
1704649500,+3.46,+24.544, +0.051,+0.932
1704649560,+3.46,+24.527, +0.051,+0.932
1704649620,+3.46,+24.544, +0.051,+0.931
1704649680,+3.46,+24.552, +0.052,+0.932
1704649740,+3.46,+24.577, +0.052,+0.932
1704649800,+3.46,+24.594, +0.052,+0.932
1704649860,+3.46,+24.603, +0.052,+0.932
1704649920,+3.46,+24.611, +0.052,+0.932
1704649980,+3.46,+24.611, +0.052,+0.932
1704650040,+3.46,+24.645, +0.051,+0.931
1704650100,+3.46,+24.619, +0.052,+0.932
1704650160,+3.46,+24.636, +0.051,+0.931
1704650220,+3.46,+24.661, +0.051,+0.932
1704650280,+3.46,+24.678, +0.051,+0.932
1704650340,+3.46,+24.695, +0.052,+0.932
1704650400,+3.46,+24.695, +0.052,+0.932
1704650460,+3.46,+24.712, +0.051,+0.931
1704650520,+3.46,+24.695, +0.052,+0.932
1704650580,+3.46,+24.687, +0.051,+0.932
1704650640,+3.46,+24.678, +0.051,+0.932
1704650700,+3.46,+24.670, +0.052,+0.932
1704650760,+3.46,+24.712, +0.052,+0.931
1704650820,+3.46,+24.720, +0.051,+0.931
1704650880,+3.46,+24.712, +0.052,+0.932
1704650940,+3.46,+24.737, +0.051,+0.931
1704651000,+3.46,+24.745, +0.052,+0.932
1704651060,+3.46,+24.745, +0.052,+0.931
1704651120,+3.46,+24.771, +0.052,+0.931
1704651180,+3.46,+24.762, +0.051,+0.932
1704651240,+3.46,+24.779, +0.052,+0.932
1704651300,+3.46,+24.787, +0.052,+0.931
1704651360,+3.46,+24.787, +0.051,+0.931
1704651420,+3.46,+24.779, +0.052,+0.932
1704651480,+3.46,+24.796, +0.052,+0.931
1704651540,+3.46,+24.796, +0.052,+0.932
1704651600,+3.46,+24.813, +0.051,+0.931
1704651660,+3.46,+24.821, +0.051,+0.931
1704651720,+3.46,+24.787, +0.052,+0.932
1704651780,+3.46,+24.813, +0.052,+0.932
1704651840,+3.46,+24.813, +0.052,+0.931
1704651900,+3.46,+24.829, +0.052,+0.932
1704651960,+3.46,+24.846, +0.052,+0.932
1704652020,+3.46,+24.871, +0.052,+0.931
