7450-697200
OS REV: 1.05 Sensor Cal: 1618508223
Time (sec),  BV (Volts),  T (deg C),  DO (mg/l),  Q ()
1721927820,+3.27,+28.728, +0.043,+0.942
1721928420,+3.27,+28.831, +0.043,+0.942
1721929020,+3.27,+28.934, +0.043,+0.942
1721929620,+3.27,+28.976, +0.043,+0.942
1721930220,+3.27,+29.036, +0.043,+0.942
1721930820,+3.27,+29.062, +0.043,+0.943
1721931420,+3.27,+29.045, +0.043,+0.943
1721932020,+3.27,+29.096, +0.043,+0.942
1721932620,+3.27,+29.114, +0.044,+0.943
1721933220,+3.27,+29.139, +0.044,+0.943
1721933820,+3.27,+29.174, +0.043,+0.942
1721934420,+3.27,+29.199, +0.044,+0.943
1721935020,+3.27,+29.165, +0.044,+0.943
1721935620,+3.27,+29.268, +0.044,+0.943
1721936220,+3.27,+29.234, +0.044,+0.943
1721936820,+3.27,+29.242, +0.044,+0.943
1721937420,+3.27,+29.260, +0.044,+0.943
1721938020,+3.27,+29.260, +0.044,+0.943
1721938620,+3.27,+29.251, +0.044,+0.943
1721939220,+3.27,+29.268, +0.044,+0.943
1721939820,+3.27,+29.294, +0.044,+0.943
1721940420,+3.27,+29.260, +0.044,+0.943
1721941020,+3.27,+29.234, +0.044,+0.943
1721941620,+3.27,+29.208, +0.044,+0.943
1721942220,+3.27,+29.217, +0.044,+0.943
1721942820,+3.27,+29.199, +0.044,+0.943
1721943420,+3.27,+29.157, +0.043,+0.942
1721944020,+3.27,+29.131, +0.044,+0.943
1721944620,+3.27,+29.114, +0.043,+0.942
1721945220,+3.27,+29.045, +0.043,+0.942
1721945820,+3.27,+29.028, +0.044,+0.943
1721946420,+3.27,+29.036, +0.043,+0.943
1721947020,+3.27,+29.019, +0.044,+0.942
1721947620,+3.27,+28.976, +0.044,+0.942
1721948220,+3.27,+28.976, +0.043,+0.942
1721948820,+3.27,+28.925, +0.044,+0.942
1721949420,+3.27,+28.891, +0.044,+0.942
1721950020,+3.27,+28.848, +0.044,+0.942
1721950620,+3.27,+28.814, +0.043,+0.942
1721951220,+3.27,+28.788, +0.043,+0.942
1721951820,+3.27,+28.754, +0.043,+0.942
1721952420,+3.27,+28.711, +0.043,+0.942
1721953020,+3.27,+28.677, +0.043,+0.942
1721953620,+3.27,+28.642, +0.043,+0.942
1721954220,+3.26,+28.591, +0.043,+0.942
1721954820,+3.26,+28.566, +0.043,+0.942
1721955420,+3.26,+28.540, +0.043,+0.942
1721956020,+3.26,+28.514, +0.043,+0.942
1721956620,+3.26,+28.471, +0.043,+0.942
1721957220,+3.26,+28.463, +0.043,+0.942
1721957820,+3.26,+28.412, +0.043,+0.942
1721958420,+3.26,+28.378, +0.043,+0.942
1721959020,+3.26,+28.343, +0.043,+0.942
1721959620,+3.26,+28.335, +0.043,+0.942
1721960220,+3.27,+28.301, +0.043,+0.942
1721960820,+3.27,+28.258, +0.043,+0.942
1721961420,+3.26,+28.275, +0.043,+0.942
1721962020,+3.27,+28.215, +0.043,+0.942
1721962620,+3.27,+28.215, +0.043,+0.942
1721963220,+3.27,+28.181, +0.043,+0.942
1721963820,+3.27,+28.164, +0.043,+0.942
1721964420,+3.27,+28.121, +0.043,+0.942
1721965020,+3.27,+28.079, +0.042,+0.942
1721965620,+3.27,+28.062, +0.043,+0.942
1721966220,+3.27,+28.036, +0.043,+0.942
1721966820,+3.27,+28.028, +0.043,+0.942
1721967420,+3.27,+28.002, +0.043,+0.942
1721968020,+3.27,+27.977, +0.043,+0.942
1721968620,+3.27,+27.934, +0.043,+0.942
1721969220,+3.27,+27.908, +0.042,+0.942
1721969820,+3.27,+27.883, +0.043,+0.942
1721970420,+3.27,+27.866, +0.042,+0.942
1721971020,+3.27,+27.849, +0.042,+0.942
1721971620,+3.27,+27.815, +0.043,+0.942
1721972220,+3.27,+27.781, +0.042,+0.942
1721972820,+3.27,+27.747, +0.043,+0.942
1721973420,+3.27,+27.738, +0.043,+0.942
1721974020,+3.27,+27.738, +0.043,+0.942
1721974620,+3.27,+27.696, +0.043,+0.942
1721975220,+3.27,+27.679, +0.043,+0.942
1721975820,+3.27,+27.679, +0.043,+0.942
1721976420,+3.27,+27.619, +0.043,+0.941
1721977020,+3.27,+27.619, +0.043,+0.942
1721977620,+3.27,+27.610, +0.042,+0.941
1721978220,+3.27,+27.576, +0.043,+0.941
1721978820,+3.27,+27.576, +0.043,+0.941
1721979420,+3.27,+27.534, +0.043,+0.941
1721980020,+3.27,+27.534, +0.043,+0.941
1721980620,+3.26,+27.525, +0.043,+0.941
1721981220,+3.26,+27.500, +0.042,+0.941
1721981820,+3.26,+27.483, +0.043,+0.942
1721982420,+3.26,+27.483, +0.042,+0.941
1721983020,+3.26,+27.457, +0.043,+0.941
1721983620,+3.26,+27.449, +0.043,+0.941
1721984220,+3.26,+27.440, +0.043,+0.941
1721984820,+3.26,+27.415, +0.042,+0.941
1721985420,+3.26,+27.398, +0.042,+0.941
1721986020,+3.26,+27.381, +0.043,+0.941
1721986620,+3.26,+27.381, +0.043,+0.941
1721987220,+3.26,+27.372, +0.042,+0.941
1721987820,+3.26,+27.355, +0.043,+0.941
1721988420,+3.26,+27.347, +0.042,+0.941
1721989020,+3.26,+27.330, +0.042,+0.941
1721989620,+3.26,+27.338, +0.043,+0.941
1721990220,+3.26,+27.322, +0.043,+0.941
1721990820,+3.26,+27.322, +0.042,+0.941
1721991420,+3.26,+27.305, +0.043,+0.941
1721992020,+3.26,+27.322, +0.042,+0.941
1721992620,+3.26,+27.322, +0.042,+0.941
1721993220,+3.26,+27.330, +0.042,+0.941
1721993820,+3.26,+27.330, +0.042,+0.941
1721994420,+3.26,+27.338, +0.043,+0.941
1721995020,+3.26,+27.364, +0.043,+0.941
1721995620,+3.26,+27.347, +0.043,+0.941
1721996220,+3.26,+27.364, +0.042,+0.941
1721996820,+3.26,+27.364, +0.043,+0.941
1721997420,+3.26,+27.381, +0.042,+0.941
1721998020,+3.26,+27.415, +0.042,+0.941
1721998620,+3.26,+27.483, +0.043,+0.941
1721999220,+3.26,+27.500, +0.042,+0.941
1721999820,+3.27,+27.542, +0.042,+0.941
1722000420,+3.27,+27.559, +0.043,+0.942
1722001020,+3.27,+27.576, +0.043,+0.941
1722001620,+3.27,+27.602, +0.042,+0.941
1722002220,+3.27,+27.644, +0.043,+0.941
1722002820,+3.27,+27.670, +0.042,+0.941
1722003420,+3.27,+27.721, +0.042,+0.941
1722004020,+3.27,+27.789, +0.042,+0.941
1722004620,+3.27,+27.883, +0.043,+0.941
1722005220,+3.27,+27.985, +0.042,+0.942
1722005820,+3.27,+28.070, +0.043,+0.942
1722006420,+3.27,+28.156, +0.042,+0.942
1722007020,+3.26,+28.284, +0.043,+0.942
1722007620,+3.26,+28.352, +0.043,+0.942
1722008220,+3.26,+28.437, +0.042,+0.942
1722008820,+3.26,+28.480, +0.043,+0.942
1722009420,+3.26,+28.531, +0.043,+0.942
1722010020,+3.27,+28.642, +0.043,+0.942
1722010620,+3.27,+28.677, +0.043,+0.942
1722011220,+3.27,+28.754, +0.043,+0.942
1722011820,+3.27,+28.891, +0.043,+0.942
1722012420,+3.27,+29.011, +0.384,+0.951
1722013020,+3.27,+29.088, +0.234,+0.947
1722013620,+3.27,+29.054, +0.079,+0.943
1722014220,+3.27,+29.148, +0.092,+0.943
