7450-697200
OS REV: 1.05 Sensor Cal: 1618508223
Time (sec),  BV (Volts),  T (deg C),  DO (mg/l),  Q ()
1724015820,+3.26,+26.313, +7.859,+0.956
1724016420,+3.26,+26.406, +7.855,+0.957
1724017020,+3.26,+26.466, +7.833,+0.955
1724017620,+3.27,+26.525, +7.834,+0.956
1724018220,+3.27,+26.592, +7.824,+0.956
1724018820,+3.27,+26.626, +7.821,+0.956
1724019420,+3.26,+26.677, +7.817,+0.957
1724020020,+3.26,+26.686, +7.811,+0.956
1724020620,+3.26,+26.711, +7.807,+0.956
1724021220,+3.26,+26.728, +7.811,+0.956
1724021820,+3.26,+26.745, +7.808,+0.957
1724022420,+3.26,+26.770, +7.806,+0.957
1724023020,+3.26,+26.762, +7.800,+0.956
1724023620,+3.26,+26.796, +7.795,+0.956
1724024220,+3.26,+26.804, +7.794,+0.956
1724024820,+3.26,+26.821, +7.799,+0.956
1724025420,+3.26,+26.830, +7.813,+0.957
1724026020,+3.26,+26.457, +7.966,+0.956
1724026620,+3.26,+25.967, +8.032,+0.955
1724027220,+3.27,+25.546, +8.129,+0.955
1724027820,+3.26,+25.091, +8.198,+0.955
1724028420,+3.27,+24.763, +8.219,+0.955
1724029020,+3.27,+24.553, +8.196,+0.955
1724029620,+3.27,+24.368, +8.256,+0.954
1724030220,+3.26,+24.066, +8.307,+0.954
1724030820,+3.26,+23.765, +8.357,+0.954
1724031420,+3.27,+23.488, +8.429,+0.954
1724032020,+3.27,+23.405, +8.415,+0.955
1724032620,+3.27,+23.689, +8.299,+0.954
1724033220,+3.26,+24.041, +8.208,+0.955
1724033820,+3.27,+24.419, +8.152,+0.955
1724034420,+3.26,+24.746, +8.103,+0.955
1724035020,+3.26,+25.040, +8.065,+0.955
1724035620,+3.26,+25.301, +8.032,+0.955
1724036220,+3.27,+25.503, +8.005,+0.956
1724036820,+3.26,+25.689, +7.972,+0.955
1724037420,+3.26,+25.857, +7.953,+0.956
1724038020,+3.26,+26.001, +7.932,+0.956
1724038620,+3.26,+26.102, +7.911,+0.956
1724039220,+3.26,+25.959, +8.009,+0.955
1724039820,+3.27,+25.604, +8.075,+0.955
1724040420,+3.26,+25.268, +8.121,+0.955
1724041020,+3.26,+24.956, +8.156,+0.955
1724041620,+3.27,+24.687, +8.193,+0.955
1724042220,+3.27,+24.704, +8.169,+0.955
1724042820,+3.27,+24.494, +8.211,+0.955
1724043420,+3.26,+24.226, +8.248,+0.954
1724044020,+3.26,+24.310, +8.212,+0.954
1724044620,+3.26,+24.142, +8.251,+0.955
1724045220,+3.26,+23.932, +8.288,+0.954
1724045820,+3.26,+24.050, +8.246,+0.955
1724046420,+3.26,+23.890, +8.281,+0.954
1724047020,+3.26,+23.681, +8.326,+0.954
1724047620,+3.26,+23.823, +8.272,+0.954
1724048220,+3.26,+23.681, +8.310,+0.954
1724048820,+3.26,+23.815, +8.266,+0.954
1724049420,+3.26,+23.698, +8.298,+0.953
1724050020,+3.27,+23.639, +8.340,+0.954
1724050620,+3.27,+23.480, +8.366,+0.954
1724051220,+3.27,+23.354, +8.373,+0.953
1724051820,+3.26,+23.262, +8.383,+0.954
1724052420,+3.26,+23.162, +8.376,+0.954
1724053020,+3.26,+23.061, +8.372,+0.953
1724053620,+3.26,+23.003, +8.372,+0.954
1724054220,+3.26,+22.953, +8.374,+0.954
1724054820,+3.26,+22.886, +8.393,+0.954
1724055420,+3.26,+22.852, +8.418,+0.954
1724056020,+3.26,+22.794, +8.424,+0.953
1724056620,+3.26,+22.743, +8.449,+0.954
1724057220,+3.26,+22.710, +8.446,+0.953
1724057820,+3.27,+22.660, +8.472,+0.954
1724058420,+3.27,+22.635, +8.474,+0.954
1724059020,+3.27,+22.626, +8.472,+0.954
1724059620,+3.27,+22.568, +8.482,+0.954
1724060220,+3.27,+22.559, +8.485,+0.954
1724060820,+3.27,+22.526, +8.496,+0.954
1724061420,+3.27,+22.493, +8.504,+0.954
1724062020,+3.27,+22.467, +8.499,+0.954
1724062620,+3.27,+22.459, +8.499,+0.953
1724063220,+3.27,+22.467, +8.496,+0.954
1724063820,+3.27,+22.451, +8.513,+0.953
1724064420,+3.27,+22.451, +8.510,+0.954
1724065020,+3.27,+22.417, +8.510,+0.954
1724065620,+3.27,+22.392, +8.510,+0.954
1724066220,+3.27,+22.350, +8.519,+0.954
1724066820,+3.27,+22.350, +8.464,+0.954
1724067420,+3.26,+22.852, +8.338,+0.954
1724068020,+3.26,+23.245, +8.277,+0.954
1724068620,+3.26,+23.639, +8.214,+0.954
1724069220,+3.26,+23.966, +8.172,+0.954
1724069820,+3.26,+24.259, +8.134,+0.954
1724070420,+3.27,+24.528, +8.092,+0.954
1724071020,+3.26,+24.771, +8.056,+0.954
1724071620,+3.26,+24.965, +8.030,+0.954
1724072220,+3.26,+25.150, +8.005,+0.954
1724072820,+3.26,+25.301, +8.002,+0.956
1724073420,+3.27,+25.453, +7.972,+0.955
1724074020,+3.26,+25.562, +7.967,+0.956
1724074620,+3.26,+25.689, +7.944,+0.956
1724075220,+3.26,+25.773, +7.938,+0.956
1724075820,+3.26,+25.849, +7.931,+0.955
1724076420,+3.26,+25.933, +7.911,+0.955
1724077020,+3.26,+26.060, +7.883,+0.955
