7450-697200
OS REV: 1.05 Sensor Cal: 1618508223
Time (sec),  BV (Volts),  T (deg C),  DO (mg/l),  Q ()
1722536820,+3.27,+27.109, +0.043,+0.939
1722537420,+3.27,+27.118, +0.043,+0.939
1722538020,+3.27,+27.092, +0.043,+0.939
1722538620,+3.27,+27.092, +0.043,+0.939
1722539220,+3.27,+27.075, +0.043,+0.939
1722539820,+3.27,+27.084, +0.043,+0.939
1722540420,+3.27,+27.033, +0.043,+0.939
1722541020,+3.27,+27.024, +0.043,+0.939
1722541620,+3.27,+26.991, +0.043,+0.939
1722542220,+3.27,+26.965, +0.043,+0.939
1722542820,+3.27,+26.965, +0.043,+0.939
1722543420,+3.27,+26.923, +0.043,+0.939
1722544020,+3.27,+26.914, +0.043,+0.939
1722544620,+3.27,+26.914, +0.043,+0.939
1722545220,+3.27,+26.889, +0.043,+0.939
1722545820,+3.27,+26.880, +0.043,+0.939
1722546420,+3.27,+26.872, +0.043,+0.939
1722547020,+3.27,+26.846, +0.043,+0.939
1722547620,+3.27,+26.830, +0.043,+0.939
1722548220,+3.27,+26.821, +0.043,+0.939
1722548820,+3.27,+26.787, +0.043,+0.939
1722549420,+3.27,+26.787, +0.044,+0.939
1722550020,+3.27,+26.770, +0.043,+0.939
1722550620,+3.27,+26.762, +0.043,+0.939
1722551220,+3.27,+26.728, +0.044,+0.939
1722551820,+3.27,+26.728, +0.043,+0.939
1722552420,+3.27,+26.719, +0.043,+0.939
1722553020,+3.27,+26.703, +0.043,+0.939
1722553620,+3.27,+26.686, +0.043,+0.939
1722554220,+3.27,+26.669, +0.043,+0.939
1722554820,+3.27,+26.669, +0.043,+0.939
1722555420,+3.27,+26.660, +0.043,+0.939
1722556020,+3.27,+26.652, +0.044,+0.939
1722556620,+3.27,+26.652, +0.043,+0.939
1722557220,+3.27,+26.643, +0.043,+0.939
1722557820,+3.27,+26.635, +0.043,+0.939
1722558420,+3.27,+26.626, +0.043,+0.939
1722559020,+3.27,+26.626, +0.043,+0.939
1722559620,+3.27,+26.618, +0.043,+0.939
1722560220,+3.27,+26.609, +0.043,+0.939
1722560820,+3.27,+26.609, +0.044,+0.939
1722561420,+3.27,+26.592, +0.043,+0.939
1722562020,+3.27,+26.584, +0.043,+0.939
1722562620,+3.27,+26.584, +0.044,+0.939
1722563220,+3.27,+26.559, +0.043,+0.939
1722563820,+3.27,+26.559, +0.043,+0.939
1722564420,+3.27,+26.559, +0.043,+0.939
1722565020,+3.27,+26.542, +0.043,+0.939
1722565620,+3.27,+26.533, +0.043,+0.939
1722566220,+3.27,+26.533, +0.043,+0.939
1722566820,+3.27,+26.516, +0.043,+0.939
1722567420,+3.27,+26.533, +0.043,+0.939
1722568020,+3.27,+26.508, +0.044,+0.939
1722568620,+3.27,+26.508, +0.044,+0.939
1722569220,+3.27,+26.491, +0.043,+0.939
1722569820,+3.27,+26.474, +0.043,+0.939
1722570420,+3.27,+26.466, +0.043,+0.939
1722571020,+3.26,+26.432, +0.044,+0.939
1722571620,+3.26,+26.406, +0.045,+0.939
1722572220,+3.26,+26.415, +0.044,+0.939
1722572820,+3.26,+26.398, +0.044,+0.939
1722573420,+3.26,+26.398, +0.044,+0.939
1722574020,+3.26,+26.381, +0.043,+0.939
1722574620,+3.26,+26.373, +0.044,+0.939
1722575220,+3.26,+26.389, +0.044,+0.939
1722575820,+3.26,+26.356, +0.043,+0.939
1722576420,+3.26,+26.305, +0.053,+0.939
1722577020,+3.26,+26.288, +0.116,+0.941
1722577620,+3.26,+26.288, +0.347,+0.945
1722578220,+3.26,+26.254, +0.109,+0.940
1722578820,+3.26,+26.271, +0.086,+0.940
1722579420,+3.26,+26.237, +0.073,+0.939
1722580020,+3.26,+26.246, +0.079,+0.939
1722580620,+3.26,+26.220, +0.072,+0.939
1722581220,+3.26,+26.229, +0.055,+0.939
1722581820,+3.26,+26.212, +0.046,+0.938
1722582420,+3.26,+26.246, +0.045,+0.938
1722583020,+3.26,+26.288, +0.044,+0.939
1722583620,+3.26,+26.296, +0.044,+0.939
1722584220,+3.26,+26.296, +0.044,+0.939
1722584820,+3.26,+26.322, +0.044,+0.939
1722585420,+3.26,+26.330, +0.044,+0.939
1722586020,+3.26,+26.347, +0.043,+0.939
1722586620,+3.26,+26.347, +0.044,+0.939
1722587220,+3.26,+26.322, +0.044,+0.939
1722587820,+3.26,+26.339, +0.044,+0.939
1722588420,+3.26,+26.339, +0.043,+0.939
1722589020,+3.26,+26.322, +0.043,+0.939
1722589620,+3.26,+26.322, +0.044,+0.939
1722590220,+3.26,+26.313, +0.043,+0.939
1722590820,+3.26,+26.305, +0.044,+0.939
1722591420,+3.26,+26.313, +0.044,+0.939
1722592020,+3.26,+26.313, +0.043,+0.939
1722592620,+3.26,+26.305, +0.043,+0.939
1722593220,+3.26,+26.313, +0.044,+0.939
1722593820,+3.26,+26.305, +0.044,+0.939
1722594420,+3.26,+26.280, +0.044,+0.939
1722595020,+3.26,+26.296, +0.044,+0.939
1722595620,+3.26,+26.296, +0.043,+0.939
1722596220,+3.26,+26.296, +0.044,+0.939
1722596820,+3.26,+26.305, +0.043,+0.939
1722597420,+3.26,+26.313, +0.043,+0.939
1722598020,+3.26,+26.296, +0.044,+0.939
1722598620,+3.26,+26.313, +0.043,+0.939
1722599220,+3.26,+26.330, +0.044,+0.939
1722599820,+3.26,+26.322, +0.043,+0.939
1722600420,+3.26,+26.322, +0.043,+0.939
1722601020,+3.26,+26.339, +0.043,+0.939
1722601620,+3.26,+26.322, +0.044,+0.939
1722602220,+3.26,+26.339, +0.044,+0.939
1722602820,+3.26,+26.356, +0.043,+0.939
1722603420,+3.26,+26.356, +0.044,+0.939
1722604020,+3.26,+26.373, +0.044,+0.939
1722604620,+3.26,+26.389, +0.044,+0.939
1722605220,+3.26,+26.373, +0.044,+0.939
1722605820,+3.26,+26.398, +0.043,+0.939
1722606420,+3.26,+26.440, +0.043,+0.939
1722607020,+3.26,+26.432, +0.043,+0.939
1722607620,+3.27,+26.449, +0.044,+0.939
1722608220,+3.27,+26.482, +0.043,+0.939
1722608820,+3.27,+26.533, +0.043,+0.939
1722609420,+3.27,+26.550, +0.044,+0.939
1722610020,+3.27,+26.550, +0.043,+0.939
1722610620,+3.27,+26.592, +0.043,+0.939
1722611220,+3.27,+26.635, +0.043,+0.939
1722611820,+3.27,+26.669, +0.043,+0.939
1722612420,+3.27,+26.703, +0.043,+0.939
1722613020,+3.27,+26.703, +0.044,+0.939
1722613620,+3.27,+26.753, +0.044,+0.939
1722614220,+3.27,+26.787, +0.043,+0.939
1722614820,+3.27,+26.804, +0.043,+0.939
1722615420,+3.27,+26.830, +0.043,+0.939
1722616020,+3.27,+26.855, +0.043,+0.939
1722616620,+3.27,+26.897, +0.044,+0.939
1722617220,+3.27,+26.914, +0.043,+0.939
1722617820,+3.27,+26.923, +0.043,+0.939
1722618420,+3.27,+26.982, +0.043,+0.939
1722619020,+3.27,+27.016, +0.043,+0.939
1722619620,+3.27,+27.058, +0.043,+0.939
1722620220,+3.27,+27.067, +0.043,+0.939
1722620820,+3.26,+27.126, +0.043,+0.939
1722621420,+3.27,+27.118, +0.043,+0.939
1722622020,+3.26,+27.118, +0.044,+0.939
1722622620,+3.26,+27.152, +0.043,+0.939
1722623220,+3.26,+27.211, +0.043,+0.939
