7450-697200
OS REV: 1.05 Sensor Cal: 1618508223
Time (sec),  BV (Volts),  T (deg C),  DO (mg/l),  Q ()
1722710820,+3.27,+27.806, +0.044,+0.939
1722711420,+3.27,+27.781, +0.044,+0.939
1722712020,+3.27,+27.789, +0.044,+0.939
1722712620,+3.27,+27.772, +0.044,+0.939
1722713220,+3.27,+27.781, +0.043,+0.939
1722713820,+3.27,+27.781, +0.044,+0.939
1722714420,+3.27,+27.764, +0.044,+0.939
1722715020,+3.27,+27.764, +0.043,+0.939
1722715620,+3.27,+27.747, +0.044,+0.939
1722716220,+3.27,+27.738, +0.044,+0.939
1722716820,+3.27,+27.721, +0.043,+0.939
1722717420,+3.27,+27.687, +0.043,+0.939
1722718020,+3.27,+27.696, +0.044,+0.939
1722718620,+3.27,+27.644, +0.043,+0.939
1722719220,+3.27,+27.619, +0.043,+0.939
1722719820,+3.27,+27.576, +0.043,+0.939
1722720420,+3.27,+27.559, +0.044,+0.939
1722721020,+3.27,+27.525, +0.043,+0.939
1722721620,+3.26,+27.491, +0.043,+0.939
1722722220,+3.26,+27.457, +0.043,+0.939
1722722820,+3.26,+27.415, +0.044,+0.939
1722723420,+3.26,+27.406, +0.044,+0.939
1722724020,+3.26,+27.347, +0.043,+0.939
1722724620,+3.26,+27.338, +0.044,+0.939
1722725220,+3.26,+27.313, +0.043,+0.939
1722725820,+3.26,+27.288, +0.043,+0.939
1722726420,+3.26,+27.237, +0.044,+0.939
1722727020,+3.26,+27.220, +0.043,+0.939
1722727620,+3.26,+27.194, +0.043,+0.939
1722728220,+3.26,+27.160, +0.044,+0.939
1722728820,+3.26,+27.152, +0.044,+0.939
1722729420,+3.26,+27.118, +0.044,+0.939
1722730020,+3.27,+27.109, +0.044,+0.939
1722730620,+3.27,+27.092, +0.044,+0.939
1722731220,+3.27,+27.050, +0.044,+0.939
1722731820,+3.27,+27.050, +0.044,+0.939
1722732420,+3.27,+27.033, +0.044,+0.939
1722733020,+3.27,+27.008, +0.043,+0.939
1722733620,+3.27,+27.008, +0.043,+0.939
1722734220,+3.27,+26.991, +0.043,+0.939
1722734820,+3.27,+26.991, +0.044,+0.939
1722735420,+3.27,+26.974, +0.043,+0.939
1722736020,+3.27,+26.948, +0.043,+0.939
1722736620,+3.27,+26.923, +0.044,+0.939
1722737220,+3.27,+26.923, +0.043,+0.939
1722737820,+3.27,+26.914, +0.044,+0.939
1722738420,+3.27,+26.914, +0.043,+0.939
1722739020,+3.27,+26.880, +0.044,+0.939
1722739620,+3.27,+26.889, +0.044,+0.939
1722740220,+3.27,+26.863, +0.044,+0.939
1722740820,+3.27,+26.863, +0.044,+0.939
1722741420,+3.27,+26.872, +0.043,+0.939
1722742020,+3.27,+26.855, +0.044,+0.939
1722742620,+3.27,+26.846, +0.044,+0.939
1722743220,+3.27,+26.838, +0.043,+0.939
1722743820,+3.27,+26.821, +0.044,+0.939
1722744420,+3.27,+26.821, +0.043,+0.939
1722745020,+3.27,+26.779, +0.044,+0.939
1722745620,+3.27,+26.821, +0.043,+0.939
1722746220,+3.27,+26.787, +0.044,+0.939
1722746820,+3.27,+26.779, +0.044,+0.939
1722747420,+3.27,+26.762, +0.044,+0.939
1722748020,+3.27,+26.779, +0.044,+0.939
1722748620,+3.27,+26.762, +0.044,+0.939
1722749220,+3.27,+26.770, +0.044,+0.939
1722749820,+3.27,+26.745, +0.044,+0.939
1722750420,+3.27,+26.762, +0.043,+0.939
1722751020,+3.27,+26.736, +0.044,+0.939
1722751620,+3.27,+26.736, +0.044,+0.939
1722752220,+3.27,+26.753, +0.043,+0.939
1722752820,+3.27,+26.736, +0.044,+0.939
1722753420,+3.27,+26.728, +0.044,+0.939
1722754020,+3.27,+26.728, +0.044,+0.939
1722754620,+3.27,+26.736, +0.044,+0.939
1722755220,+3.27,+26.719, +0.043,+0.939
1722755820,+3.27,+26.703, +0.043,+0.939
1722756420,+3.27,+26.703, +0.044,+0.939
1722757020,+3.27,+26.694, +0.044,+0.939
1722757620,+3.27,+26.694, +0.044,+0.939
1722758220,+3.27,+26.677, +0.043,+0.939
1722758820,+3.27,+26.677, +0.043,+0.939
1722759420,+3.27,+26.677, +0.043,+0.939
1722760020,+3.27,+26.669, +0.044,+0.939
1722760620,+3.27,+26.652, +0.044,+0.939
1722761220,+3.27,+26.660, +0.044,+0.939
1722761820,+3.27,+26.652, +0.043,+0.939
1722762420,+3.27,+26.643, +0.044,+0.939
1722763020,+3.27,+26.626, +0.044,+0.939
1722763620,+3.27,+26.626, +0.043,+0.939
1722764220,+3.27,+26.626, +0.044,+0.939
1722764820,+3.27,+26.592, +0.044,+0.939
1722765420,+3.27,+26.584, +0.044,+0.939
1722766020,+3.27,+26.601, +0.044,+0.939
1722766620,+3.27,+26.592, +0.044,+0.939
1722767220,+3.27,+26.567, +0.044,+0.939
1722767820,+3.27,+26.550, +0.044,+0.939
1722768420,+3.27,+26.559, +0.044,+0.939
1722769020,+3.27,+26.559, +0.044,+0.939
1722769620,+3.27,+26.542, +0.043,+0.939
1722770220,+3.27,+26.550, +0.044,+0.939
1722770820,+3.27,+26.542, +0.043,+0.939
1722771420,+3.27,+26.542, +0.044,+0.939
1722772020,+3.27,+26.533, +0.044,+0.939
1722772620,+3.27,+26.525, +0.044,+0.939
1722773220,+3.27,+26.525, +0.043,+0.939
1722773820,+3.27,+26.525, +0.044,+0.939
1722774420,+3.27,+26.542, +0.044,+0.939
1722775020,+3.27,+26.508, +0.044,+0.939
1722775620,+3.27,+26.542, +0.044,+0.939
1722776220,+3.27,+26.559, +0.044,+0.939
1722776820,+3.27,+26.559, +0.044,+0.939
1722777420,+3.27,+26.576, +0.044,+0.939
1722778020,+3.27,+26.592, +0.043,+0.939
1722778620,+3.27,+26.592, +0.044,+0.939
1722779220,+3.27,+26.626, +0.044,+0.939
1722779820,+3.27,+26.643, +0.044,+0.939
1722780420,+3.27,+26.660, +0.044,+0.939
1722781020,+3.27,+26.711, +0.044,+0.939
1722781620,+3.27,+26.753, +0.044,+0.939
1722782220,+3.27,+26.779, +0.044,+0.939
1722782820,+3.27,+26.804, +0.044,+0.939
1722783420,+3.27,+26.863, +0.044,+0.939
1722784020,+3.27,+26.923, +0.044,+0.939
1722784620,+3.27,+26.974, +0.043,+0.939
1722785220,+3.27,+26.999, +0.044,+0.939
1722785820,+3.26,+27.075, +0.044,+0.939
1722786420,+3.26,+27.177, +0.044,+0.939
1722787020,+3.26,+27.177, +0.044,+0.939
1722787620,+3.26,+27.254, +0.044,+0.939
1722788220,+3.26,+27.296, +0.044,+0.939
1722788820,+3.26,+27.381, +0.044,+0.939
1722789420,+3.26,+27.406, +0.044,+0.939
1722790020,+3.26,+27.440, +0.044,+0.939
1722790620,+3.27,+27.585, +0.044,+0.939
1722791220,+3.27,+27.568, +0.044,+0.939
1722791820,+3.27,+27.627, +0.044,+0.939
1722792420,+3.27,+27.662, +0.044,+0.939
1722793020,+3.27,+27.730, +0.044,+0.939
1722793620,+3.27,+27.755, +0.043,+0.939
1722794220,+3.27,+27.815, +0.044,+0.939
1722794820,+3.27,+27.832, +0.044,+0.939
1722795420,+3.27,+27.866, +0.043,+0.939
1722796020,+3.27,+27.900, +0.044,+0.939
1722796620,+3.27,+27.891, +0.044,+0.939
1722797220,+3.27,+27.917, +0.044,+0.939
