7450-697200
OS REV: 1.05 Sensor Cal: 1618508223
Time (sec),  BV (Volts),  T (deg C),  DO (mg/l),  Q ()
1721666820,+3.27,+28.737, +0.089,+0.944
1721667420,+3.27,+28.737, +0.043,+0.943
1721668020,+3.27,+28.728, +0.044,+0.943
1721668620,+3.27,+28.874, +0.043,+0.943
1721669220,+3.27,+28.951, +0.044,+0.943
1721669820,+3.27,+29.122, +0.043,+0.943
1721670420,+3.27,+29.242, +0.044,+0.943
1721671020,+3.27,+29.268, +0.043,+0.943
1721671620,+3.27,+29.182, +0.045,+0.943
1721672220,+3.27,+29.217, +0.045,+0.943
1721672820,+3.27,+29.148, +0.056,+0.944
1721673420,+3.27,+29.165, +0.046,+0.943
1721674020,+3.27,+29.028, +0.054,+0.944
1721674620,+3.27,+28.891, +0.046,+0.943
1721675220,+3.27,+28.908, +0.046,+0.943
1721675820,+3.27,+28.899, +0.044,+0.943
1721676420,+3.27,+28.899, +0.044,+0.943
1721677020,+3.27,+28.865, +0.045,+0.943
1721677620,+3.27,+28.865, +0.092,+0.944
1721678220,+3.27,+28.874, +0.045,+0.943
1721678820,+3.27,+28.942, +0.044,+0.943
1721679420,+3.27,+28.934, +0.043,+0.943
1721680020,+3.27,+28.839, +0.043,+0.943
1721680620,+3.27,+28.814, +0.162,+0.947
1721681220,+3.27,+28.779, +0.044,+0.943
1721681820,+3.27,+28.719, +0.044,+0.943
1721682420,+3.27,+28.685, +0.044,+0.943
1721683020,+3.27,+28.651, +0.044,+0.943
1721683620,+3.27,+28.642, +0.047,+0.943
1721684220,+3.26,+28.566, +0.045,+0.943
1721684820,+3.26,+28.514, +0.043,+0.943
1721685420,+3.26,+28.463, +0.044,+0.943
1721686020,+3.27,+28.403, +0.043,+0.943
1721686620,+3.27,+28.335, +0.044,+0.943
1721687220,+3.27,+28.292, +0.044,+0.943
1721687820,+3.27,+28.267, +0.043,+0.943
1721688420,+3.27,+28.207, +0.043,+0.943
1721689020,+3.27,+28.173, +0.043,+0.943
1721689620,+3.27,+28.156, +0.043,+0.943
1721690220,+3.27,+28.113, +0.043,+0.943
1721690820,+3.27,+28.036, +0.042,+0.942
1721691420,+3.27,+27.994, +0.043,+0.943
1721692020,+3.27,+27.951, +0.043,+0.942
1721692620,+3.27,+27.908, +0.043,+0.942
1721693220,+3.27,+27.849, +0.043,+0.942
1721693820,+3.27,+27.806, +0.043,+0.942
1721694420,+3.27,+27.755, +0.043,+0.942
1721695020,+3.27,+27.738, +0.043,+0.942
1721695620,+3.27,+27.696, +0.043,+0.942
1721696220,+3.27,+27.662, +0.042,+0.942
1721696820,+3.27,+27.644, +0.042,+0.942
1721697420,+3.27,+27.619, +0.042,+0.942
1721698020,+3.27,+27.568, +0.042,+0.942
1721698620,+3.27,+27.517, +0.042,+0.942
1721699220,+3.27,+27.474, +0.044,+0.942
1721699820,+3.27,+27.440, +0.042,+0.942
1721700420,+3.27,+27.423, +0.043,+0.942
1721701020,+3.27,+27.372, +0.043,+0.942
1721701620,+3.26,+27.364, +0.043,+0.942
1721702220,+3.27,+27.322, +0.043,+0.942
1721702820,+3.27,+27.296, +0.043,+0.942
1721703420,+3.27,+27.305, +0.046,+0.942
1721704020,+3.27,+27.288, +0.042,+0.942
1721704620,+3.27,+27.305, +0.042,+0.942
1721705220,+3.27,+27.279, +0.042,+0.942
1721705820,+3.27,+27.254, +0.043,+0.942
1721706420,+3.27,+27.228, +0.042,+0.942
1721707020,+3.27,+27.194, +0.043,+0.942
1721707620,+3.27,+27.186, +0.042,+0.942
1721708220,+3.27,+27.186, +0.043,+0.942
1721708820,+3.27,+27.169, +0.042,+0.942
1721709420,+3.27,+27.169, +0.042,+0.942
1721710020,+3.27,+27.126, +0.042,+0.942
1721710620,+3.27,+27.084, +0.043,+0.942
1721711220,+3.27,+27.084, +0.043,+0.942
1721711820,+3.27,+27.084, +0.043,+0.942
1721712420,+3.27,+27.067, +0.042,+0.942
1721713020,+3.27,+27.016, +0.043,+0.942
1721713620,+3.27,+27.016, +0.042,+0.942
1721714220,+3.27,+26.991, +0.042,+0.942
1721714820,+3.27,+26.982, +0.042,+0.942
1721715420,+3.27,+26.957, +0.042,+0.942
1721716020,+3.27,+26.931, +0.042,+0.942
1721716620,+3.27,+26.923, +0.042,+0.942
1721717220,+3.27,+26.897, +0.042,+0.942
1721717820,+3.27,+26.914, +0.043,+0.942
1721718420,+3.27,+26.880, +0.043,+0.942
1721719020,+3.27,+26.846, +0.042,+0.942
1721719620,+3.27,+26.846, +0.042,+0.941
1721720220,+3.27,+26.813, +0.043,+0.942
1721720820,+3.27,+26.813, +0.042,+0.942
1721721420,+3.27,+26.804, +0.043,+0.942
1721722020,+3.27,+26.796, +0.043,+0.942
1721722620,+3.27,+26.762, +0.043,+0.942
1721723220,+3.27,+26.745, +0.042,+0.942
1721723820,+3.27,+26.745, +0.043,+0.942
1721724420,+3.27,+26.745, +0.042,+0.942
1721725020,+3.27,+26.753, +0.042,+0.942
1721725620,+3.27,+26.719, +0.042,+0.942
1721726220,+3.27,+26.686, +0.042,+0.942
1721726820,+3.27,+26.694, +0.043,+0.942
1721727420,+3.27,+26.660, +0.043,+0.942
1721728020,+3.27,+26.660, +0.043,+0.942
1721728620,+3.27,+26.686, +0.042,+0.942
1721729220,+3.27,+26.677, +0.042,+0.942
1721729820,+3.27,+26.677, +0.042,+0.942
1721730420,+3.27,+26.660, +0.043,+0.942
1721731020,+3.27,+26.669, +0.042,+0.941
1721731620,+3.27,+26.635, +0.043,+0.942
1721732220,+3.27,+26.669, +0.042,+0.942
1721732820,+3.27,+26.652, +0.042,+0.941
1721733420,+3.27,+26.686, +0.042,+0.942
1721734020,+3.27,+26.686, +0.042,+0.942
1721734620,+3.27,+26.686, +0.042,+0.942
1721735220,+3.27,+26.728, +0.043,+0.942
1721735820,+3.27,+26.745, +0.042,+0.942
1721736420,+3.27,+26.728, +0.043,+0.942
1721737020,+3.27,+26.779, +0.042,+0.941
1721737620,+3.27,+26.804, +0.042,+0.941
1721738220,+3.27,+26.846, +0.042,+0.942
1721738820,+3.27,+26.889, +0.042,+0.942
1721739420,+3.27,+26.931, +0.042,+0.942
1721740020,+3.27,+26.974, +0.042,+0.942
1721740620,+3.27,+27.041, +0.042,+0.942
1721741220,+3.27,+27.109, +0.042,+0.942
1721741820,+3.27,+27.194, +0.042,+0.942
1721742420,+3.27,+27.296, +0.042,+0.942
1721743020,+3.26,+27.305, +0.042,+0.942
1721743620,+3.26,+27.338, +0.042,+0.942
1721744220,+3.26,+27.483, +0.042,+0.942
1721744820,+3.27,+27.619, +0.043,+0.942
1721745420,+3.27,+27.713, +0.042,+0.942
1721746020,+3.27,+27.891, +0.042,+0.942
1721746620,+3.27,+27.900, +0.042,+0.942
1721747220,+3.27,+28.062, +0.042,+0.942
1721747820,+3.27,+28.309, +0.041,+0.942
1721748420,+3.27,+28.292, +0.041,+0.942
1721749020,+3.26,+28.497, +0.041,+0.942
1721749620,+3.26,+28.548, +0.041,+0.942
1721750220,+3.27,+28.805, +0.040,+0.942
1721750820,+3.27,+28.942, +0.041,+0.942
1721751420,+3.27,+28.985, +0.041,+0.942
1721752020,+3.27,+28.994, +0.048,+0.943
1721752620,+3.27,+29.002, +0.042,+0.943
1721753220,+3.27,+28.934, +0.043,+0.943
