7450-697200
OS REV: 1.05 Sensor Cal: 1618508223
Time (sec),  BV (Volts),  T (deg C),  DO (mg/l),  Q ()
1721492820,+3.28,+29.182, +7.396,+0.965
1721493420,+3.28,+29.157, +7.404,+0.965
1721494020,+3.27,+29.500, +7.284,+0.965
1721494620,+3.27,+30.795, +7.095,+0.965
1721495220,+3.27,+31.386, +7.081,+0.965
1721495820,+3.27,+31.752, +7.055,+0.966
1721496420,+3.27,+32.032, +7.054,+0.964
1721497020,+3.27,+32.198, +7.040,+0.965
1721497620,+3.27,+32.417, +7.023,+0.964
1721498220,+3.27,+32.654, +7.081,+0.964
1721498820,+3.26,+32.856, +7.086,+0.964
1721499420,+3.27,+33.402, +7.020,+0.964
1721500020,+3.26,+32.891, +7.030,+0.964
1721500620,+3.27,+29.139, +0.722,+0.956
1721501220,+3.27,+28.711, +1.046,+0.957
1721501820,+3.27,+28.566, +1.180,+0.959
1721502420,+3.27,+28.514, +1.103,+0.958
1721503020,+3.27,+28.480, +1.081,+0.960
1721503620,+3.27,+28.471, +1.004,+0.958
1721504220,+3.27,+28.463, +0.892,+0.958
1721504820,+3.27,+28.395, +0.820,+0.956
1721505420,+3.27,+28.369, +0.939,+0.957
1721506020,+3.27,+28.360, +0.963,+0.958
1721506620,+3.27,+28.318, +0.800,+0.956
1721507220,+3.27,+28.292, +0.724,+0.956
1721507820,+3.27,+28.275, +0.807,+0.956
1721508420,+3.27,+28.249, +0.833,+0.956
1721509020,+3.27,+28.224, +0.813,+0.956
1721509620,+3.27,+28.181, +0.698,+0.955
1721510220,+3.27,+28.139, +0.752,+0.956
1721510820,+3.27,+28.113, +0.708,+0.955
1721511420,+3.27,+28.096, +0.718,+0.955
1721512020,+3.27,+28.062, +0.442,+0.950
1721512620,+3.27,+28.028, +0.403,+0.950
1721513220,+3.27,+27.994, +0.497,+0.952
1721513820,+3.27,+27.942, +0.599,+0.953
1721514420,+3.27,+27.917, +0.344,+0.948
1721515020,+3.27,+27.891, +0.320,+0.947
1721515620,+3.27,+27.832, +0.312,+0.947
1721516220,+3.27,+27.806, +0.256,+0.946
1721516820,+3.27,+27.747, +0.216,+0.945
1721517420,+3.27,+27.713, +0.193,+0.944
1721518020,+3.27,+27.636, +0.338,+0.948
1721518620,+3.27,+27.610, +0.245,+0.946
1721519220,+3.27,+27.593, +0.199,+0.944
1721519820,+3.27,+27.568, +0.166,+0.944
1721520420,+3.27,+27.542, +0.137,+0.943
1721521020,+3.27,+27.517, +0.147,+0.943
1721521620,+3.27,+27.466, +0.218,+0.945
1721522220,+3.27,+27.415, +0.176,+0.944
1721522820,+3.27,+27.415, +0.095,+0.942
1721523420,+3.27,+27.423, +0.104,+0.942
1721524020,+3.27,+27.364, +0.104,+0.942
1721524620,+3.27,+27.313, +0.127,+0.943
1721525220,+3.27,+27.305, +0.113,+0.942
1721525820,+3.27,+27.271, +0.113,+0.942
1721526420,+3.27,+27.262, +0.089,+0.942
1721527020,+3.27,+27.237, +0.093,+0.942
1721527620,+3.27,+27.237, +0.068,+0.941
1721528220,+3.27,+27.211, +0.068,+0.941
1721528820,+3.27,+27.186, +0.075,+0.941
1721529420,+3.27,+27.169, +0.070,+0.941
1721530020,+3.27,+27.152, +0.061,+0.941
1721530620,+3.27,+27.135, +0.074,+0.941
1721531220,+3.27,+27.126, +0.067,+0.941
1721531820,+3.27,+27.118, +0.064,+0.941
1721532420,+3.27,+27.092, +0.060,+0.941
1721533020,+3.27,+27.084, +0.062,+0.941
1721533620,+3.27,+27.058, +0.049,+0.941
1721534220,+3.27,+27.101, +0.051,+0.941
1721534820,+3.27,+27.075, +0.048,+0.940
1721535420,+3.27,+27.067, +0.046,+0.940
1721536020,+3.27,+27.075, +0.048,+0.941
1721536620,+3.27,+27.050, +0.085,+0.942
1721537220,+3.27,+27.067, +0.044,+0.940
1721537820,+3.27,+27.033, +0.044,+0.940
1721538420,+3.27,+27.024, +0.044,+0.940
1721539020,+3.27,+27.033, +0.045,+0.940
1721539620,+3.27,+27.024, +0.043,+0.940
1721540220,+3.27,+27.016, +0.043,+0.941
1721540820,+3.27,+26.991, +0.043,+0.940
1721541420,+3.27,+26.991, +0.044,+0.941
1721542020,+3.27,+26.965, +0.043,+0.941
1721542620,+3.27,+26.965, +0.043,+0.941
1721543220,+3.27,+26.957, +0.043,+0.941
1721543820,+3.27,+26.940, +0.043,+0.941
1721544420,+3.27,+26.914, +0.043,+0.941
1721545020,+3.27,+26.914, +0.043,+0.941
1721545620,+3.27,+26.906, +0.044,+0.941
1721546220,+3.27,+26.897, +0.044,+0.941
1721546820,+3.27,+26.906, +0.044,+0.941
1721547420,+3.27,+26.872, +0.044,+0.941
1721548020,+3.27,+26.880, +0.044,+0.941
1721548620,+3.27,+26.880, +0.044,+0.941
1721549220,+3.27,+26.863, +0.044,+0.941
1721549820,+3.27,+26.872, +0.044,+0.941
1721550420,+3.27,+26.855, +0.044,+0.941
1721551020,+3.27,+26.855, +0.044,+0.942
1721551620,+3.27,+26.830, +0.043,+0.941
1721552220,+3.27,+26.838, +0.045,+0.942
1721552820,+3.27,+26.838, +0.043,+0.942
1721553420,+3.27,+26.821, +0.044,+0.942
1721554020,+3.27,+26.813, +0.044,+0.942
1721554620,+3.27,+26.779, +0.044,+0.942
1721555220,+3.27,+26.787, +0.044,+0.942
1721555820,+3.27,+26.796, +0.044,+0.942
1721556420,+3.27,+26.787, +0.044,+0.942
1721557020,+3.27,+26.796, +0.044,+0.942
1721557620,+3.27,+26.770, +0.044,+0.942
1721558220,+3.27,+26.762, +0.044,+0.942
1721558820,+3.27,+26.770, +0.044,+0.942
1721559420,+3.27,+26.770, +0.044,+0.942
1721560020,+3.27,+26.762, +0.043,+0.942
1721560620,+3.27,+26.770, +0.043,+0.942
1721561220,+3.27,+26.762, +0.043,+0.942
1721561820,+3.27,+26.762, +0.043,+0.942
1721562420,+3.27,+26.762, +0.044,+0.942
1721563020,+3.27,+26.787, +0.044,+0.942
1721563620,+3.27,+26.779, +0.043,+0.942
1721564220,+3.27,+26.804, +0.043,+0.942
1721564820,+3.27,+26.821, +0.043,+0.942
1721565420,+3.27,+26.830, +0.043,+0.942
1721566020,+3.27,+26.863, +0.043,+0.942
1721566620,+3.27,+26.889, +0.043,+0.942
1721567220,+3.27,+26.931, +0.043,+0.942
1721567820,+3.27,+26.948, +0.043,+0.942
1721568420,+3.27,+26.999, +0.043,+0.942
1721569020,+3.27,+27.024, +0.043,+0.942
1721569620,+3.27,+27.075, +0.043,+0.942
1721570220,+3.27,+27.118, +0.043,+0.942
1721570820,+3.27,+27.186, +0.042,+0.942
1721571420,+3.27,+27.245, +0.042,+0.942
1721572020,+3.27,+27.313, +0.043,+0.943
1721572620,+3.27,+27.372, +0.044,+0.943
1721573220,+3.27,+27.474, +0.042,+0.943
1721573820,+3.27,+27.551, +0.043,+0.943
1721574420,+3.27,+27.653, +0.043,+0.943
1721575020,+3.27,+27.738, +0.043,+0.943
1721575620,+3.27,+27.815, +0.043,+0.943
1721576220,+3.27,+27.925, +0.042,+0.943
1721576820,+3.27,+27.994, +0.042,+0.943
1721577420,+3.27,+28.113, +0.043,+0.943
1721578020,+3.27,+28.190, +0.042,+0.943
1721578620,+3.27,+28.258, +0.043,+0.943
1721579220,+3.27,+28.318, +0.043,+0.943
