7450-697200
OS REV: 1.05 Sensor Cal: 1618508223
Time (sec),  BV (Volts),  T (deg C),  DO (mg/l),  Q ()
1721840820,+3.27,+28.420, +0.043,+0.942
1721841420,+3.27,+28.540, +0.043,+0.942
1721842020,+3.27,+28.608, +0.043,+0.942
1721842620,+3.27,+28.779, +0.043,+0.942
1721843220,+3.27,+28.856, +0.044,+0.942
1721843820,+3.27,+28.985, +0.044,+0.943
1721844420,+3.27,+29.045, +0.043,+0.943
1721845020,+3.27,+29.114, +0.044,+0.942
1721845620,+3.27,+29.131, +0.043,+0.943
1721846220,+3.27,+29.208, +0.044,+0.943
1721846820,+3.27,+29.260, +0.044,+0.943
1721847420,+3.27,+29.285, +0.044,+0.943
1721848020,+3.27,+29.277, +0.044,+0.943
1721848620,+3.27,+29.242, +0.044,+0.943
1721849220,+3.27,+29.234, +0.044,+0.943
1721849820,+3.27,+29.234, +0.044,+0.943
1721850420,+3.27,+29.208, +0.044,+0.943
1721851020,+3.27,+29.199, +0.044,+0.943
1721851620,+3.27,+29.217, +0.044,+0.943
1721852220,+3.27,+29.251, +0.044,+0.943
1721852820,+3.27,+29.234, +0.043,+0.943
1721853420,+3.27,+29.182, +0.044,+0.943
1721854020,+3.27,+29.157, +0.044,+0.943
1721854620,+3.27,+29.157, +0.044,+0.943
1721855220,+3.27,+29.122, +0.043,+0.942
1721855820,+3.27,+29.062, +0.043,+0.942
1721856420,+3.27,+29.036, +0.043,+0.942
1721857020,+3.27,+28.968, +0.044,+0.943
1721857620,+3.27,+28.891, +0.043,+0.943
1721858220,+3.27,+28.822, +0.043,+0.942
1721858820,+3.27,+28.745, +0.043,+0.942
1721859420,+3.27,+28.737, +0.044,+0.943
1721860020,+3.27,+28.719, +0.043,+0.942
1721860620,+3.27,+28.728, +0.043,+0.942
1721861220,+3.27,+28.685, +0.043,+0.942
1721861820,+3.27,+28.651, +0.043,+0.942
1721862420,+3.27,+28.634, +0.043,+0.942
1721863020,+3.26,+28.583, +0.044,+0.942
1721863620,+3.26,+28.548, +0.043,+0.942
1721864220,+3.26,+28.514, +0.043,+0.942
1721864820,+3.26,+28.480, +0.043,+0.942
1721865420,+3.26,+28.446, +0.043,+0.942
1721866020,+3.26,+28.403, +0.043,+0.942
1721866620,+3.26,+28.378, +0.043,+0.942
1721867220,+3.26,+28.335, +0.043,+0.942
1721867820,+3.26,+28.301, +0.043,+0.942
1721868420,+3.26,+28.275, +0.042,+0.942
1721869020,+3.27,+28.232, +0.043,+0.942
1721869620,+3.27,+28.207, +0.043,+0.942
1721870220,+3.27,+28.181, +0.042,+0.942
1721870820,+3.27,+28.139, +0.043,+0.942
1721871420,+3.27,+28.096, +0.042,+0.942
1721872020,+3.27,+28.062, +0.042,+0.942
1721872620,+3.27,+28.028, +0.043,+0.942
1721873220,+3.27,+27.977, +0.043,+0.942
1721873820,+3.27,+27.942, +0.043,+0.942
1721874420,+3.27,+27.917, +0.043,+0.942
1721875020,+3.27,+27.883, +0.042,+0.942
1721875620,+3.27,+27.840, +0.043,+0.942
1721876220,+3.27,+27.815, +0.042,+0.942
1721876820,+3.27,+27.772, +0.043,+0.942
1721877420,+3.27,+27.747, +0.043,+0.942
1721878020,+3.27,+27.721, +0.042,+0.942
1721878620,+3.27,+27.687, +0.043,+0.942
1721879220,+3.27,+27.670, +0.042,+0.942
1721879820,+3.27,+27.653, +0.043,+0.942
1721880420,+3.27,+27.602, +0.043,+0.942
1721881020,+3.27,+27.559, +0.043,+0.942
1721881620,+3.27,+27.534, +0.043,+0.941
1721882220,+3.27,+27.542, +0.042,+0.941
1721882820,+3.27,+27.525, +0.042,+0.942
1721883420,+3.26,+27.483, +0.042,+0.941
1721884020,+3.26,+27.466, +0.042,+0.941
1721884620,+3.26,+27.449, +0.042,+0.941
1721885220,+3.26,+27.423, +0.042,+0.941
1721885820,+3.26,+27.415, +0.043,+0.942
1721886420,+3.26,+27.389, +0.042,+0.941
1721887020,+3.26,+27.364, +0.042,+0.941
1721887620,+3.27,+27.347, +0.042,+0.941
1721888220,+3.27,+27.330, +0.042,+0.941
1721888820,+3.27,+27.305, +0.043,+0.941
1721889420,+3.27,+27.288, +0.042,+0.941
1721890020,+3.27,+27.288, +0.042,+0.941
1721890620,+3.26,+27.271, +0.043,+0.941
1721891220,+3.27,+27.237, +0.042,+0.941
1721891820,+3.27,+27.237, +0.043,+0.941
1721892420,+3.27,+27.228, +0.042,+0.941
1721893020,+3.27,+27.203, +0.043,+0.941
1721893620,+3.27,+27.177, +0.042,+0.941
1721894220,+3.27,+27.194, +0.043,+0.941
1721894820,+3.27,+27.177, +0.042,+0.941
1721895420,+3.27,+27.169, +0.042,+0.941
1721896020,+3.27,+27.143, +0.042,+0.941
1721896620,+3.27,+27.160, +0.042,+0.941
1721897220,+3.27,+27.135, +0.042,+0.941
1721897820,+3.27,+27.143, +0.043,+0.941
1721898420,+3.27,+27.143, +0.042,+0.941
1721899020,+3.27,+27.135, +0.042,+0.941
1721899620,+3.27,+27.109, +0.042,+0.941
1721900220,+3.27,+27.092, +0.042,+0.941
1721900820,+3.27,+27.101, +0.042,+0.941
1721901420,+3.27,+27.075, +0.043,+0.941
1721902020,+3.27,+27.075, +0.042,+0.941
1721902620,+3.27,+27.058, +0.042,+0.941
1721903220,+3.27,+27.050, +0.042,+0.941
1721903820,+3.27,+27.016, +0.042,+0.941
1721904420,+3.27,+27.033, +0.043,+0.941
1721905020,+3.27,+27.016, +0.042,+0.941
1721905620,+3.27,+26.999, +0.042,+0.941
1721906220,+3.27,+27.008, +0.042,+0.941
1721906820,+3.27,+27.016, +0.042,+0.941
1721907420,+3.27,+27.024, +0.043,+0.941
1721908020,+3.27,+26.982, +0.042,+0.941
1721908620,+3.27,+26.965, +0.042,+0.941
1721909220,+3.27,+27.016, +0.042,+0.941
1721909820,+3.27,+27.016, +0.042,+0.941
1721910420,+3.27,+27.024, +0.042,+0.941
1721911020,+3.27,+27.041, +0.043,+0.941
1721911620,+3.27,+27.092, +0.042,+0.941
1721912220,+3.27,+27.109, +0.042,+0.941
1721912820,+3.27,+27.135, +0.043,+0.941
1721913420,+3.27,+27.194, +0.043,+0.941
1721914020,+3.27,+27.220, +0.043,+0.941
1721914620,+3.27,+27.245, +0.043,+0.941
1721915220,+3.26,+27.288, +0.042,+0.941
1721915820,+3.26,+27.305, +0.042,+0.941
1721916420,+3.26,+27.406, +0.043,+0.941
1721917020,+3.26,+27.474, +0.043,+0.941
1721917620,+3.27,+27.551, +0.043,+0.942
1721918220,+3.27,+27.627, +0.042,+0.942
1721918820,+3.27,+27.747, +0.043,+0.942
1721919420,+3.27,+27.789, +0.043,+0.942
1721920020,+3.27,+27.866, +0.042,+0.942
1721920620,+3.27,+27.942, +0.042,+0.942
1721921220,+3.27,+28.028, +0.042,+0.942
1721921820,+3.27,+28.087, +0.043,+0.942
1721922420,+3.27,+28.062, +0.043,+0.942
1721923020,+3.27,+28.156, +0.043,+0.942
1721923620,+3.27,+28.232, +0.042,+0.942
1721924220,+3.26,+28.335, +0.042,+0.942
1721924820,+3.26,+28.335, +0.043,+0.942
1721925420,+3.26,+28.429, +0.043,+0.942
1721926020,+3.26,+28.497, +0.043,+0.942
1721926620,+3.26,+28.574, +0.043,+0.942
1721927220,+3.27,+28.660, +0.043,+0.942
