7450-988987
OS REV: 1.05 Sensor Cal: 1620327161
Time (sec),  BV (Volts),  T (deg C),  DO (mg/l),  Q ()
1630322760,+3.53,+22.642, +7.707,+0.959
1630323360,+3.53,+22.492, +8.099,+0.958
1630323960,+3.53,+22.350, +8.214,+0.958
1630324560,+3.53,+22.275, +8.234,+0.959
1630325160,+3.53,+22.208, +8.232,+0.958
1630325760,+3.53,+22.141, +8.240,+0.958
1630326360,+3.53,+22.082, +8.253,+0.959
1630326960,+3.53,+22.107, +8.121,+0.966
1630327560,+3.53,+22.049, +8.136,+0.965
1630328160,+3.53,+21.999, +8.138,+0.965
1630328760,+3.53,+21.940, +8.160,+0.966
1630329360,+3.53,+21.923, +8.149,+0.965
1630329960,+3.53,+21.898, +8.154,+0.965
1630330560,+3.53,+21.865, +8.161,+0.965
1630331160,+3.53,+21.823, +8.172,+0.965
1630331760,+3.53,+21.798, +8.171,+0.965
1630332360,+3.53,+21.815, +8.170,+0.964
1630332960,+3.53,+21.798, +8.174,+0.965
1630333560,+3.53,+21.781, +8.180,+0.965
1630334160,+3.53,+21.915, +8.166,+0.964
1630334760,+3.53,+21.865, +8.165,+0.964
1630335360,+3.53,+21.865, +8.161,+0.964
1630335960,+3.53,+21.823, +8.172,+0.964
1630336560,+3.53,+21.823, +8.164,+0.964
1630337160,+3.53,+21.815, +8.164,+0.963
1630337760,+3.53,+21.781, +8.163,+0.963
1630338360,+3.53,+21.790, +8.165,+0.963
1630338960,+3.53,+21.765, +8.164,+0.963
1630339560,+3.53,+21.740, +8.167,+0.963
1630340160,+3.53,+21.723, +8.173,+0.963
1630340760,+3.53,+21.731, +8.176,+0.964
1630341360,+3.53,+21.723, +8.181,+0.964
1630341960,+3.53,+21.706, +8.177,+0.963
1630342560,+3.53,+21.689, +8.183,+0.963
1630343160,+3.53,+21.714, +8.161,+0.963
1630343760,+3.53,+21.681, +8.176,+0.963
1630344360,+3.53,+21.681, +8.185,+0.964
1630344960,+3.53,+21.673, +8.173,+0.963
1630345560,+3.53,+21.714, +7.959,+0.963
1630346160,+3.53,+21.714, +0.470,+0.912
1630346760,+3.53,+21.748, +0.189,+0.938
1630347360,+3.53,+21.748, +0.076,+0.947
1630347960,+3.53,+21.756, +0.046,+0.947
1630348560,+3.53,+21.781, +0.043,+0.948
1630349160,+3.53,+21.756, +0.043,+0.948
1630349760,+3.53,+21.790, +0.042,+0.948
1630350360,+3.53,+21.798, +0.042,+0.948
1630350960,+3.53,+21.815, +0.042,+0.948
1630351560,+3.53,+21.815, +0.042,+0.948
1630352160,+3.53,+21.681, +8.098,+0.964
