7450-988987
OS REV: 1.05 Sensor Cal: 1620327161
Time (sec),  BV (Volts),  T (deg C),  DO (mg/l),  Q ()
1703455500,+3.49,+23.697, +8.085,+0.953
1703456100,+3.49,+23.848, +8.060,+0.952
1703456700,+3.49,+23.923, +8.056,+0.953
1703457300,+3.49,+23.873, +8.068,+0.953
1703457900,+3.49,+23.739, +8.091,+0.953
1703458500,+3.49,+23.596, +8.100,+0.952
1703459100,+3.49,+23.471, +8.126,+0.953
1703459700,+3.49,+23.404, +8.133,+0.953
1703460300,+3.49,+23.328, +8.155,+0.954
1703460900,+3.49,+23.312, +8.137,+0.952
1703461500,+3.49,+23.395, +8.145,+0.954
1703462100,+3.49,+23.412, +8.122,+0.953
1703462700,+3.49,+23.488, +8.122,+0.953
1703463300,+3.49,+23.546, +8.109,+0.953
1703463900,+3.49,+23.613, +8.101,+0.953
1703464500,+3.49,+23.622, +8.096,+0.953
1703465100,+3.49,+23.680, +8.095,+0.953
1703465700,+3.49,+23.722, +8.082,+0.953
1703466300,+3.49,+23.764, +8.086,+0.953
1703466900,+3.49,+23.789, +8.079,+0.953
1703467500,+3.49,+23.839, +8.074,+0.953
1703468100,+3.49,+23.881, +8.061,+0.953
1703468700,+3.49,+23.898, +8.071,+0.953
1703469300,+3.49,+23.940, +8.059,+0.953
1703469900,+3.49,+23.957, +8.055,+0.953
1703470500,+3.49,+23.990, +8.065,+0.954
1703471100,+3.49,+24.024, +8.060,+0.954
1703471700,+3.49,+24.040, +8.054,+0.953
1703472300,+3.49,+24.091, +8.046,+0.953
1703472900,+3.49,+24.099, +8.040,+0.953
1703473500,+3.49,+24.124, +8.030,+0.953
1703474100,+3.49,+24.133, +8.038,+0.953
1703474700,+3.49,+24.149, +8.041,+0.953
1703475300,+3.49,+24.183, +8.036,+0.953
1703475900,+3.49,+24.217, +8.025,+0.953
1703476500,+3.49,+24.225, +8.021,+0.953
1703477100,+3.49,+24.242, +8.016,+0.953
1703477700,+3.49,+24.259, +8.029,+0.954
1703478300,+3.49,+24.292, +8.019,+0.953
1703478900,+3.49,+24.275, +8.032,+0.954
1703479500,+3.49,+24.309, +8.011,+0.953
1703480100,+3.49,+24.200, +8.039,+0.953
1703480700,+3.49,+24.015, +8.061,+0.953
1703481300,+3.49,+23.797, +8.092,+0.953
1703481900,+3.49,+23.613, +8.127,+0.954
1703482500,+3.49,+23.437, +8.140,+0.953
1703483100,+3.49,+23.270, +8.163,+0.953
1703483700,+3.49,+23.094, +8.195,+0.954
1703484300,+3.49,+22.960, +8.202,+0.953
1703484900,+3.49,+22.810, +8.232,+0.953
1703485500,+3.49,+22.693, +8.247,+0.953
1703486100,+3.49,+22.550, +8.261,+0.953
1703486700,+3.50,+22.450, +8.283,+0.953
1703487300,+3.49,+22.366, +8.288,+0.953
1703487900,+3.50,+22.283, +8.308,+0.954
1703488500,+3.49,+22.199, +8.310,+0.953
1703489100,+3.49,+22.124, +8.325,+0.953
1703489700,+3.49,+22.049, +8.328,+0.953
1703490300,+3.49,+21.990, +8.337,+0.953
1703490900,+3.49,+21.898, +8.353,+0.953
1703491500,+3.49,+21.831, +8.355,+0.952
1703492100,+3.49,+21.756, +8.371,+0.952
1703492700,+3.49,+21.664, +8.391,+0.953
1703493300,+3.50,+21.556, +8.402,+0.952
1703493900,+3.50,+21.464, +8.427,+0.953
1703494500,+3.50,+21.388, +8.417,+0.952
1703495100,+3.50,+21.330, +8.432,+0.952
1703495700,+3.50,+21.280, +8.448,+0.953
1703496300,+3.50,+21.246, +8.452,+0.953
1703496900,+3.50,+21.221, +8.453,+0.952
1703497500,+3.50,+21.196, +8.462,+0.953
1703498100,+3.50,+21.154, +8.466,+0.953
1703498700,+3.50,+21.138, +8.456,+0.952
1703499300,+3.50,+21.146, +8.463,+0.952
1703499900,+3.49,+21.129, +8.461,+0.952
1703500500,+3.49,+21.096, +8.486,+0.953
1703501100,+3.49,+21.062, +8.482,+0.952
1703501700,+3.49,+20.996, +8.503,+0.953
1703502300,+3.49,+20.945, +8.500,+0.952
1703502900,+3.49,+20.862, +8.518,+0.953
1703503500,+3.49,+20.828, +8.520,+0.952
1703504100,+3.49,+20.828, +8.521,+0.953
1703504700,+3.49,+20.828, +8.514,+0.952
1703505300,+3.49,+20.812, +8.524,+0.953
1703505900,+3.49,+20.786, +8.523,+0.952
1703506500,+3.49,+20.770, +8.531,+0.953
1703507100,+3.49,+20.753, +8.528,+0.952
1703507700,+3.49,+20.770, +8.528,+0.952
1703508300,+3.49,+20.795, +8.520,+0.952
1703508900,+3.49,+20.778, +8.533,+0.953
1703509500,+3.49,+20.786, +8.535,+0.953
1703510100,+3.49,+20.778, +8.532,+0.953
1703510700,+3.49,+20.803, +8.531,+0.953
1703511300,+3.49,+20.812, +8.534,+0.953
1703511900,+3.49,+20.820, +8.533,+0.953
1703512500,+3.49,+20.837, +8.528,+0.953
1703513100,+3.49,+20.845, +8.519,+0.952
1703513700,+3.49,+20.845, +8.526,+0.952
1703514300,+3.49,+20.828, +8.534,+0.953
1703514900,+3.49,+20.778, +8.533,+0.952
1703515500,+3.49,+20.728, +8.550,+0.953
1703516100,+3.49,+20.678, +8.547,+0.952
1703516700,+3.49,+20.619, +8.556,+0.952
1703517300,+3.49,+20.577, +8.582,+0.953
1703517900,+3.49,+20.611, +8.561,+0.952
1703518500,+3.49,+20.619, +8.567,+0.953
1703519100,+3.49,+20.661, +8.557,+0.953
1703519700,+3.49,+20.736, +8.538,+0.952
1703520300,+3.49,+20.853, +8.517,+0.952
1703520900,+3.49,+20.996, +8.486,+0.952
1703521500,+3.49,+21.121, +8.470,+0.952
1703522100,+3.49,+21.280, +8.444,+0.952
1703522700,+3.49,+21.422, +8.426,+0.953
1703523300,+3.49,+21.547, +8.405,+0.952
1703523900,+3.49,+21.681, +8.386,+0.953
1703524500,+3.49,+21.781, +8.370,+0.953
1703525100,+3.49,+21.915, +8.340,+0.952
1703525700,+3.49,+22.132, +8.311,+0.952
1703526300,+3.49,+22.316, +8.282,+0.952
1703526900,+3.49,+22.550, +8.242,+0.952
1703527500,+3.49,+22.667, +8.232,+0.952
1703528100,+3.49,+22.810, +8.219,+0.953
1703528700,+3.49,+22.944, +8.196,+0.953
1703529300,+3.49,+23.061, +8.179,+0.953
1703529900,+3.49,+23.186, +8.160,+0.953
1703530500,+3.49,+23.320, +8.133,+0.952
1703531100,+3.49,+23.412, +8.135,+0.953
1703531700,+3.49,+23.462, +8.117,+0.953
1703532300,+3.49,+23.513, +8.105,+0.952
1703532900,+3.49,+23.546, +8.108,+0.953
1703533500,+3.49,+23.580, +8.107,+0.953
1703534100,+3.49,+23.622, +8.095,+0.953
1703534700,+3.49,+23.580, +8.107,+0.953
1703535300,+3.49,+23.479, +8.121,+0.953
1703535900,+3.49,+23.370, +8.142,+0.953
1703536500,+3.49,+23.379, +8.125,+0.953
1703537100,+3.49,+23.387, +8.131,+0.953
1703537700,+3.49,+23.429, +8.131,+0.953
1703538300,+3.49,+23.471, +8.119,+0.953
1703538900,+3.49,+23.513, +8.114,+0.953
1703539500,+3.49,+23.571, +8.106,+0.953
1703540100,+3.49,+23.588, +8.094,+0.952
1703540700,+3.49,+23.622, +8.102,+0.953
1703541300,+3.49,+23.663, +8.091,+0.953
1703541900,+3.49,+23.689, +8.092,+0.953
