7450-988987
OS REV: 1.05 Sensor Cal: 1620327161
Time (sec),  BV (Volts),  T (deg C),  DO (mg/l),  Q ()
1704479280,+3.46,+24.569, +0.051,+0.933
1704479340,+3.46,+24.569, +0.051,+0.933
1704479400,+3.46,+24.594, +0.051,+0.933
1704479460,+3.46,+24.594, +0.050,+0.933
1704479520,+3.46,+24.603, +0.051,+0.933
1704479580,+3.46,+24.619, +0.051,+0.932
1704479640,+3.46,+24.645, +0.051,+0.933
1704479700,+3.46,+24.661, +0.051,+0.932
1704479760,+3.46,+24.661, +0.051,+0.932
1704479820,+3.46,+24.670, +0.051,+0.932
1704479880,+3.46,+24.678, +0.051,+0.932
1704479940,+3.46,+24.695, +0.051,+0.933
1704480000,+3.46,+24.720, +0.051,+0.932
1704480060,+3.46,+24.703, +0.051,+0.932
1704480120,+3.46,+24.720, +0.051,+0.933
1704480180,+3.46,+24.703, +0.051,+0.932
1704480240,+3.46,+24.712, +0.051,+0.933
1704480300,+3.46,+24.695, +0.051,+0.932
1704480360,+3.46,+24.703, +0.051,+0.933
1704480420,+3.46,+24.703, +0.051,+0.932
1704480480,+3.46,+24.720, +0.051,+0.933
1704480540,+3.46,+24.712, +0.051,+0.932
1704480600,+3.46,+24.729, +0.051,+0.933
1704480660,+3.46,+24.712, +0.052,+0.933
1704480720,+3.46,+24.712, +0.051,+0.933
1704480780,+3.46,+24.720, +0.051,+0.933
1704480840,+3.46,+24.720, +0.051,+0.933
1704480900,+3.46,+24.729, +0.051,+0.932
1704480960,+3.46,+24.754, +0.051,+0.932
1704481020,+3.46,+24.729, +0.051,+0.932
1704481080,+3.46,+24.737, +0.052,+0.933
1704481140,+3.46,+24.754, +0.051,+0.933
1704481200,+3.46,+24.745, +0.051,+0.932
1704481260,+3.46,+24.771, +0.051,+0.933
1704481320,+3.46,+24.754, +0.051,+0.933
1704481380,+3.46,+24.779, +0.051,+0.932
1704481440,+3.46,+24.762, +0.052,+0.933
1704481500,+3.46,+24.813, +0.052,+0.933
1704481560,+3.46,+24.813, +0.052,+0.933
1704481620,+3.46,+24.829, +0.052,+0.933
1704481680,+3.46,+24.829, +0.051,+0.933
1704481740,+3.45,+24.838, +0.052,+0.933
1704481800,+3.45,+24.846, +0.052,+0.933
1704481860,+3.46,+24.813, +0.052,+0.933
1704481920,+3.46,+24.829, +0.052,+0.933
1704481980,+3.46,+24.829, +0.052,+0.933
1704482040,+3.46,+24.846, +0.052,+0.933
1704482100,+3.45,+24.838, +0.051,+0.933
1704482160,+3.46,+24.863, +0.052,+0.932
1704482220,+3.46,+24.855, +0.052,+0.933
1704482280,+3.46,+24.863, +0.051,+0.933
1704482340,+3.45,+24.855, +0.052,+0.933
1704482400,+3.46,+24.855, +0.051,+0.933
1704482460,+3.46,+24.846, +0.051,+0.933
1704482520,+3.46,+24.804, +0.051,+0.933
1704482580,+3.46,+24.829, +0.051,+0.933
1704482640,+3.46,+24.838, +0.052,+0.933
1704482700,+3.46,+24.829, +0.051,+0.933
1704482760,+3.46,+24.829, +0.051,+0.932
1704482820,+3.46,+24.821, +0.051,+0.932
1704482880,+3.46,+24.813, +0.051,+0.933
1704482940,+3.46,+24.829, +0.052,+0.933
1704483000,+3.46,+24.829, +0.051,+0.933
1704483060,+3.46,+24.838, +0.052,+0.933
1704483120,+3.46,+24.846, +0.052,+0.933
1704483180,+3.46,+24.838, +0.052,+0.933
1704483240,+3.46,+24.855, +0.052,+0.933
1704483300,+3.45,+24.838, +0.051,+0.933
1704483360,+3.46,+24.855, +0.052,+0.933
1704483420,+3.45,+24.855, +0.052,+0.933
1704483480,+3.46,+24.855, +0.051,+0.933
1704483540,+3.46,+24.855, +0.052,+0.933
1704483600,+3.46,+24.880, +0.051,+0.932
1704483660,+3.46,+24.855, +0.051,+0.932
1704483720,+3.46,+24.855, +0.051,+0.933
1704483780,+3.46,+24.863, +0.052,+0.933
1704483840,+3.46,+24.888, +0.051,+0.932
1704483900,+3.46,+24.871, +0.051,+0.933
1704483960,+3.46,+24.863, +0.051,+0.933
1704484020,+3.46,+24.871, +0.051,+0.933
1704484080,+3.46,+24.863, +0.051,+0.933
1704484140,+3.46,+24.863, +0.052,+0.933
1704484200,+3.45,+24.888, +0.052,+0.933
1704484260,+3.46,+24.871, +0.051,+0.933
1704484320,+3.46,+24.888, +0.051,+0.933
1704484380,+3.46,+24.888, +0.051,+0.933
1704484440,+3.46,+24.871, +0.052,+0.933
1704484500,+3.45,+24.905, +0.052,+0.933
1704484560,+3.46,+24.913, +0.051,+0.933
1704484620,+3.46,+24.880, +0.051,+0.933
1704484680,+3.46,+24.897, +0.052,+0.933
1704484740,+3.46,+24.913, +0.051,+0.933
1704484800,+3.45,+24.930, +0.052,+0.933
1704484860,+3.45,+24.922, +0.051,+0.933
1704484920,+3.45,+24.913, +0.052,+0.933
1704484980,+3.45,+24.930, +0.052,+0.933
1704485040,+3.45,+24.922, +0.051,+0.933
1704485100,+3.45,+24.922, +0.051,+0.933
1704485160,+3.46,+24.939, +0.051,+0.933
1704485220,+3.45,+24.955, +0.051,+0.933
1704485280,+3.45,+24.905, +0.052,+0.933
1704485340,+3.45,+24.930, +0.052,+0.933
1704485400,+3.46,+24.939, +0.051,+0.932
1704485460,+3.45,+24.930, +0.052,+0.933
1704485520,+3.45,+24.939, +0.051,+0.933
1704485580,+3.46,+24.930, +0.052,+0.933
1704485640,+3.45,+24.947, +0.052,+0.933
1704485700,+3.46,+24.930, +0.052,+0.933
1704485760,+3.45,+24.930, +0.051,+0.933
1704485820,+3.45,+24.955, +0.051,+0.933
1704485880,+3.45,+24.947, +0.052,+0.933
1704485940,+3.46,+24.955, +0.051,+0.933
1704486000,+3.45,+24.930, +0.051,+0.933
1704486060,+3.46,+24.939, +0.051,+0.933
1704486120,+3.45,+24.947, +0.052,+0.933
1704486180,+3.45,+24.955, +0.051,+0.933
1704486240,+3.45,+24.947, +0.052,+0.933
1704486300,+3.45,+24.964, +0.052,+0.933
1704486360,+3.46,+24.955, +0.052,+0.933
1704486420,+3.45,+24.981, +0.052,+0.933
1704486480,+3.45,+24.989, +0.051,+0.933
1704486540,+3.45,+24.955, +0.052,+0.933
1704486600,+3.45,+24.989, +0.052,+0.933
1704486660,+3.45,+24.997, +0.052,+0.933
1704486720,+3.45,+24.997, +0.052,+0.933
1704486780,+3.45,+24.989, +0.052,+0.933
1704486840,+3.45,+24.981, +0.051,+0.933
1704486900,+3.46,+24.972, +0.052,+0.933
1704486960,+3.45,+24.981, +0.052,+0.933
1704487020,+3.45,+24.972, +0.052,+0.933
1704487080,+3.45,+24.981, +0.051,+0.933
1704487140,+3.45,+24.981, +0.051,+0.933
1704487200,+3.45,+24.981, +0.052,+0.933
1704487260,+3.46,+24.964, +0.052,+0.933
1704487320,+3.46,+24.981, +0.051,+0.933
1704487380,+3.45,+24.989, +0.052,+0.933
1704487440,+3.46,+24.972, +0.052,+0.933
1704487500,+3.45,+24.981, +0.052,+0.933
1704487560,+3.45,+24.997, +0.052,+0.933
1704487620,+3.45,+24.997, +0.052,+0.933
1704487680,+3.45,+25.006, +0.052,+0.933
1704487740,+3.46,+24.972, +0.051,+0.933
1704487800,+3.46,+24.972, +0.052,+0.933
1704487860,+3.45,+24.955, +0.051,+0.933
1704487920,+3.46,+24.972, +0.051,+0.933
1704487980,+3.45,+24.997, +0.052,+0.933
1704488040,+3.45,+24.989, +0.052,+0.933
1704488100,+3.45,+24.989, +0.052,+0.933
1704488160,+3.45,+25.006, +0.052,+0.933
1704488220,+3.45,+24.989, +0.052,+0.933
1704488280,+3.46,+24.997, +0.052,+0.933
1704488340,+3.45,+25.006, +0.052,+0.933
1704488400,+3.45,+25.014, +0.052,+0.933
1704488460,+3.45,+24.997, +0.052,+0.933
1704488520,+3.45,+25.014, +0.052,+0.933
1704488580,+3.46,+25.014, +0.052,+0.933
1704488640,+3.45,+24.997, +0.052,+0.933
1704488700,+3.45,+25.006, +0.052,+0.933
1704488760,+3.46,+25.006, +0.052,+0.933
1704488820,+3.45,+25.014, +0.052,+0.933
1704488880,+3.46,+25.014, +0.052,+0.933
1704488940,+3.45,+24.997, +0.052,+0.933
1704489000,+3.46,+25.014, +0.052,+0.933
1704489060,+3.45,+25.006, +0.051,+0.933
1704489120,+3.45,+25.014, +0.051,+0.933
1704489180,+3.45,+24.997, +0.052,+0.933
1704489240,+3.45,+24.989, +0.052,+0.933
1704489300,+3.45,+24.997, +0.051,+0.933
1704489360,+3.45,+24.997, +0.052,+0.933
1704489420,+3.45,+24.997, +0.052,+0.933
1704489480,+3.45,+25.006, +0.052,+0.933
1704489540,+3.45,+25.006, +0.052,+0.933
1704489600,+3.45,+25.031, +0.051,+0.933
1704489660,+3.45,+25.023, +0.052,+0.933
1704489720,+3.45,+25.031, +0.052,+0.933
1704489780,+3.45,+25.006, +0.051,+0.933
1704489840,+3.45,+25.023, +0.052,+0.933
1704489900,+3.45,+24.989, +0.052,+0.933
1704489960,+3.45,+24.989, +0.052,+0.933
1704490020,+3.45,+24.997, +0.052,+0.933
1704490080,+3.45,+25.006, +0.052,+0.933
1704490140,+3.45,+24.997, +0.052,+0.933
1704490200,+3.45,+25.006, +0.052,+0.933
1704490260,+3.45,+24.989, +0.052,+0.933
1704490320,+3.45,+25.006, +0.052,+0.933
1704490380,+3.45,+24.997, +0.052,+0.933
1704490440,+3.45,+24.997, +0.052,+0.933
1704490500,+3.45,+24.989, +0.052,+0.933
1704490560,+3.45,+25.023, +0.051,+0.933
1704490620,+3.46,+24.997, +0.052,+0.933
1704490680,+3.45,+25.023, +0.052,+0.933
1704490740,+3.45,+25.014, +0.051,+0.933
1704490800,+3.45,+24.997, +0.052,+0.933
1704490860,+3.46,+24.981, +0.051,+0.933
1704490920,+3.46,+24.989, +0.052,+0.933
1704490980,+3.46,+24.972, +0.052,+0.933
1704491040,+3.46,+24.972, +0.052,+0.933
1704491100,+3.46,+24.989, +0.052,+0.933
1704491160,+3.45,+25.006, +0.052,+0.933
1704491220,+3.46,+25.014, +0.052,+0.933
1704491280,+3.46,+24.997, +0.052,+0.933
1704491340,+3.46,+24.997, +0.052,+0.933
1704491400,+3.46,+25.006, +0.052,+0.933
1704491460,+3.46,+25.006, +0.052,+0.933
1704491520,+3.46,+24.989, +0.052,+0.933
1704491580,+3.46,+25.006, +0.051,+0.933
1704491640,+3.46,+25.014, +0.052,+0.933
1704491700,+3.46,+25.006, +0.052,+0.933
1704491760,+3.45,+24.997, +0.052,+0.933
1704491820,+3.46,+24.997, +0.052,+0.933
1704491880,+3.45,+25.006, +0.052,+0.933
1704491940,+3.45,+25.006, +0.052,+0.933
1704492000,+3.46,+25.006, +0.052,+0.933
1704492060,+3.45,+25.014, +0.052,+0.933
1704492120,+3.45,+25.014, +0.052,+0.933
1704492180,+3.46,+24.997, +0.052,+0.933
1704492240,+3.45,+25.014, +0.056,+0.933
1704492300,+3.46,+25.023, +0.054,+0.933
1704492360,+3.45,+25.039, +0.052,+0.933
1704492420,+3.45,+25.048, +0.052,+0.933
1704492480,+3.45,+25.048, +0.052,+0.933
1704492540,+3.45,+25.048, +0.053,+0.933
1704492600,+3.45,+25.048, +0.058,+0.933
1704492660,+3.45,+25.065, +0.054,+0.933
1704492720,+3.45,+25.048, +0.054,+0.933
1704492780,+3.45,+25.014, +0.053,+0.933
1704492840,+3.46,+25.031, +0.053,+0.933
1704492900,+3.45,+25.039, +0.063,+0.933
1704492960,+3.46,+25.048, +0.055,+0.933
1704493020,+3.46,+25.048, +0.052,+0.933
1704493080,+3.45,+25.048, +0.053,+0.933
1704493140,+3.45,+25.031, +0.052,+0.933
1704493200,+3.46,+25.039, +0.052,+0.933
1704493260,+3.45,+25.048, +0.052,+0.933
1704493320,+3.45,+25.031, +0.052,+0.933
1704493380,+3.46,+25.039, +0.052,+0.933
1704493440,+3.45,+25.048, +0.052,+0.933
1704493500,+3.45,+25.039, +0.052,+0.933
1704493560,+3.45,+25.039, +0.052,+0.933
1704493620,+3.46,+25.031, +0.052,+0.933
1704493680,+3.45,+25.031, +0.053,+0.933
1704493740,+3.45,+25.014, +0.053,+0.933
1704493800,+3.45,+25.014, +0.052,+0.933
1704493860,+3.46,+25.023, +0.052,+0.933
1704493920,+3.46,+24.989, +0.052,+0.933
1704493980,+3.46,+24.997, +0.051,+0.933
1704494040,+3.46,+24.997, +0.052,+0.933
1704494100,+3.46,+24.997, +0.052,+0.933
1704494160,+3.46,+24.997, +0.052,+0.933
1704494220,+3.46,+24.997, +0.052,+0.933
1704494280,+3.46,+24.989, +0.052,+0.933
1704494340,+3.46,+24.997, +0.052,+0.933
1704494400,+3.46,+24.981, +0.053,+0.933
1704494460,+3.46,+24.981, +0.052,+0.933
1704494520,+3.46,+24.972, +0.052,+0.933
1704494580,+3.46,+24.981, +0.052,+0.933
1704494640,+3.46,+24.972, +0.052,+0.933
1704494700,+3.46,+24.972, +0.052,+0.933
1704494760,+3.46,+24.947, +0.053,+0.933
1704494820,+3.46,+24.964, +0.053,+0.933
1704494880,+3.46,+24.955, +0.054,+0.933
1704494940,+3.46,+24.947, +0.054,+0.933
1704495000,+3.46,+24.947, +0.054,+0.933
1704495060,+3.46,+24.947, +0.053,+0.933
1704495120,+3.46,+24.955, +0.054,+0.933
1704495180,+3.46,+24.955, +0.053,+0.933
1704495240,+3.46,+24.964, +0.054,+0.933
1704495300,+3.46,+24.947, +0.053,+0.933
1704495360,+3.46,+24.930, +0.054,+0.933
1704495420,+3.46,+24.939, +0.058,+0.933
1704495480,+3.46,+24.947, +0.059,+0.933
1704495540,+3.46,+24.922, +0.057,+0.933
1704495600,+3.46,+24.922, +0.056,+0.933
1704495660,+3.46,+24.939, +0.053,+0.933
1704495720,+3.46,+24.930, +0.054,+0.933
1704495780,+3.46,+24.922, +0.054,+0.933
1704495840,+3.46,+24.913, +0.053,+0.933
1704495900,+3.46,+24.922, +0.053,+0.933
1704495960,+3.46,+24.905, +0.052,+0.933
1704496020,+3.46,+24.922, +0.052,+0.933
1704496080,+3.46,+24.905, +0.053,+0.933
1704496140,+3.46,+24.922, +0.052,+0.933
1704496200,+3.46,+24.905, +0.052,+0.933
1704496260,+3.46,+24.897, +0.052,+0.933
1704496320,+3.46,+24.897, +0.052,+0.933
1704496380,+3.46,+24.888, +0.052,+0.933
1704496440,+3.46,+24.880, +0.052,+0.933
1704496500,+3.46,+24.888, +0.052,+0.933
1704496560,+3.46,+24.880, +0.052,+0.933
1704496620,+3.46,+24.880, +0.052,+0.933
1704496680,+3.46,+24.871, +0.052,+0.933
1704496740,+3.46,+24.880, +0.051,+0.933
1704496800,+3.46,+24.871, +0.052,+0.933
1704496860,+3.46,+24.863, +0.052,+0.933
1704496920,+3.46,+24.855, +0.054,+0.933
1704496980,+3.46,+24.855, +0.054,+0.933
1704497040,+3.46,+24.855, +0.055,+0.933
1704497100,+3.46,+24.846, +0.055,+0.933
1704497160,+3.46,+24.846, +0.054,+0.933
1704497220,+3.46,+24.855, +0.054,+0.933
1704497280,+3.46,+24.855, +0.053,+0.933
1704497340,+3.46,+24.846, +0.052,+0.933
1704497400,+3.46,+24.846, +0.052,+0.933
1704497460,+3.46,+24.863, +0.052,+0.933
1704497520,+3.46,+24.846, +0.052,+0.933
1704497580,+3.46,+24.829, +0.052,+0.933
1704497640,+3.46,+24.821, +0.052,+0.933
1704497700,+3.46,+24.813, +0.052,+0.933
1704497760,+3.46,+24.821, +0.052,+0.933
1704497820,+3.46,+24.804, +0.053,+0.933
1704497880,+3.46,+24.796, +0.052,+0.933
1704497940,+3.46,+24.813, +0.052,+0.933
1704498000,+3.46,+24.787, +0.052,+0.933
1704498060,+3.46,+24.804, +0.052,+0.933
1704498120,+3.46,+24.796, +0.052,+0.933
1704498180,+3.46,+24.796, +0.052,+0.933
1704498240,+3.46,+24.796, +0.052,+0.933
1704498300,+3.46,+24.787, +0.052,+0.933
1704498360,+3.46,+24.787, +0.052,+0.933
1704498420,+3.46,+24.787, +0.052,+0.933
1704498480,+3.46,+24.762, +0.052,+0.933
1704498540,+3.46,+24.779, +0.052,+0.933
1704498600,+3.46,+24.771, +0.052,+0.933
1704498660,+3.46,+24.762, +0.052,+0.933
1704498720,+3.46,+24.754, +0.052,+0.933
1704498780,+3.46,+24.771, +0.052,+0.933
1704498840,+3.46,+24.762, +0.052,+0.933
1704498900,+3.46,+24.754, +0.052,+0.933
1704498960,+3.46,+24.762, +0.052,+0.933
1704499020,+3.46,+24.745, +0.052,+0.933
1704499080,+3.46,+24.745, +0.052,+0.933
1704499140,+3.46,+24.737, +0.052,+0.933
1704499200,+3.46,+24.737, +0.051,+0.933
1704499260,+3.46,+24.737, +0.052,+0.933
1704499320,+3.46,+24.737, +0.051,+0.933
1704499380,+3.46,+24.729, +0.052,+0.933
1704499440,+3.46,+24.712, +0.052,+0.933
1704499500,+3.46,+24.720, +0.052,+0.933
1704499560,+3.46,+24.703, +0.052,+0.933
1704499620,+3.46,+24.712, +0.052,+0.933
1704499680,+3.46,+24.720, +0.052,+0.933
1704499740,+3.46,+24.712, +0.052,+0.933
1704499800,+3.46,+24.703, +0.052,+0.933
1704499860,+3.46,+24.678, +0.051,+0.933
1704499920,+3.46,+24.703, +0.052,+0.933
1704499980,+3.46,+24.687, +0.052,+0.933
1704500040,+3.46,+24.687, +0.092,+0.934
1704500100,+3.46,+24.678, +0.064,+0.933
1704500160,+3.46,+24.670, +0.052,+0.933
1704500220,+3.46,+24.687, +0.052,+0.933
1704500280,+3.46,+24.678, +0.052,+0.933
1704500340,+3.46,+24.687, +0.052,+0.933
1704500400,+3.46,+24.670, +0.052,+0.933
1704500460,+3.46,+24.661, +0.052,+0.933
1704500520,+3.46,+24.670, +0.052,+0.933
1704500580,+3.46,+24.653, +0.053,+0.933
1704500640,+3.46,+24.661, +0.053,+0.933
1704500700,+3.46,+24.645, +0.052,+0.933
1704500760,+3.46,+24.645, +0.052,+0.933
1704500820,+3.46,+24.653, +0.053,+0.933
1704500880,+3.46,+24.645, +0.052,+0.933
1704500940,+3.46,+24.636, +0.052,+0.933
1704501000,+3.46,+24.619, +0.051,+0.933
1704501060,+3.46,+24.619, +0.052,+0.933
1704501120,+3.46,+24.628, +0.052,+0.933
1704501180,+3.46,+24.619, +0.052,+0.933
1704501240,+3.46,+24.628, +0.051,+0.933
1704501300,+3.46,+24.636, +0.051,+0.933
1704501360,+3.46,+24.603, +0.052,+0.933
1704501420,+3.46,+24.628, +0.052,+0.933
1704501480,+3.46,+24.594, +0.052,+0.933
1704501540,+3.46,+24.586, +0.052,+0.933
1704501600,+3.46,+24.586, +0.052,+0.933
1704501660,+3.46,+24.611, +0.052,+0.933
1704501720,+3.46,+24.594, +0.052,+0.933
1704501780,+3.46,+24.586, +0.052,+0.933
1704501840,+3.46,+24.586, +0.052,+0.933
1704501900,+3.46,+24.577, +0.052,+0.933
1704501960,+3.46,+24.586, +0.052,+0.933
1704502020,+3.46,+24.586, +0.052,+0.933
1704502080,+3.46,+24.586, +0.052,+0.933
1704502140,+3.46,+24.561, +0.052,+0.933
1704502200,+3.46,+24.577, +0.052,+0.933
1704502260,+3.46,+24.569, +0.051,+0.933
1704502320,+3.46,+24.569, +0.051,+0.933
1704502380,+3.46,+24.535, +0.052,+0.933
1704502440,+3.46,+24.535, +0.052,+0.933
1704502500,+3.46,+24.552, +0.051,+0.933
1704502560,+3.46,+24.527, +0.052,+0.933
1704502620,+3.46,+24.527, +0.052,+0.933
1704502680,+3.46,+24.527, +0.052,+0.933
1704502740,+3.46,+24.527, +0.052,+0.933
1704502800,+3.46,+24.519, +0.052,+0.933
1704502860,+3.46,+24.510, +0.052,+0.933
1704502920,+3.46,+24.510, +0.052,+0.933
1704502980,+3.46,+24.519, +0.052,+0.933
1704503040,+3.46,+24.510, +0.051,+0.933
1704503100,+3.46,+24.485, +0.051,+0.933
1704503160,+3.46,+24.510, +0.052,+0.933
1704503220,+3.46,+24.493, +0.051,+0.933
1704503280,+3.46,+24.493, +0.052,+0.933
1704503340,+3.46,+24.485, +0.052,+0.933
1704503400,+3.46,+24.485, +0.052,+0.933
1704503460,+3.46,+24.477, +0.052,+0.933
1704503520,+3.46,+24.485, +0.075,+0.934
1704503580,+3.46,+24.468, +0.055,+0.933
1704503640,+3.46,+24.468, +0.052,+0.933
1704503700,+3.46,+24.477, +0.052,+0.933
1704503760,+3.46,+24.468, +0.051,+0.933
1704503820,+3.46,+24.460, +0.052,+0.933
1704503880,+3.46,+24.468, +0.051,+0.933
1704503940,+3.46,+24.443, +0.051,+0.933
1704504000,+3.46,+24.435, +0.051,+0.933
1704504060,+3.46,+24.443, +0.052,+0.933
1704504120,+3.46,+24.443, +0.052,+0.933
1704504180,+3.46,+24.443, +0.051,+0.933
1704504240,+3.46,+24.435, +0.051,+0.933
1704504300,+3.46,+24.401, +0.052,+0.933
1704504360,+3.46,+24.426, +0.052,+0.933
1704504420,+3.46,+24.426, +0.052,+0.933
1704504480,+3.46,+24.410, +0.052,+0.933
1704504540,+3.46,+24.401, +0.051,+0.933
1704504600,+3.46,+24.426, +0.052,+0.933
1704504660,+3.46,+24.418, +0.051,+0.933
1704504720,+3.46,+24.410, +0.052,+0.933
1704504780,+3.46,+24.410, +0.052,+0.933
1704504840,+3.46,+24.393, +0.051,+0.933
1704504900,+3.46,+24.384, +0.051,+0.933
1704504960,+3.46,+24.384, +0.052,+0.933
1704505020,+3.46,+24.393, +0.051,+0.933
1704505080,+3.46,+24.410, +0.052,+0.933
1704505140,+3.46,+24.384, +0.052,+0.933
1704505200,+3.46,+24.376, +0.052,+0.933
1704505260,+3.46,+24.368, +0.052,+0.933
1704505320,+3.46,+24.368, +0.052,+0.933
1704505380,+3.46,+24.368, +0.051,+0.933
1704505440,+3.46,+24.351, +0.052,+0.933
1704505500,+3.46,+24.351, +0.052,+0.933
1704505560,+3.46,+24.359, +0.052,+0.933
1704505620,+3.46,+24.342, +0.052,+0.933
1704505680,+3.46,+24.342, +0.051,+0.933
1704505740,+3.46,+24.334, +0.052,+0.933
1704505800,+3.46,+24.326, +0.052,+0.933
1704505860,+3.46,+24.351, +0.052,+0.933
1704505920,+3.46,+24.326, +0.052,+0.933
1704505980,+3.46,+24.334, +0.051,+0.933
1704506040,+3.46,+24.326, +0.052,+0.933
1704506100,+3.46,+24.326, +0.052,+0.933
1704506160,+3.46,+24.334, +0.052,+0.933
1704506220,+3.46,+24.326, +0.051,+0.933
1704506280,+3.46,+24.309, +0.052,+0.933
1704506340,+3.46,+24.309, +0.051,+0.933
1704506400,+3.46,+24.300, +0.051,+0.933
1704506460,+3.46,+24.284, +0.051,+0.933
1704506520,+3.46,+24.292, +0.052,+0.933
1704506580,+3.46,+24.309, +0.052,+0.933
1704506640,+3.46,+24.284, +0.051,+0.933
1704506700,+3.46,+24.292, +0.051,+0.933
1704506760,+3.46,+24.275, +0.051,+0.933
1704506820,+3.46,+24.284, +0.051,+0.933
1704506880,+3.45,+24.267, +0.051,+0.933
1704506940,+3.45,+24.275, +0.051,+0.933
1704507000,+3.45,+24.267, +0.051,+0.933
1704507060,+3.46,+24.259, +0.051,+0.933
1704507120,+3.46,+24.275, +0.051,+0.933
1704507180,+3.45,+24.267, +0.051,+0.933
1704507240,+3.45,+24.259, +0.051,+0.933
1704507300,+3.45,+24.242, +0.051,+0.933
1704507360,+3.45,+24.267, +0.051,+0.933
1704507420,+3.45,+24.250, +0.052,+0.933
1704507480,+3.45,+24.267, +0.051,+0.933
1704507540,+3.45,+24.250, +0.052,+0.933
1704507600,+3.45,+24.233, +0.051,+0.933
1704507660,+3.45,+24.233, +0.051,+0.933
1704507720,+3.45,+24.233, +0.052,+0.933
1704507780,+3.46,+24.233, +0.051,+0.933
1704507840,+3.45,+24.217, +0.052,+0.933
1704507900,+3.45,+24.217, +0.052,+0.933
1704507960,+3.45,+24.225, +0.051,+0.933
1704508020,+3.45,+24.200, +0.052,+0.933
1704508080,+3.45,+24.225, +0.052,+0.933
1704508140,+3.45,+24.208, +0.051,+0.933
1704508200,+3.45,+24.191, +0.051,+0.933
1704508260,+3.45,+24.200, +0.051,+0.933
1704508320,+3.45,+24.191, +0.052,+0.933
1704508380,+3.45,+24.191, +0.051,+0.933
1704508440,+3.45,+24.200, +0.051,+0.933
1704508500,+3.45,+24.200, +0.052,+0.933
1704508560,+3.45,+24.191, +0.051,+0.933
1704508620,+3.46,+24.183, +0.051,+0.933
1704508680,+3.45,+24.183, +0.052,+0.933
1704508740,+3.45,+24.191, +0.052,+0.933
1704508800,+3.45,+24.183, +0.051,+0.933
1704508860,+3.45,+24.183, +0.051,+0.933
1704508920,+3.45,+24.183, +0.051,+0.933
1704508980,+3.45,+24.191, +0.051,+0.933
1704509040,+3.45,+24.175, +0.052,+0.933
1704509100,+3.46,+24.158, +0.052,+0.933
1704509160,+3.46,+24.158, +0.051,+0.933
1704509220,+3.45,+24.166, +0.051,+0.933
1704509280,+3.45,+24.166, +0.052,+0.933
1704509340,+3.46,+24.149, +0.051,+0.933
1704509400,+3.45,+24.149, +0.051,+0.933
1704509460,+3.45,+24.141, +0.051,+0.933
1704509520,+3.45,+24.124, +0.052,+0.933
1704509580,+3.46,+24.141, +0.052,+0.933
1704509640,+3.46,+24.124, +0.052,+0.933
1704509700,+3.45,+24.141, +0.051,+0.933
1704509760,+3.46,+24.124, +0.052,+0.933
1704509820,+3.46,+24.124, +0.051,+0.933
1704509880,+3.45,+24.124, +0.052,+0.933
1704509940,+3.46,+24.116, +0.051,+0.933
1704510000,+3.45,+24.116, +0.052,+0.933
1704510060,+3.45,+24.124, +0.052,+0.933
1704510120,+3.46,+24.108, +0.052,+0.933
1704510180,+3.46,+24.091, +0.051,+0.933
1704510240,+3.46,+24.099, +0.051,+0.933
1704510300,+3.45,+24.108, +0.051,+0.933
1704510360,+3.46,+24.091, +0.051,+0.933
1704510420,+3.46,+24.099, +0.051,+0.933
1704510480,+3.46,+24.099, +0.051,+0.933
1704510540,+3.46,+24.091, +0.051,+0.933
1704510600,+3.46,+24.082, +0.054,+0.933
1704510660,+3.46,+24.091, +0.052,+0.933
1704510720,+3.46,+24.082, +0.051,+0.933
1704510780,+3.46,+24.066, +0.051,+0.933
1704510840,+3.46,+24.082, +0.051,+0.933
1704510900,+3.45,+24.074, +0.051,+0.933
1704510960,+3.45,+24.066, +0.052,+0.933
1704511020,+3.46,+24.082, +0.051,+0.933
1704511080,+3.46,+24.057, +0.051,+0.933
1704511140,+3.45,+24.066, +0.050,+0.933
1704511200,+3.46,+24.049, +0.051,+0.933
1704511260,+3.46,+24.049, +0.051,+0.933
1704511320,+3.46,+24.049, +0.051,+0.933
1704511380,+3.46,+24.057, +0.051,+0.933
1704511440,+3.46,+24.040, +0.051,+0.933
1704511500,+3.46,+24.032, +0.052,+0.933
1704511560,+3.46,+24.040, +0.052,+0.933
1704511620,+3.46,+24.032, +0.052,+0.933
1704511680,+3.46,+24.015, +0.051,+0.933
1704511740,+3.46,+24.032, +0.051,+0.933
1704511800,+3.46,+24.007, +0.052,+0.933
1704511860,+3.46,+24.040, +0.052,+0.933
1704511920,+3.46,+24.032, +0.053,+0.933
1704511980,+3.46,+24.007, +0.052,+0.933
1704512040,+3.46,+24.024, +0.051,+0.933
1704512100,+3.46,+24.007, +0.051,+0.933
1704512160,+3.45,+24.032, +0.051,+0.933
1704512220,+3.46,+24.015, +0.050,+0.933
1704512280,+3.46,+23.990, +0.051,+0.933
1704512340,+3.46,+24.007, +0.051,+0.933
1704512400,+3.46,+23.990, +0.051,+0.933
1704512460,+3.46,+23.990, +0.051,+0.933
1704512520,+3.46,+23.990, +0.051,+0.933
1704512580,+3.46,+23.973, +0.051,+0.933
1704512640,+3.46,+23.973, +0.052,+0.933
1704512700,+3.46,+23.973, +0.051,+0.933
1704512760,+3.46,+23.965, +0.052,+0.933
1704512820,+3.46,+23.973, +0.051,+0.933
1704512880,+3.46,+23.973, +0.051,+0.933
1704512940,+3.46,+23.965, +0.052,+0.933
1704513000,+3.46,+23.948, +0.051,+0.933
1704513060,+3.46,+23.965, +0.051,+0.933
1704513120,+3.46,+23.973, +0.051,+0.933
1704513180,+3.46,+23.957, +0.051,+0.933
1704513240,+3.46,+23.957, +0.051,+0.933
1704513300,+3.46,+23.948, +0.051,+0.933
1704513360,+3.46,+23.940, +0.051,+0.933
1704513420,+3.46,+23.940, +0.051,+0.933
1704513480,+3.46,+23.940, +0.051,+0.933
1704513540,+3.46,+23.932, +0.051,+0.933
1704513600,+3.46,+23.923, +0.051,+0.933
1704513660,+3.46,+23.932, +0.051,+0.933
1704513720,+3.46,+23.915, +0.051,+0.933
1704513780,+3.46,+23.923, +0.051,+0.933
1704513840,+3.46,+23.906, +0.052,+0.933
1704513900,+3.46,+23.906, +0.051,+0.933
1704513960,+3.46,+23.915, +0.051,+0.933
1704514020,+3.46,+23.915, +0.051,+0.933
1704514080,+3.46,+23.923, +0.050,+0.933
1704514140,+3.46,+23.898, +0.051,+0.933
1704514200,+3.46,+23.890, +0.051,+0.933
1704514260,+3.46,+23.898, +0.051,+0.933
1704514320,+3.46,+23.915, +0.051,+0.933
1704514380,+3.46,+23.881, +0.051,+0.933
1704514440,+3.46,+23.873, +0.051,+0.933
1704514500,+3.46,+23.873, +0.051,+0.933
1704514560,+3.46,+23.881, +0.051,+0.933
1704514620,+3.46,+23.873, +0.051,+0.933
1704514680,+3.46,+23.864, +0.051,+0.933
1704514740,+3.46,+23.856, +0.051,+0.933
1704514800,+3.46,+23.856, +0.051,+0.933
1704514860,+3.46,+23.864, +0.051,+0.933
1704514920,+3.46,+23.831, +0.051,+0.933
1704514980,+3.46,+23.848, +0.050,+0.933
1704515040,+3.46,+23.864, +0.051,+0.933
1704515100,+3.46,+23.856, +0.054,+0.933
1704515160,+3.46,+23.839, +0.052,+0.933
1704515220,+3.46,+23.823, +0.051,+0.933
1704515280,+3.46,+23.839, +0.052,+0.933
1704515340,+3.46,+23.839, +0.051,+0.933
1704515400,+3.46,+23.839, +0.051,+0.933
1704515460,+3.46,+23.831, +0.051,+0.933
1704515520,+3.46,+23.831, +0.051,+0.933
1704515580,+3.46,+23.823, +0.051,+0.933
1704515640,+3.46,+23.831, +0.051,+0.933
1704515700,+3.46,+23.823, +0.051,+0.933
1704515760,+3.46,+23.797, +0.051,+0.933
1704515820,+3.46,+23.797, +0.050,+0.933
1704515880,+3.46,+23.789, +0.051,+0.933
1704515940,+3.46,+23.789, +0.051,+0.933
1704516000,+3.46,+23.806, +0.051,+0.933
1704516060,+3.46,+23.806, +0.052,+0.933
1704516120,+3.46,+23.789, +0.051,+0.933
1704516180,+3.46,+23.781, +0.052,+0.933
1704516240,+3.46,+23.789, +0.051,+0.933
1704516300,+3.46,+23.781, +0.051,+0.933
1704516360,+3.46,+23.772, +0.050,+0.933
1704516420,+3.46,+23.772, +0.051,+0.933
1704516480,+3.46,+23.789, +0.051,+0.933
1704516540,+3.46,+23.764, +0.051,+0.933
1704516600,+3.46,+23.772, +0.051,+0.933
1704516660,+3.46,+23.781, +0.052,+0.933
1704516720,+3.46,+23.772, +0.051,+0.933
1704516780,+3.46,+23.764, +0.051,+0.933
1704516840,+3.46,+23.756, +0.051,+0.933
1704516900,+3.46,+23.772, +0.051,+0.933
1704516960,+3.46,+23.772, +0.051,+0.933
1704517020,+3.46,+23.764, +0.051,+0.933
1704517080,+3.46,+23.764, +0.051,+0.933
1704517140,+3.46,+23.756, +0.051,+0.933
1704517200,+3.46,+23.756, +0.051,+0.933
1704517260,+3.46,+23.739, +0.051,+0.933
1704517320,+3.46,+23.747, +0.051,+0.933
1704517380,+3.46,+23.747, +0.051,+0.933
1704517440,+3.46,+23.747, +0.051,+0.933
1704517500,+3.46,+23.730, +0.051,+0.933
1704517560,+3.46,+23.739, +0.051,+0.933
1704517620,+3.46,+23.739, +0.051,+0.933
1704517680,+3.46,+23.739, +0.051,+0.933
1704517740,+3.46,+23.722, +0.051,+0.933
1704517800,+3.46,+23.722, +0.051,+0.933
1704517860,+3.46,+23.714, +0.051,+0.933
1704517920,+3.46,+23.714, +0.051,+0.933
1704517980,+3.46,+23.705, +0.052,+0.933
1704518040,+3.46,+23.722, +0.051,+0.933
1704518100,+3.46,+23.714, +0.051,+0.933
1704518160,+3.46,+23.689, +0.051,+0.933
1704518220,+3.46,+23.697, +0.051,+0.933
1704518280,+3.46,+23.689, +0.050,+0.933
1704518340,+3.46,+23.672, +0.051,+0.933
1704518400,+3.46,+23.697, +0.051,+0.933
1704518460,+3.46,+23.697, +0.051,+0.933
1704518520,+3.46,+23.689, +0.051,+0.933
1704518580,+3.46,+23.689, +0.052,+0.933
1704518640,+3.46,+23.689, +0.051,+0.933
1704518700,+3.46,+23.689, +0.051,+0.933
1704518760,+3.46,+23.697, +0.051,+0.933
1704518820,+3.46,+23.672, +0.051,+0.933
1704518880,+3.46,+23.680, +0.051,+0.933
1704518940,+3.46,+23.663, +0.051,+0.933
1704519000,+3.46,+23.663, +0.051,+0.933
1704519060,+3.46,+23.663, +0.051,+0.933
1704519120,+3.46,+23.655, +0.051,+0.933
1704519180,+3.46,+23.655, +0.051,+0.933
1704519240,+3.46,+23.655, +0.050,+0.933
1704519300,+3.46,+23.655, +0.051,+0.933
1704519360,+3.46,+23.638, +0.051,+0.933
1704519420,+3.46,+23.622, +0.051,+0.933
1704519480,+3.46,+23.638, +0.051,+0.933
1704519540,+3.46,+23.630, +0.051,+0.933
1704519600,+3.46,+23.638, +0.051,+0.933
1704519660,+3.46,+23.638, +0.051,+0.933
1704519720,+3.46,+23.622, +0.051,+0.933
1704519780,+3.46,+23.622, +0.051,+0.933
1704519840,+3.46,+23.613, +0.051,+0.933
1704519900,+3.46,+23.630, +0.051,+0.933
1704519960,+3.46,+23.605, +0.051,+0.933
1704520020,+3.46,+23.630, +0.051,+0.933
1704520080,+3.46,+23.622, +0.051,+0.933
1704520140,+3.46,+23.605, +0.051,+0.933
1704520200,+3.46,+23.613, +0.051,+0.933
1704520260,+3.46,+23.580, +0.051,+0.933
1704520320,+3.46,+23.630, +0.051,+0.933
1704520380,+3.46,+23.580, +0.051,+0.933
1704520440,+3.46,+23.605, +0.051,+0.933
1704520500,+3.46,+23.622, +0.051,+0.933
1704520560,+3.46,+23.580, +0.051,+0.933
1704520620,+3.46,+23.613, +0.051,+0.933
1704520680,+3.46,+23.605, +0.051,+0.933
1704520740,+3.46,+23.613, +0.051,+0.933
1704520800,+3.46,+23.613, +0.051,+0.933
1704520860,+3.46,+23.622, +0.050,+0.933
1704520920,+3.46,+23.605, +0.050,+0.933
1704520980,+3.46,+23.596, +0.051,+0.933
1704521040,+3.46,+23.613, +0.050,+0.933
1704521100,+3.46,+23.596, +0.050,+0.933
1704521160,+3.46,+23.588, +0.051,+0.933
1704521220,+3.46,+23.596, +0.051,+0.933
1704521280,+3.46,+23.555, +0.051,+0.933
1704521340,+3.46,+23.555, +0.050,+0.933
1704521400,+3.46,+23.555, +0.051,+0.933
1704521460,+3.46,+23.546, +0.051,+0.933
1704521520,+3.46,+23.538, +0.050,+0.933
1704521580,+3.46,+23.529, +0.051,+0.933
1704521640,+3.46,+23.529, +0.051,+0.933
1704521700,+3.46,+23.529, +0.051,+0.933
1704521760,+3.46,+23.521, +0.050,+0.933
1704521820,+3.46,+23.529, +0.051,+0.933
1704521880,+3.46,+23.538, +0.051,+0.933
1704521940,+3.46,+23.521, +0.050,+0.933
1704522000,+3.46,+23.521, +0.051,+0.933
1704522060,+3.46,+23.504, +0.051,+0.933
1704522120,+3.46,+23.513, +0.051,+0.933
1704522180,+3.46,+23.496, +0.051,+0.933
1704522240,+3.46,+23.496, +0.051,+0.933
1704522300,+3.46,+23.504, +0.050,+0.933
1704522360,+3.46,+23.496, +0.051,+0.933
1704522420,+3.46,+23.496, +0.051,+0.933
1704522480,+3.46,+23.479, +0.051,+0.933
1704522540,+3.46,+23.488, +0.051,+0.933
1704522600,+3.46,+23.513, +0.051,+0.933
1704522660,+3.46,+23.462, +0.051,+0.933
1704522720,+3.46,+23.479, +0.051,+0.933
1704522780,+3.46,+23.471, +0.051,+0.933
1704522840,+3.46,+23.471, +0.051,+0.933
1704522900,+3.46,+23.471, +0.051,+0.933
1704522960,+3.46,+23.471, +0.050,+0.933
1704523020,+3.46,+23.471, +0.051,+0.933
1704523080,+3.46,+23.454, +0.050,+0.933
1704523140,+3.46,+23.471, +0.051,+0.933
1704523200,+3.46,+23.446, +0.050,+0.933
1704523260,+3.46,+23.462, +0.051,+0.933
1704523320,+3.46,+23.479, +0.051,+0.933
1704523380,+3.46,+23.471, +0.051,+0.933
1704523440,+3.46,+23.479, +0.051,+0.933
1704523500,+3.46,+23.479, +0.050,+0.933
1704523560,+3.46,+23.479, +0.050,+0.933
1704523620,+3.46,+23.471, +0.051,+0.933
1704523680,+3.46,+23.479, +0.051,+0.933
1704523740,+3.46,+23.488, +0.051,+0.933
1704523800,+3.46,+23.479, +0.051,+0.933
1704523860,+3.46,+23.479, +0.051,+0.933
1704523920,+3.46,+23.437, +0.050,+0.933
1704523980,+3.46,+23.454, +0.050,+0.933
1704524040,+3.46,+23.437, +0.050,+0.933
1704524100,+3.46,+23.437, +0.051,+0.933
1704524160,+3.46,+23.446, +0.051,+0.933
1704524220,+3.46,+23.446, +0.051,+0.933
1704524280,+3.46,+23.421, +0.050,+0.933
1704524340,+3.46,+23.446, +0.050,+0.933
1704524400,+3.46,+23.421, +0.051,+0.933
1704524460,+3.46,+23.421, +0.051,+0.933
1704524520,+3.46,+23.429, +0.051,+0.933
1704524580,+3.46,+23.429, +0.050,+0.933
1704524640,+3.46,+23.421, +0.050,+0.933
1704524700,+3.46,+23.404, +0.051,+0.933
1704524760,+3.46,+23.421, +0.051,+0.933
1704524820,+3.46,+23.404, +0.051,+0.933
1704524880,+3.46,+23.395, +0.051,+0.933
1704524940,+3.46,+23.404, +0.051,+0.933
1704525000,+3.46,+23.379, +0.051,+0.933
1704525060,+3.46,+23.379, +0.051,+0.933
1704525120,+3.46,+23.370, +0.050,+0.933
1704525180,+3.46,+23.370, +0.051,+0.933
1704525240,+3.46,+23.362, +0.051,+0.933
1704525300,+3.46,+23.354, +0.050,+0.933
1704525360,+3.46,+23.370, +0.051,+0.933
1704525420,+3.46,+23.354, +0.050,+0.933
1704525480,+3.46,+23.354, +0.051,+0.933
1704525540,+3.46,+23.362, +0.050,+0.933
1704525600,+3.46,+23.328, +0.051,+0.933
1704525660,+3.46,+23.354, +0.051,+0.933
1704525720,+3.46,+23.328, +0.050,+0.933
1704525780,+3.46,+23.337, +0.051,+0.933
1704525840,+3.46,+23.328, +0.050,+0.933
1704525900,+3.46,+23.337, +0.050,+0.933
1704525960,+3.46,+23.345, +0.051,+0.933
1704526020,+3.46,+23.337, +0.051,+0.933
1704526080,+3.46,+23.337, +0.050,+0.933
1704526140,+3.46,+23.337, +0.051,+0.933
1704526200,+3.46,+23.337, +0.051,+0.933
1704526260,+3.46,+23.320, +0.051,+0.933
1704526320,+3.46,+23.337, +0.051,+0.933
1704526380,+3.46,+23.328, +0.051,+0.933
1704526440,+3.46,+23.328, +0.051,+0.933
1704526500,+3.46,+23.337, +0.050,+0.933
1704526560,+3.46,+23.312, +0.050,+0.933
1704526620,+3.46,+23.312, +0.051,+0.933
1704526680,+3.46,+23.287, +0.051,+0.933
1704526740,+3.46,+23.287, +0.051,+0.933
1704526800,+3.46,+23.287, +0.051,+0.933
1704526860,+3.46,+23.303, +0.050,+0.933
1704526920,+3.46,+23.303, +0.051,+0.933
1704526980,+3.46,+23.303, +0.050,+0.933
1704527040,+3.46,+23.303, +0.051,+0.933
1704527100,+3.46,+23.295, +0.050,+0.933
1704527160,+3.46,+23.295, +0.050,+0.933
1704527220,+3.46,+23.287, +0.050,+0.933
1704527280,+3.46,+23.295, +0.051,+0.933
1704527340,+3.46,+23.295, +0.050,+0.933
1704527400,+3.46,+23.287, +0.051,+0.933
1704527460,+3.46,+23.295, +0.051,+0.933
1704527520,+3.46,+23.295, +0.050,+0.933
1704527580,+3.46,+23.295, +0.051,+0.933
1704527640,+3.46,+23.270, +0.050,+0.933
1704527700,+3.46,+23.253, +0.051,+0.933
1704527760,+3.46,+23.261, +0.050,+0.933
1704527820,+3.46,+23.245, +0.051,+0.933
1704527880,+3.46,+23.236, +0.053,+0.933
1704527940,+3.46,+23.228, +0.051,+0.933
1704528000,+3.45,+23.236, +0.051,+0.933
1704528060,+3.45,+23.220, +0.050,+0.933
1704528120,+3.46,+23.236, +0.051,+0.933
1704528180,+3.45,+23.220, +0.051,+0.933
1704528240,+3.46,+23.228, +0.050,+0.933
1704528300,+3.46,+23.236, +0.050,+0.933
1704528360,+3.46,+23.253, +0.050,+0.933
1704528420,+3.46,+23.236, +0.051,+0.933
1704528480,+3.46,+23.261, +0.050,+0.933
1704528540,+3.46,+23.261, +0.051,+0.933
1704528600,+3.46,+23.270, +0.051,+0.933
1704528660,+3.46,+23.261, +0.051,+0.933
1704528720,+3.46,+23.261, +0.051,+0.933
1704528780,+3.46,+23.245, +0.051,+0.933
1704528840,+3.46,+23.261, +0.051,+0.933
1704528900,+3.46,+23.261, +0.051,+0.933
1704528960,+3.46,+23.253, +0.051,+0.933
1704529020,+3.46,+23.228, +0.051,+0.933
1704529080,+3.46,+23.253, +0.051,+0.933
1704529140,+3.46,+23.236, +0.051,+0.933
1704529200,+3.46,+23.236, +0.051,+0.933
1704529260,+3.46,+23.236, +0.051,+0.933
1704529320,+3.46,+23.228, +0.050,+0.933
1704529380,+3.46,+23.228, +0.050,+0.933
1704529440,+3.45,+23.220, +0.050,+0.933
1704529500,+3.45,+23.211, +0.050,+0.933
1704529560,+3.45,+23.178, +0.051,+0.933
1704529620,+3.45,+23.195, +0.051,+0.933
1704529680,+3.45,+23.169, +0.050,+0.933
1704529740,+3.45,+23.186, +0.050,+0.933
1704529800,+3.45,+23.169, +0.050,+0.933
1704529860,+3.45,+23.178, +0.050,+0.933
1704529920,+3.45,+23.153, +0.051,+0.933
1704529980,+3.45,+23.178, +0.050,+0.933
1704530040,+3.45,+23.178, +0.051,+0.933
1704530100,+3.45,+23.169, +0.051,+0.933
1704530160,+3.45,+23.169, +0.050,+0.933
1704530220,+3.45,+23.169, +0.051,+0.933
1704530280,+3.45,+23.161, +0.050,+0.933
1704530340,+3.45,+23.153, +0.050,+0.933
1704530400,+3.45,+23.153, +0.050,+0.933
1704530460,+3.45,+23.128, +0.051,+0.933
1704530520,+3.45,+23.111, +0.051,+0.933
1704530580,+3.45,+23.136, +0.050,+0.933
1704530640,+3.45,+23.128, +0.050,+0.933
1704530700,+3.45,+23.111, +0.050,+0.933
1704530760,+3.45,+23.119, +0.050,+0.933
1704530820,+3.45,+23.119, +0.051,+0.933
1704530880,+3.45,+23.111, +0.051,+0.933
1704530940,+3.45,+23.136, +0.050,+0.933
1704531000,+3.45,+23.144, +0.050,+0.933
1704531060,+3.45,+23.144, +0.050,+0.933
1704531120,+3.45,+23.144, +0.051,+0.933
1704531180,+3.45,+23.144, +0.051,+0.933
1704531240,+3.45,+23.144, +0.051,+0.933
1704531300,+3.45,+23.153, +0.050,+0.933
1704531360,+3.45,+23.153, +0.050,+0.933
1704531420,+3.45,+23.136, +0.051,+0.933
1704531480,+3.45,+23.144, +0.051,+0.933
1704531540,+3.45,+23.153, +0.050,+0.933
1704531600,+3.45,+23.119, +0.050,+0.933
1704531660,+3.45,+23.161, +0.050,+0.933
1704531720,+3.45,+23.136, +0.051,+0.933
1704531780,+3.45,+23.128, +0.051,+0.933
1704531840,+3.45,+23.094, +0.051,+0.933
1704531900,+3.45,+23.119, +0.051,+0.933
1704531960,+3.45,+23.102, +0.051,+0.933
1704532020,+3.45,+23.119, +0.050,+0.933
1704532080,+3.45,+23.111, +0.050,+0.933
1704532140,+3.45,+23.119, +0.050,+0.933
1704532200,+3.45,+23.119, +0.051,+0.933
1704532260,+3.45,+23.102, +0.051,+0.933
1704532320,+3.45,+23.102, +0.050,+0.933
1704532380,+3.45,+23.102, +0.051,+0.933
1704532440,+3.45,+23.102, +0.050,+0.933
1704532500,+3.45,+23.111, +0.051,+0.933
1704532560,+3.45,+23.119, +0.050,+0.933
1704532620,+3.45,+23.077, +0.050,+0.933
1704532680,+3.45,+23.086, +0.051,+0.933
1704532740,+3.45,+23.077, +0.051,+0.933
1704532800,+3.45,+23.069, +0.050,+0.933
1704532860,+3.45,+23.036, +0.051,+0.933
1704532920,+3.45,+23.052, +0.050,+0.933
1704532980,+3.45,+23.036, +0.051,+0.933
1704533040,+3.45,+23.052, +0.051,+0.933
1704533100,+3.45,+23.044, +0.050,+0.933
1704533160,+3.45,+23.044, +0.050,+0.933
1704533220,+3.45,+23.027, +0.051,+0.933
1704533280,+3.45,+23.036, +0.050,+0.933
1704533340,+3.45,+23.027, +0.051,+0.933
1704533400,+3.45,+23.044, +0.051,+0.933
1704533460,+3.45,+23.036, +0.050,+0.933
1704533520,+3.45,+23.036, +0.051,+0.933
1704533580,+3.45,+23.036, +0.051,+0.933
1704533640,+3.45,+23.044, +0.050,+0.933
1704533700,+3.45,+23.044, +0.051,+0.933
1704533760,+3.45,+23.036, +0.051,+0.933
1704533820,+3.45,+23.010, +0.051,+0.933
1704533880,+3.45,+23.027, +0.051,+0.933
1704533940,+3.45,+23.027, +0.051,+0.933
1704534000,+3.45,+23.036, +0.050,+0.933
1704534060,+3.45,+23.019, +0.051,+0.933
1704534120,+3.45,+23.019, +0.050,+0.933
1704534180,+3.45,+23.010, +0.050,+0.933
1704534240,+3.45,+23.010, +0.050,+0.933
1704534300,+3.45,+23.019, +0.051,+0.933
1704534360,+3.45,+23.002, +0.051,+0.934
1704534420,+3.45,+23.002, +0.050,+0.933
1704534480,+3.45,+23.010, +0.050,+0.933
1704534540,+3.45,+23.002, +0.050,+0.933
1704534600,+3.45,+22.969, +0.051,+0.933
1704534660,+3.45,+22.977, +0.050,+0.933
1704534720,+3.45,+22.994, +0.050,+0.933
1704534780,+3.45,+22.994, +0.050,+0.933
1704534840,+3.45,+23.010, +0.051,+0.933
1704534900,+3.45,+23.002, +0.051,+0.933
1704534960,+3.45,+22.994, +0.051,+0.933
1704535020,+3.45,+23.002, +0.050,+0.933
1704535080,+3.45,+22.994, +0.050,+0.933
1704535140,+3.45,+22.985, +0.050,+0.933
1704535200,+3.45,+22.977, +0.050,+0.933
1704535260,+3.45,+22.944, +0.050,+0.933
1704535320,+3.45,+22.952, +0.050,+0.933
1704535380,+3.45,+22.952, +0.050,+0.933
1704535440,+3.45,+22.960, +0.050,+0.933
1704535500,+3.45,+22.952, +0.050,+0.933
1704535560,+3.45,+22.960, +0.050,+0.933
1704535620,+3.45,+22.977, +0.051,+0.933
1704535680,+3.45,+23.002, +0.050,+0.933
1704535740,+3.45,+23.002, +0.050,+0.933
1704535800,+3.45,+22.985, +0.050,+0.933
1704535860,+3.45,+22.960, +0.051,+0.933
1704535920,+3.45,+22.969, +0.050,+0.933
1704535980,+3.45,+22.969, +0.051,+0.933
1704536040,+3.45,+22.977, +0.051,+0.933
1704536100,+3.45,+22.969, +0.050,+0.933
1704536160,+3.45,+22.977, +0.050,+0.933
1704536220,+3.45,+22.952, +0.051,+0.934
1704536280,+3.45,+22.944, +0.051,+0.933
1704536340,+3.45,+22.944, +0.050,+0.933
1704536400,+3.45,+22.960, +0.050,+0.933
1704536460,+3.45,+22.952, +0.051,+0.933
1704536520,+3.45,+22.969, +0.050,+0.933
1704536580,+3.45,+22.960, +0.051,+0.933
1704536640,+3.45,+22.952, +0.051,+0.933
1704536700,+3.45,+22.944, +0.050,+0.933
1704536760,+3.45,+22.927, +0.050,+0.933
1704536820,+3.45,+22.927, +0.050,+0.933
1704536880,+3.45,+22.927, +0.050,+0.933
1704536940,+3.45,+22.935, +0.051,+0.933
1704537000,+3.45,+22.935, +0.050,+0.933
1704537060,+3.45,+22.927, +0.050,+0.933
1704537120,+3.45,+22.918, +0.051,+0.934
1704537180,+3.45,+22.918, +0.051,+0.933
1704537240,+3.45,+22.944, +0.051,+0.933
1704537300,+3.45,+22.902, +0.051,+0.933
1704537360,+3.45,+22.918, +0.050,+0.933
1704537420,+3.45,+22.910, +0.050,+0.933
1704537480,+3.45,+22.935, +0.050,+0.933
1704537540,+3.45,+22.935, +0.051,+0.933
1704537600,+3.45,+22.918, +0.050,+0.933
1704537660,+3.45,+22.918, +0.050,+0.933
1704537720,+3.45,+22.918, +0.051,+0.933
1704537780,+3.45,+22.927, +0.051,+0.933
1704537840,+3.45,+22.910, +0.051,+0.933
1704537900,+3.45,+22.927, +0.050,+0.933
1704537960,+3.45,+22.918, +0.050,+0.933
1704538020,+3.45,+22.935, +0.050,+0.933
1704538080,+3.45,+22.902, +0.051,+0.933
1704538140,+3.45,+22.910, +0.051,+0.933
1704538200,+3.45,+22.902, +0.050,+0.933
1704538260,+3.45,+22.910, +0.051,+0.933
1704538320,+3.45,+22.918, +0.051,+0.933
1704538380,+3.45,+22.918, +0.050,+0.933
1704538440,+3.45,+22.918, +0.051,+0.933
1704538500,+3.45,+22.902, +0.050,+0.933
1704538560,+3.45,+22.902, +0.050,+0.933
1704538620,+3.45,+22.902, +0.050,+0.933
1704538680,+3.45,+22.902, +0.051,+0.933
1704538740,+3.45,+22.902, +0.050,+0.933
1704538800,+3.45,+22.885, +0.050,+0.933
1704538860,+3.45,+22.902, +0.050,+0.933
1704538920,+3.45,+22.868, +0.050,+0.933
1704538980,+3.45,+22.860, +0.050,+0.933
1704539040,+3.45,+22.868, +0.050,+0.933
1704539100,+3.45,+22.860, +0.050,+0.933
1704539160,+3.45,+22.860, +0.051,+0.933
1704539220,+3.45,+22.860, +0.051,+0.933
1704539280,+3.45,+22.852, +0.050,+0.933
1704539340,+3.45,+22.868, +0.050,+0.933
1704539400,+3.45,+22.860, +0.050,+0.933
1704539460,+3.45,+22.852, +0.051,+0.933
1704539520,+3.45,+22.852, +0.050,+0.933
1704539580,+3.45,+22.843, +0.050,+0.933
1704539640,+3.45,+22.852, +0.050,+0.933
1704539700,+3.45,+22.835, +0.051,+0.933
1704539760,+3.46,+22.818, +0.050,+0.933
1704539820,+3.45,+22.860, +0.051,+0.933
1704539880,+3.45,+22.843, +0.050,+0.933
1704539940,+3.45,+22.818, +0.050,+0.933
1704540000,+3.45,+22.826, +0.050,+0.933
1704540060,+3.45,+22.852, +0.050,+0.933
1704540120,+3.45,+22.835, +0.051,+0.933
1704540180,+3.45,+22.826, +0.050,+0.933
1704540240,+3.45,+22.826, +0.050,+0.933
1704540300,+3.45,+22.835, +0.050,+0.933
1704540360,+3.45,+22.818, +0.050,+0.933
1704540420,+3.45,+22.843, +0.049,+0.933
1704540480,+3.45,+22.818, +0.051,+0.933
1704540540,+3.45,+22.835, +0.051,+0.933
1704540600,+3.45,+22.826, +0.053,+0.934
1704540660,+3.45,+22.810, +0.050,+0.933
1704540720,+3.45,+22.801, +0.050,+0.933
1704540780,+3.45,+22.801, +0.050,+0.933
1704540840,+3.46,+22.793, +0.050,+0.933
1704540900,+3.46,+22.776, +0.051,+0.933
1704540960,+3.46,+22.793, +0.051,+0.933
1704541020,+3.46,+22.801, +0.051,+0.934
1704541080,+3.45,+22.818, +0.049,+0.933
1704541140,+3.45,+22.785, +0.051,+0.933
1704541200,+3.46,+22.793, +0.050,+0.933
1704541260,+3.45,+22.801, +0.051,+0.933
1704541320,+3.46,+22.793, +0.050,+0.933
1704541380,+3.45,+22.793, +0.050,+0.933
1704541440,+3.45,+22.785, +0.049,+0.933
1704541500,+3.45,+22.768, +0.050,+0.933
1704541560,+3.46,+22.751, +0.051,+0.933
1704541620,+3.46,+22.776, +0.050,+0.933
1704541680,+3.46,+22.776, +0.050,+0.933
1704541740,+3.45,+22.768, +0.051,+0.934
1704541800,+3.45,+22.776, +0.050,+0.933
1704541860,+3.46,+22.785, +0.050,+0.933
1704541920,+3.46,+22.785, +0.050,+0.933
1704541980,+3.45,+22.785, +0.050,+0.933
1704542040,+3.46,+22.759, +0.050,+0.933
1704542100,+3.46,+22.768, +0.051,+0.933
1704542160,+3.45,+22.776, +0.050,+0.933
1704542220,+3.45,+22.785, +0.050,+0.933
1704542280,+3.45,+22.776, +0.051,+0.933
1704542340,+3.45,+22.776, +0.051,+0.933
1704542400,+3.45,+22.785, +0.050,+0.933
1704542460,+3.45,+22.768, +0.050,+0.933
1704542520,+3.45,+22.801, +0.050,+0.933
1704542580,+3.45,+22.776, +0.050,+0.933
1704542640,+3.46,+22.776, +0.050,+0.933
1704542700,+3.46,+22.768, +0.050,+0.933
1704542760,+3.46,+22.759, +0.050,+0.933
1704542820,+3.46,+22.759, +0.050,+0.933
1704542880,+3.46,+22.768, +0.050,+0.933
1704542940,+3.45,+22.785, +0.050,+0.933
1704543000,+3.46,+22.751, +0.051,+0.933
1704543060,+3.45,+22.785, +0.050,+0.933
1704543120,+3.46,+22.776, +0.050,+0.933
1704543180,+3.45,+22.759, +0.051,+0.933
1704543240,+3.45,+22.759, +0.050,+0.933
1704543300,+3.45,+22.768, +0.050,+0.933
1704543360,+3.46,+22.743, +0.051,+0.933
1704543420,+3.46,+22.759, +0.050,+0.933
1704543480,+3.45,+22.768, +0.050,+0.933
1704543540,+3.45,+22.759, +0.050,+0.933
1704543600,+3.46,+22.759, +0.050,+0.933
1704543660,+3.45,+22.768, +0.050,+0.933
1704543720,+3.46,+22.759, +0.050,+0.933
1704543780,+3.46,+22.734, +0.051,+0.933
1704543840,+3.46,+22.751, +0.050,+0.933
1704543900,+3.46,+22.751, +0.050,+0.933
1704543960,+3.45,+22.776, +0.050,+0.933
1704544020,+3.45,+22.751, +0.050,+0.933
1704544080,+3.45,+22.743, +0.050,+0.933
1704544140,+3.46,+22.751, +0.050,+0.933
1704544200,+3.45,+22.759, +0.051,+0.933
1704544260,+3.45,+22.751, +0.050,+0.933
1704544320,+3.45,+22.768, +0.050,+0.933
1704544380,+3.45,+22.759, +0.050,+0.933
1704544440,+3.46,+22.743, +0.050,+0.933
1704544500,+3.46,+22.734, +0.051,+0.933
1704544560,+3.46,+22.734, +0.050,+0.933
1704544620,+3.45,+22.751, +0.050,+0.933
1704544680,+3.45,+22.751, +0.050,+0.933
1704544740,+3.46,+22.734, +0.051,+0.933
1704544800,+3.46,+22.751, +0.050,+0.933
1704544860,+3.45,+22.743, +0.050,+0.933
1704544920,+3.45,+22.751, +0.050,+0.933
1704544980,+3.45,+22.734, +0.050,+0.933
1704545040,+3.45,+22.751, +0.050,+0.933
1704545100,+3.46,+22.726, +0.051,+0.933
1704545160,+3.45,+22.759, +0.050,+0.933
1704545220,+3.46,+22.751, +0.050,+0.933
1704545280,+3.45,+22.743, +0.050,+0.933
1704545340,+3.45,+22.726, +0.050,+0.933
1704545400,+3.46,+22.726, +0.050,+0.933
1704545460,+3.45,+22.743, +0.050,+0.933
1704545520,+3.46,+22.734, +0.050,+0.933
1704545580,+3.46,+22.726, +0.050,+0.933
1704545640,+3.46,+22.743, +0.050,+0.933
1704545700,+3.46,+22.726, +0.050,+0.933
1704545760,+3.45,+22.734, +0.050,+0.933
1704545820,+3.45,+22.751, +0.049,+0.933
1704545880,+3.45,+22.751, +0.050,+0.933
1704545940,+3.45,+22.743, +0.050,+0.933
1704546000,+3.45,+22.759, +0.050,+0.933
1704546060,+3.45,+22.734, +0.049,+0.933
1704546120,+3.45,+22.751, +0.050,+0.933
1704546180,+3.45,+22.743, +0.050,+0.933
1704546240,+3.45,+22.743, +0.050,+0.933
1704546300,+3.45,+22.734, +0.050,+0.933
1704546360,+3.45,+22.743, +0.050,+0.933
1704546420,+3.45,+22.718, +0.050,+0.933
1704546480,+3.45,+22.759, +0.050,+0.933
1704546540,+3.46,+22.734, +0.050,+0.933
1704546600,+3.45,+22.734, +0.050,+0.933
1704546660,+3.45,+22.751, +0.050,+0.933
1704546720,+3.46,+22.751, +0.050,+0.933
1704546780,+3.45,+22.751, +0.051,+0.933
1704546840,+3.45,+22.743, +0.050,+0.933
1704546900,+3.45,+22.726, +0.050,+0.933
1704546960,+3.45,+22.734, +0.050,+0.933
1704547020,+3.45,+22.743, +0.051,+0.933
1704547080,+3.46,+22.726, +0.050,+0.933
1704547140,+3.45,+22.743, +0.050,+0.933
1704547200,+3.45,+22.759, +0.050,+0.933
1704547260,+3.45,+22.751, +0.050,+0.933
1704547320,+3.45,+22.751, +0.050,+0.933
1704547380,+3.45,+22.759, +0.050,+0.933
1704547440,+3.45,+22.759, +0.051,+0.933
1704547500,+3.45,+22.743, +0.051,+0.933
1704547560,+3.45,+22.751, +0.050,+0.933
1704547620,+3.45,+22.768, +0.050,+0.933
1704547680,+3.45,+22.768, +0.050,+0.933
1704547740,+3.45,+22.785, +0.050,+0.933
1704547800,+3.45,+22.768, +0.050,+0.933
1704547860,+3.45,+22.776, +0.050,+0.933
1704547920,+3.45,+22.759, +0.050,+0.933
1704547980,+3.45,+22.776, +0.050,+0.933
1704548040,+3.45,+22.768, +0.050,+0.933
1704548100,+3.45,+22.776, +0.050,+0.933
1704548160,+3.45,+22.776, +0.051,+0.933
1704548220,+3.45,+22.776, +0.050,+0.933
1704548280,+3.45,+22.785, +0.050,+0.933
1704548340,+3.45,+22.793, +0.050,+0.933
1704548400,+3.45,+22.785, +0.050,+0.933
1704548460,+3.45,+22.801, +0.050,+0.933
1704548520,+3.45,+22.793, +0.051,+0.933
1704548580,+3.45,+22.793, +0.050,+0.933
1704548640,+3.45,+22.793, +0.050,+0.933
1704548700,+3.45,+22.810, +0.050,+0.933
1704548760,+3.45,+22.793, +0.050,+0.933
1704548820,+3.45,+22.785, +0.050,+0.933
1704548880,+3.45,+22.801, +0.050,+0.933
1704548940,+3.45,+22.810, +0.050,+0.933
1704549000,+3.45,+22.810, +0.051,+0.933
1704549060,+3.45,+22.801, +0.050,+0.933
1704549120,+3.45,+22.810, +0.050,+0.933
1704549180,+3.45,+22.810, +0.050,+0.933
1704549240,+3.45,+22.835, +0.051,+0.933
1704549300,+3.45,+22.826, +0.050,+0.933
1704549360,+3.45,+22.818, +0.051,+0.933
1704549420,+3.45,+22.826, +0.050,+0.933
1704549480,+3.45,+22.835, +0.051,+0.933
1704549540,+3.45,+22.826, +0.051,+0.933
1704549600,+3.45,+22.835, +0.050,+0.933
1704549660,+3.45,+22.843, +0.050,+0.933
1704549720,+3.45,+22.852, +0.050,+0.933
1704549780,+3.45,+22.835, +0.050,+0.933
1704549840,+3.45,+22.852, +0.050,+0.933
1704549900,+3.45,+22.852, +0.050,+0.933
1704549960,+3.45,+22.852, +0.050,+0.933
1704550020,+3.45,+22.868, +0.050,+0.933
1704550080,+3.45,+22.860, +0.049,+0.933
1704550140,+3.45,+22.852, +0.050,+0.933
1704550200,+3.45,+22.868, +0.050,+0.933
1704550260,+3.45,+22.860, +0.050,+0.933
1704550320,+3.45,+22.877, +0.050,+0.933
1704550380,+3.45,+22.860, +0.050,+0.933
1704550440,+3.45,+22.885, +0.050,+0.933
1704550500,+3.45,+22.860, +0.051,+0.933
1704550560,+3.45,+22.868, +0.051,+0.933
1704550620,+3.45,+22.885, +0.050,+0.933
1704550680,+3.45,+22.885, +0.050,+0.933
1704550740,+3.45,+22.910, +0.049,+0.933
1704550800,+3.45,+22.918, +0.050,+0.933
1704550860,+3.45,+22.902, +0.050,+0.933
1704550920,+3.45,+22.902, +0.050,+0.933
1704550980,+3.45,+22.902, +0.050,+0.933
1704551040,+3.45,+22.927, +0.050,+0.933
1704551100,+3.45,+22.927, +0.050,+0.933
1704551160,+3.45,+22.918, +0.050,+0.933
1704551220,+3.45,+22.960, +0.050,+0.933
1704551280,+3.45,+22.918, +0.050,+0.933
1704551340,+3.45,+22.927, +0.049,+0.933
1704551400,+3.45,+22.935, +0.050,+0.933
1704551460,+3.45,+22.952, +0.051,+0.933
1704551520,+3.45,+22.944, +0.050,+0.933
1704551580,+3.45,+22.944, +0.050,+0.933
1704551640,+3.45,+22.952, +0.050,+0.933
1704551700,+3.45,+22.960, +0.050,+0.933
1704551760,+3.45,+22.960, +0.050,+0.933
1704551820,+3.45,+22.944, +0.050,+0.933
1704551880,+3.45,+22.969, +0.050,+0.933
1704551940,+3.45,+22.977, +0.050,+0.933
1704552000,+3.45,+22.977, +0.050,+0.933
1704552060,+3.45,+22.969, +0.051,+0.933
1704552120,+3.45,+22.969, +0.050,+0.933
1704552180,+3.45,+22.985, +0.050,+0.933
1704552240,+3.45,+22.977, +0.051,+0.933
1704552300,+3.45,+22.985, +0.050,+0.933
1704552360,+3.45,+23.002, +0.050,+0.933
1704552420,+3.45,+23.010, +0.050,+0.933
1704552480,+3.45,+23.027, +0.051,+0.933
1704552540,+3.45,+23.027, +0.050,+0.933
1704552600,+3.45,+23.036, +0.050,+0.933
1704552660,+3.45,+23.019, +0.051,+0.933
1704552720,+3.45,+23.036, +0.050,+0.933
1704552780,+3.45,+23.036, +0.051,+0.933
1704552840,+3.45,+23.052, +0.050,+0.933
1704552900,+3.45,+23.052, +0.051,+0.933
1704552960,+3.45,+23.052, +0.050,+0.933
1704553020,+3.45,+23.052, +0.050,+0.933
1704553080,+3.45,+23.077, +0.050,+0.933
1704553140,+3.45,+23.069, +0.050,+0.933
1704553200,+3.45,+23.069, +0.050,+0.933
1704553260,+3.45,+23.077, +0.050,+0.933
1704553320,+3.45,+23.077, +0.050,+0.933
1704553380,+3.45,+23.086, +0.050,+0.933
1704553440,+3.45,+23.077, +0.051,+0.933
1704553500,+3.45,+23.094, +0.050,+0.933
1704553560,+3.45,+23.094, +0.050,+0.933
1704553620,+3.45,+23.119, +0.050,+0.933
1704553680,+3.45,+23.111, +0.050,+0.933
1704553740,+3.45,+23.119, +0.051,+0.933
1704553800,+3.45,+23.111, +0.050,+0.933
1704553860,+3.45,+23.136, +0.050,+0.933
1704553920,+3.45,+23.119, +0.051,+0.933
1704553980,+3.45,+23.144, +0.051,+0.933
1704554040,+3.45,+23.144, +0.050,+0.933
1704554100,+3.45,+23.144, +0.050,+0.933
1704554160,+3.45,+23.136, +0.050,+0.933
1704554220,+3.45,+23.153, +0.050,+0.933
1704554280,+3.45,+23.169, +0.051,+0.933
1704554340,+3.45,+23.144, +0.050,+0.933
1704554400,+3.45,+23.186, +0.050,+0.933
1704554460,+3.45,+23.195, +0.050,+0.933
1704554520,+3.45,+23.186, +0.050,+0.933
1704554580,+3.45,+23.169, +0.050,+0.933
1704554640,+3.45,+23.186, +0.049,+0.933
1704554700,+3.45,+23.203, +0.050,+0.933
1704554760,+3.45,+23.211, +0.050,+0.933
1704554820,+3.45,+23.203, +0.050,+0.933
1704554880,+3.45,+23.211, +0.050,+0.933
1704554940,+3.45,+23.220, +0.051,+0.933
1704555000,+3.45,+23.220, +0.050,+0.933
1704555060,+3.45,+23.228, +0.051,+0.933
1704555120,+3.45,+23.236, +0.050,+0.933
1704555180,+3.45,+23.236, +0.050,+0.933
1704555240,+3.45,+23.261, +0.050,+0.933
1704555300,+3.45,+23.253, +0.051,+0.933
1704555360,+3.45,+23.253, +0.050,+0.933
1704555420,+3.45,+23.270, +0.050,+0.933
1704555480,+3.45,+23.278, +0.050,+0.933
1704555540,+3.46,+23.278, +0.050,+0.933
1704555600,+3.46,+23.295, +0.050,+0.933
1704555660,+3.46,+23.303, +0.051,+0.933
1704555720,+3.46,+23.303, +0.050,+0.933
1704555780,+3.46,+23.337, +0.050,+0.933
1704555840,+3.46,+23.328, +0.050,+0.933
1704555900,+3.46,+23.345, +0.050,+0.933
1704555960,+3.46,+23.354, +0.050,+0.933
1704556020,+3.46,+23.354, +0.050,+0.933
1704556080,+3.46,+23.370, +0.050,+0.933
1704556140,+3.46,+23.379, +0.050,+0.933
1704556200,+3.46,+23.404, +0.051,+0.933
1704556260,+3.46,+23.395, +0.050,+0.932
1704556320,+3.46,+23.421, +0.050,+0.932
1704556380,+3.46,+23.437, +0.051,+0.933
1704556440,+3.46,+23.446, +0.050,+0.932
1704556500,+3.46,+23.454, +0.050,+0.933
1704556560,+3.46,+23.479, +0.050,+0.932
1704556620,+3.46,+23.471, +0.050,+0.932
1704556680,+3.46,+23.471, +0.050,+0.933
1704556740,+3.46,+23.446, +0.051,+0.933
1704556800,+3.46,+23.462, +0.050,+0.932
1704556860,+3.46,+23.471, +0.050,+0.933
1704556920,+3.46,+23.471, +0.050,+0.932
1704556980,+3.46,+23.479, +0.050,+0.933
1704557040,+3.46,+23.496, +0.050,+0.933
1704557100,+3.46,+23.488, +0.050,+0.933
1704557160,+3.46,+23.504, +0.050,+0.932
1704557220,+3.46,+23.504, +0.050,+0.933
1704557280,+3.46,+23.513, +0.051,+0.933
1704557340,+3.46,+23.513, +0.050,+0.932
1704557400,+3.46,+23.546, +0.050,+0.932
1704557460,+3.46,+23.529, +0.050,+0.932
1704557520,+3.46,+23.546, +0.051,+0.933
1704557580,+3.46,+23.555, +0.050,+0.932
1704557640,+3.46,+23.571, +0.051,+0.932
1704557700,+3.46,+23.571, +0.050,+0.932
1704557760,+3.46,+23.596, +0.050,+0.932
1704557820,+3.45,+23.596, +0.051,+0.932
1704557880,+3.46,+23.613, +0.051,+0.932
1704557940,+3.46,+23.630, +0.050,+0.932
1704558000,+3.46,+23.647, +0.051,+0.933
1704558060,+3.45,+23.655, +0.051,+0.932
1704558120,+3.46,+23.663, +0.051,+0.932
1704558180,+3.46,+23.655, +0.050,+0.932
1704558240,+3.46,+23.663, +0.050,+0.932
1704558300,+3.46,+23.672, +0.050,+0.932
1704558360,+3.45,+23.697, +0.050,+0.932
1704558420,+3.45,+23.697, +0.051,+0.932
1704558480,+3.45,+23.705, +0.050,+0.932
1704558540,+3.45,+23.714, +0.050,+0.932
1704558600,+3.45,+23.722, +0.051,+0.933
1704558660,+3.45,+23.730, +0.050,+0.932
1704558720,+3.45,+23.747, +0.049,+0.932
1704558780,+3.45,+23.772, +0.051,+0.932
1704558840,+3.45,+23.772, +0.050,+0.932
1704558900,+3.45,+23.772, +0.051,+0.932
1704558960,+3.45,+23.797, +0.051,+0.932
1704559020,+3.45,+23.814, +0.051,+0.932
1704559080,+3.45,+23.823, +0.050,+0.932
1704559140,+3.45,+23.848, +0.050,+0.932
1704559200,+3.45,+23.856, +0.050,+0.932
1704559260,+3.45,+23.873, +0.051,+0.932
1704559320,+3.45,+23.864, +0.051,+0.932
1704559380,+3.45,+23.890, +0.050,+0.932
1704559440,+3.45,+23.906, +0.051,+0.932
1704559500,+3.45,+23.906, +0.050,+0.932
1704559560,+3.45,+23.906, +0.051,+0.932
1704559620,+3.45,+23.898, +0.051,+0.932
1704559680,+3.45,+23.948, +0.051,+0.932
1704559740,+3.45,+23.948, +0.050,+0.932
1704559800,+3.45,+23.957, +0.051,+0.932
1704559860,+3.45,+23.957, +0.051,+0.932
1704559920,+3.45,+23.982, +0.050,+0.932
1704559980,+3.45,+23.982, +0.050,+0.932
1704560040,+3.45,+23.990, +0.051,+0.932
1704560100,+3.45,+23.999, +0.050,+0.932
1704560160,+3.45,+23.990, +0.050,+0.932
1704560220,+3.45,+24.007, +0.050,+0.932
1704560280,+3.45,+24.015, +0.050,+0.932
1704560340,+3.45,+24.024, +0.051,+0.932
1704560400,+3.45,+24.032, +0.051,+0.932
1704560460,+3.45,+24.066, +0.051,+0.932
1704560520,+3.45,+24.074, +0.050,+0.932
1704560580,+3.45,+24.074, +0.051,+0.932
1704560640,+3.45,+24.091, +0.051,+0.932
1704560700,+3.45,+24.091, +0.050,+0.932
1704560760,+3.45,+24.091, +0.050,+0.932
1704560820,+3.45,+24.099, +0.051,+0.932
1704560880,+3.45,+24.082, +0.051,+0.932
1704560940,+3.45,+24.099, +0.051,+0.932
1704561000,+3.45,+24.091, +0.050,+0.932
1704561060,+3.45,+24.082, +0.050,+0.932
1704561120,+3.45,+24.091, +0.050,+0.932
1704561180,+3.45,+24.074, +0.051,+0.932
1704561240,+3.45,+24.074, +0.050,+0.932
1704561300,+3.45,+24.074, +0.051,+0.932
1704561360,+3.45,+24.082, +0.050,+0.932
1704561420,+3.45,+24.091, +0.051,+0.932
1704561480,+3.45,+24.099, +0.051,+0.932
1704561540,+3.45,+24.133, +0.051,+0.932
1704561600,+3.45,+24.116, +0.051,+0.932
1704561660,+3.45,+24.116, +0.051,+0.932
1704561720,+3.45,+24.099, +0.051,+0.932
1704561780,+3.45,+24.124, +0.050,+0.932
1704561840,+3.45,+24.108, +0.051,+0.932
1704561900,+3.45,+24.108, +0.051,+0.932
1704561960,+3.45,+24.141, +0.051,+0.932
1704562020,+3.45,+24.124, +0.050,+0.932
1704562080,+3.45,+24.108, +0.051,+0.932
1704562140,+3.45,+24.141, +0.051,+0.932
1704562200,+3.45,+24.133, +0.051,+0.932
1704562260,+3.45,+24.124, +0.051,+0.932
1704562320,+3.45,+24.124, +0.050,+0.932
1704562380,+3.45,+24.133, +0.051,+0.932
1704562440,+3.45,+24.149, +0.050,+0.932
1704562500,+3.45,+24.124, +0.051,+0.932
1704562560,+3.45,+24.158, +0.050,+0.932
1704562620,+3.45,+24.183, +0.050,+0.932
1704562680,+3.45,+24.175, +0.050,+0.932
1704562740,+3.45,+24.200, +0.051,+0.932
1704562800,+3.45,+24.200, +0.051,+0.932
1704562860,+3.45,+24.208, +0.052,+0.932
1704562920,+3.45,+24.200, +0.051,+0.932
1704562980,+3.45,+24.191, +0.051,+0.932
1704563040,+3.45,+24.217, +0.051,+0.932
1704563100,+3.45,+24.225, +0.051,+0.932
1704563160,+3.45,+24.233, +0.051,+0.932
1704563220,+3.45,+24.233, +0.050,+0.932
1704563280,+3.45,+24.250, +0.051,+0.932
1704563340,+3.45,+24.242, +0.051,+0.932
1704563400,+3.45,+24.242, +0.050,+0.932
1704563460,+3.45,+24.233, +0.050,+0.932
1704563520,+3.45,+24.225, +0.051,+0.932
1704563580,+3.45,+24.225, +0.051,+0.932
1704563640,+3.45,+24.259, +0.050,+0.932
1704563700,+3.45,+24.275, +0.050,+0.932
1704563760,+3.45,+24.275, +0.051,+0.932
1704563820,+3.45,+24.309, +0.051,+0.932
1704563880,+3.46,+24.326, +0.051,+0.932
1704563940,+3.46,+24.359, +0.051,+0.932
1704564000,+3.46,+24.410, +0.051,+0.932
1704564060,+3.46,+24.410, +0.051,+0.932
1704564120,+3.46,+24.426, +0.051,+0.932
1704564180,+3.46,+24.426, +0.051,+0.932
1704564240,+3.46,+24.426, +0.051,+0.932
1704564300,+3.46,+24.401, +0.051,+0.932
1704564360,+3.46,+24.443, +0.051,+0.932
1704564420,+3.46,+24.443, +0.052,+0.932
1704564480,+3.46,+24.477, +0.051,+0.932
1704564540,+3.46,+24.493, +0.051,+0.932
1704564600,+3.46,+24.468, +0.051,+0.932
1704564660,+3.46,+24.493, +0.051,+0.932
1704564720,+3.46,+24.460, +0.051,+0.932
1704564780,+3.46,+24.477, +0.051,+0.932
1704564840,+3.46,+24.451, +0.051,+0.932
1704564900,+3.46,+24.443, +0.051,+0.932
1704564960,+3.46,+24.435, +0.051,+0.932
1704565020,+3.46,+24.426, +0.051,+0.932
1704565080,+3.46,+24.451, +0.051,+0.932
1704565140,+3.46,+24.460, +0.050,+0.932
1704565200,+3.46,+24.460, +0.051,+0.932
1704565260,+3.46,+24.451, +0.051,+0.932
1704565320,+3.46,+24.460, +0.051,+0.932
1704565380,+3.46,+24.451, +0.051,+0.932
1704565440,+3.46,+24.460, +0.051,+0.932
1704565500,+3.46,+24.485, +0.052,+0.932
1704565560,+3.46,+24.519, +0.052,+0.932
1704565620,+3.46,+24.535, +0.051,+0.932
