7450-988987
OS REV: 1.05 Sensor Cal: 1620327161
Time (sec),  BV (Volts),  T (deg C),  DO (mg/l),  Q ()
1705256880,+3.46,+26.025, +0.055,+0.928
1705256940,+3.46,+26.042, +0.055,+0.928
1705257000,+3.46,+26.033, +0.055,+0.928
1705257060,+3.46,+26.025, +0.055,+0.928
1705257120,+3.46,+26.025, +0.055,+0.928
1705257180,+3.46,+26.033, +0.055,+0.928
1705257240,+3.46,+26.033, +0.055,+0.928
1705257300,+3.46,+26.033, +0.056,+0.929
1705257360,+3.46,+26.042, +0.055,+0.929
1705257420,+3.46,+26.025, +0.055,+0.928
1705257480,+3.46,+26.050, +0.055,+0.928
1705257540,+3.46,+26.042, +0.055,+0.929
1705257600,+3.46,+26.067, +0.055,+0.928
1705257660,+3.46,+26.050, +0.056,+0.929
1705257720,+3.46,+26.076, +0.055,+0.928
1705257780,+3.46,+26.076, +0.055,+0.928
1705257840,+3.46,+26.076, +0.055,+0.928
1705257900,+3.46,+26.084, +0.055,+0.928
1705257960,+3.46,+26.084, +0.055,+0.928
1705258020,+3.46,+26.101, +0.055,+0.928
1705258080,+3.46,+26.109, +0.056,+0.928
1705258140,+3.46,+26.093, +0.056,+0.929
1705258200,+3.46,+26.126, +0.055,+0.928
1705258260,+3.46,+26.135, +0.056,+0.929
1705258320,+3.46,+26.126, +0.056,+0.928
1705258380,+3.46,+26.152, +0.055,+0.928
1705258440,+3.46,+26.135, +0.055,+0.929
1705258500,+3.46,+26.135, +0.055,+0.929
1705258560,+3.46,+26.118, +0.056,+0.928
1705258620,+3.46,+26.135, +0.055,+0.928
1705258680,+3.46,+26.152, +0.056,+0.928
1705258740,+3.46,+26.135, +0.056,+0.929
1705258800,+3.46,+26.135, +0.055,+0.928
1705258860,+3.46,+26.135, +0.056,+0.928
1705258920,+3.46,+26.126, +0.055,+0.928
1705258980,+3.46,+26.143, +0.055,+0.928
1705259040,+3.46,+26.109, +0.055,+0.928
1705259100,+3.46,+26.126, +0.055,+0.929
1705259160,+3.46,+26.135, +0.055,+0.928
1705259220,+3.46,+26.143, +0.057,+0.928
1705259280,+3.46,+26.160, +0.055,+0.928
1705259340,+3.46,+26.135, +0.055,+0.929
1705259400,+3.46,+26.135, +0.056,+0.929
1705259460,+3.46,+26.152, +0.056,+0.929
1705259520,+3.46,+26.126, +0.056,+0.929
1705259580,+3.46,+26.143, +0.056,+0.929
1705259640,+3.46,+26.143, +0.056,+0.929
1705259700,+3.46,+26.152, +0.060,+0.929
1705259760,+3.46,+26.152, +0.059,+0.928
1705259820,+3.46,+26.152, +0.057,+0.928
1705259880,+3.46,+26.152, +0.058,+0.929
1705259940,+3.46,+26.152, +0.057,+0.928
1705260000,+3.46,+26.177, +0.059,+0.928
1705260060,+3.46,+26.160, +0.059,+0.929
1705260120,+3.46,+26.169, +0.058,+0.929
1705260180,+3.46,+26.169, +0.059,+0.929
1705260240,+3.46,+26.152, +0.060,+0.929
1705260300,+3.46,+26.194, +0.063,+0.929
1705260360,+3.46,+26.177, +0.063,+0.929
1705260420,+3.46,+26.194, +0.065,+0.929
1705260480,+3.46,+26.194, +0.062,+0.929
1705260540,+3.46,+26.185, +0.064,+0.929
1705260600,+3.46,+26.185, +0.078,+0.929
1705260660,+3.46,+26.202, +0.111,+0.930
1705260720,+3.46,+26.202, +0.121,+0.930
1705260780,+3.46,+26.194, +0.112,+0.930
1705260840,+3.46,+26.202, +0.118,+0.930
1705260900,+3.46,+26.202, +0.116,+0.930
1705260960,+3.46,+26.202, +0.100,+0.930
1705261020,+3.46,+26.211, +0.082,+0.929
1705261080,+3.46,+26.211, +0.073,+0.929
1705261140,+3.46,+26.211, +0.069,+0.929
1705261200,+3.46,+26.211, +0.065,+0.929
1705261260,+3.46,+26.202, +0.063,+0.929
1705261320,+3.46,+26.194, +0.062,+0.929
1705261380,+3.46,+26.194, +0.063,+0.928
1705261440,+3.46,+26.194, +0.061,+0.929
1705261500,+3.46,+26.194, +0.058,+0.928
1705261560,+3.46,+26.177, +0.059,+0.928
1705261620,+3.46,+26.185, +0.060,+0.928
1705261680,+3.46,+26.194, +0.059,+0.929
1705261740,+3.46,+26.185, +0.056,+0.929
1705261800,+3.46,+26.177, +0.057,+0.928
1705261860,+3.46,+26.160, +0.056,+0.928
1705261920,+3.46,+26.160, +0.056,+0.928
1705261980,+3.46,+26.160, +0.056,+0.928
1705262040,+3.46,+26.185, +0.055,+0.928
1705262100,+3.46,+26.177, +0.055,+0.928
1705262160,+3.46,+26.185, +0.055,+0.928
1705262220,+3.46,+26.177, +0.104,+0.930
1705262280,+3.46,+26.194, +0.152,+0.931
1705262340,+3.46,+26.202, +0.147,+0.931
1705262400,+3.46,+26.194, +0.120,+0.931
1705262460,+3.46,+26.194, +0.097,+0.930
1705262520,+3.46,+26.202, +0.093,+0.929
1705262580,+3.46,+26.185, +0.091,+0.929
1705262640,+3.46,+26.185, +0.091,+0.929
1705262700,+3.46,+26.177, +0.086,+0.929
1705262760,+3.46,+26.185, +0.085,+0.929
1705262820,+3.46,+26.211, +0.078,+0.929
1705262880,+3.46,+26.194, +0.072,+0.929
1705262940,+3.46,+26.194, +0.081,+0.929
1705263000,+3.46,+26.185, +0.095,+0.930
1705263060,+3.46,+26.177, +0.109,+0.930
1705263120,+3.46,+26.202, +0.129,+0.930
1705263180,+3.46,+26.219, +0.139,+0.931
1705263240,+3.46,+26.185, +0.129,+0.931
1705263300,+3.46,+26.194, +0.115,+0.930
1705263360,+3.46,+26.194, +0.103,+0.930
1705263420,+3.46,+26.202, +0.089,+0.929
1705263480,+3.46,+26.185, +0.079,+0.929
1705263540,+3.46,+26.202, +0.081,+0.929
1705263600,+3.46,+26.185, +0.090,+0.929
1705263660,+3.46,+26.202, +0.092,+0.930
1705263720,+3.46,+26.185, +0.090,+0.930
1705263780,+3.46,+26.202, +0.078,+0.929
1705263840,+3.46,+26.194, +0.067,+0.929
1705263900,+3.46,+26.177, +0.076,+0.929
1705263960,+3.46,+26.202, +0.093,+0.930
1705264020,+3.46,+26.169, +0.098,+0.930
1705264080,+3.46,+26.177, +0.089,+0.929
1705264140,+3.46,+26.177, +0.083,+0.929
1705264200,+3.46,+26.185, +0.073,+0.929
1705264260,+3.46,+26.152, +0.061,+0.929
1705264320,+3.46,+26.160, +0.068,+0.929
1705264380,+3.46,+26.169, +0.073,+0.929
1705264440,+3.46,+26.169, +0.071,+0.929
1705264500,+3.46,+26.160, +0.063,+0.929
1705264560,+3.46,+26.160, +0.060,+0.929
1705264620,+3.46,+26.169, +0.060,+0.929
1705264680,+3.46,+26.143, +0.060,+0.929
1705264740,+3.46,+26.143, +0.062,+0.929
1705264800,+3.46,+26.160, +0.063,+0.929
1705264860,+3.46,+26.143, +0.064,+0.929
1705264920,+3.46,+26.135, +0.063,+0.929
1705264980,+3.46,+26.160, +0.063,+0.929
1705265040,+3.46,+26.143, +0.062,+0.929
1705265100,+3.46,+26.160, +0.060,+0.929
1705265160,+3.46,+26.143, +0.058,+0.929
1705265220,+3.46,+26.126, +0.056,+0.929
1705265280,+3.46,+26.118, +0.056,+0.929
1705265340,+3.46,+26.126, +0.056,+0.929
1705265400,+3.46,+26.143, +0.056,+0.929
1705265460,+3.46,+26.109, +0.056,+0.929
1705265520,+3.46,+26.126, +0.056,+0.929
1705265580,+3.46,+26.118, +0.056,+0.929
1705265640,+3.46,+26.109, +0.056,+0.929
1705265700,+3.46,+26.109, +0.057,+0.929
1705265760,+3.46,+26.109, +0.056,+0.929
1705265820,+3.46,+26.109, +0.056,+0.929
1705265880,+3.46,+26.109, +0.055,+0.929
1705265940,+3.46,+26.109, +0.056,+0.929
1705266000,+3.46,+26.093, +0.056,+0.929
1705266060,+3.46,+26.076, +0.056,+0.929
1705266120,+3.46,+26.084, +0.056,+0.929
1705266180,+3.46,+26.059, +0.056,+0.929
1705266240,+3.46,+26.067, +0.057,+0.929
1705266300,+3.46,+26.076, +0.056,+0.929
1705266360,+3.46,+26.067, +0.056,+0.929
1705266420,+3.46,+26.059, +0.056,+0.929
1705266480,+3.46,+26.059, +0.057,+0.929
1705266540,+3.46,+26.050, +0.059,+0.929
1705266600,+3.46,+26.076, +0.058,+0.929
1705266660,+3.46,+26.042, +0.057,+0.929
1705266720,+3.46,+26.050, +0.057,+0.929
1705266780,+3.46,+26.050, +0.056,+0.929
1705266840,+3.46,+26.033, +0.056,+0.929
1705266900,+3.46,+26.033, +0.056,+0.929
1705266960,+3.46,+26.025, +0.057,+0.929
1705267020,+3.46,+26.033, +0.056,+0.929
1705267080,+3.46,+26.017, +0.057,+0.929
1705267140,+3.46,+26.033, +0.058,+0.929
1705267200,+3.46,+26.017, +0.060,+0.929
1705267260,+3.46,+26.000, +0.061,+0.929
1705267320,+3.46,+26.017, +0.061,+0.929
1705267380,+3.46,+26.017, +0.065,+0.929
1705267440,+3.46,+26.008, +0.068,+0.929
1705267500,+3.46,+25.983, +0.067,+0.929
1705267560,+3.46,+26.000, +0.064,+0.929
1705267620,+3.46,+26.025, +0.063,+0.929
1705267680,+3.46,+26.000, +0.059,+0.929
1705267740,+3.46,+25.983, +0.058,+0.929
1705267800,+3.46,+26.000, +0.059,+0.929
1705267860,+3.46,+25.983, +0.060,+0.929
1705267920,+3.46,+25.966, +0.062,+0.929
1705267980,+3.46,+25.983, +0.063,+0.929
1705268040,+3.46,+25.958, +0.064,+0.929
1705268100,+3.46,+25.974, +0.067,+0.929
1705268160,+3.46,+25.949, +0.071,+0.929
1705268220,+3.46,+25.966, +0.074,+0.929
1705268280,+3.46,+25.966, +0.077,+0.929
1705268340,+3.46,+25.974, +0.084,+0.930
1705268400,+3.46,+25.983, +0.088,+0.930
1705268460,+3.46,+25.932, +0.087,+0.930
1705268520,+3.46,+25.949, +0.086,+0.930
1705268580,+3.46,+25.949, +0.091,+0.930
1705268640,+3.46,+25.932, +0.100,+0.930
1705268700,+3.46,+25.915, +0.106,+0.930
1705268760,+3.46,+25.941, +0.108,+0.930
1705268820,+3.46,+25.924, +0.109,+0.930
1705268880,+3.46,+25.924, +0.108,+0.930
1705268940,+3.46,+25.924, +0.118,+0.931
1705269000,+3.46,+25.924, +0.124,+0.931
1705269060,+3.46,+25.915, +0.122,+0.930
1705269120,+3.46,+25.915, +0.121,+0.931
1705269180,+3.46,+25.924, +0.122,+0.931
1705269240,+3.46,+25.915, +0.129,+0.931
1705269300,+3.46,+25.924, +0.137,+0.931
1705269360,+3.46,+25.915, +0.137,+0.931
1705269420,+3.46,+25.915, +0.149,+0.932
1705269480,+3.46,+25.890, +0.166,+0.932
1705269540,+3.46,+25.907, +0.172,+0.932
1705269600,+3.46,+25.890, +0.167,+0.932
1705269660,+3.46,+25.873, +0.161,+0.932
1705269720,+3.46,+25.898, +0.156,+0.932
1705269780,+3.46,+25.890, +0.147,+0.931
1705269840,+3.46,+25.890, +0.143,+0.931
1705269900,+3.46,+25.873, +0.142,+0.931
1705269960,+3.46,+25.882, +0.137,+0.931
1705270020,+3.46,+25.873, +0.129,+0.930
1705270080,+3.46,+25.882, +0.120,+0.930
1705270140,+3.46,+25.873, +0.113,+0.930
1705270200,+3.46,+25.856, +0.110,+0.930
1705270260,+3.46,+25.873, +0.108,+0.930
1705270320,+3.46,+25.873, +0.110,+0.930
1705270380,+3.46,+25.856, +0.130,+0.931
1705270440,+3.46,+25.873, +0.141,+0.931
1705270500,+3.46,+25.865, +0.132,+0.931
1705270560,+3.46,+25.848, +0.124,+0.931
1705270620,+3.46,+25.831, +0.114,+0.930
1705270680,+3.46,+25.831, +0.103,+0.930
1705270740,+3.46,+25.839, +0.093,+0.930
1705270800,+3.46,+25.839, +0.081,+0.929
1705270860,+3.46,+25.839, +0.077,+0.929
1705270920,+3.46,+25.831, +0.079,+0.929
1705270980,+3.46,+25.823, +0.083,+0.929
1705271040,+3.46,+25.797, +0.112,+0.930
1705271100,+3.46,+25.814, +0.135,+0.931
1705271160,+3.46,+25.806, +0.138,+0.931
1705271220,+3.46,+25.814, +0.134,+0.931
1705271280,+3.46,+25.797, +0.124,+0.931
1705271340,+3.46,+25.789, +0.100,+0.930
1705271400,+3.46,+25.806, +0.093,+0.930
1705271460,+3.46,+25.797, +0.090,+0.930
1705271520,+3.46,+25.780, +0.098,+0.930
1705271580,+3.46,+25.806, +0.102,+0.930
1705271640,+3.46,+25.772, +0.097,+0.930
1705271700,+3.46,+25.772, +0.091,+0.930
1705271760,+3.46,+25.772, +0.089,+0.929
1705271820,+3.46,+25.764, +0.090,+0.930
1705271880,+3.46,+25.772, +0.091,+0.930
1705271940,+3.46,+25.764, +0.078,+0.929
1705272000,+3.46,+25.755, +0.084,+0.929
1705272060,+3.46,+25.738, +0.085,+0.929
1705272120,+3.46,+25.730, +0.086,+0.930
1705272180,+3.46,+25.738, +0.087,+0.930
1705272240,+3.46,+25.721, +0.080,+0.929
1705272300,+3.46,+25.747, +0.067,+0.929
1705272360,+3.46,+25.730, +0.061,+0.929
1705272420,+3.46,+25.721, +0.066,+0.929
1705272480,+3.46,+25.721, +0.064,+0.929
1705272540,+3.46,+25.747, +0.071,+0.929
1705272600,+3.46,+25.713, +0.079,+0.929
1705272660,+3.46,+25.713, +0.071,+0.929
1705272720,+3.46,+25.713, +0.070,+0.929
1705272780,+3.46,+25.705, +0.065,+0.929
1705272840,+3.46,+25.705, +0.063,+0.929
1705272900,+3.46,+25.705, +0.067,+0.929
1705272960,+3.46,+25.688, +0.061,+0.929
1705273020,+3.46,+25.705, +0.058,+0.929
1705273080,+3.46,+25.713, +0.057,+0.929
1705273140,+3.46,+25.705, +0.057,+0.929
1705273200,+3.46,+25.688, +0.057,+0.929
1705273260,+3.46,+25.696, +0.056,+0.929
1705273320,+3.46,+25.696, +0.057,+0.929
1705273380,+3.46,+25.679, +0.057,+0.929
1705273440,+3.46,+25.671, +0.057,+0.929
1705273500,+3.46,+25.662, +0.059,+0.929
1705273560,+3.46,+25.654, +0.057,+0.929
1705273620,+3.46,+25.662, +0.056,+0.929
1705273680,+3.46,+25.646, +0.058,+0.929
1705273740,+3.46,+25.654, +0.058,+0.929
1705273800,+3.46,+25.654, +0.057,+0.929
1705273860,+3.46,+25.654, +0.059,+0.929
1705273920,+3.46,+25.637, +0.059,+0.929
1705273980,+3.46,+25.637, +0.058,+0.929
1705274040,+3.46,+25.646, +0.060,+0.929
1705274100,+3.46,+25.629, +0.059,+0.929
1705274160,+3.46,+25.646, +0.060,+0.929
1705274220,+3.46,+25.646, +0.058,+0.929
1705274280,+3.46,+25.620, +0.057,+0.929
1705274340,+3.46,+25.629, +0.056,+0.929
1705274400,+3.46,+25.620, +0.057,+0.929
1705274460,+3.46,+25.629, +0.057,+0.929
1705274520,+3.46,+25.612, +0.057,+0.929
1705274580,+3.46,+25.612, +0.055,+0.929
1705274640,+3.46,+25.620, +0.056,+0.929
1705274700,+3.46,+25.629, +0.056,+0.929
1705274760,+3.46,+25.612, +0.056,+0.929
1705274820,+3.46,+25.603, +0.057,+0.929
1705274880,+3.46,+25.587, +0.056,+0.929
1705274940,+3.46,+25.612, +0.057,+0.929
1705275000,+3.46,+25.603, +0.058,+0.929
1705275060,+3.46,+25.603, +0.058,+0.929
1705275120,+3.46,+25.603, +0.057,+0.929
1705275180,+3.46,+25.603, +0.057,+0.929
1705275240,+3.46,+25.603, +0.058,+0.929
1705275300,+3.46,+25.595, +0.058,+0.929
1705275360,+3.46,+25.603, +0.059,+0.929
1705275420,+3.46,+25.595, +0.058,+0.929
1705275480,+3.46,+25.595, +0.057,+0.929
1705275540,+3.46,+25.578, +0.058,+0.929
1705275600,+3.46,+25.578, +0.058,+0.929
1705275660,+3.46,+25.578, +0.060,+0.929
1705275720,+3.46,+25.587, +0.060,+0.929
1705275780,+3.46,+25.561, +0.059,+0.929
1705275840,+3.46,+25.561, +0.059,+0.929
1705275900,+3.46,+25.561, +0.061,+0.929
1705275960,+3.46,+25.553, +0.061,+0.929
1705276020,+3.46,+25.561, +0.059,+0.929
1705276080,+3.46,+25.553, +0.058,+0.929
1705276140,+3.46,+25.553, +0.059,+0.929
1705276200,+3.46,+25.544, +0.057,+0.929
1705276260,+3.46,+25.544, +0.055,+0.929
1705276320,+3.46,+25.544, +0.056,+0.929
1705276380,+3.46,+25.536, +0.056,+0.929
1705276440,+3.46,+25.528, +0.055,+0.929
1705276500,+3.46,+25.502, +0.055,+0.929
1705276560,+3.46,+25.528, +0.056,+0.929
1705276620,+3.46,+25.528, +0.055,+0.929
1705276680,+3.46,+25.511, +0.055,+0.929
1705276740,+3.46,+25.502, +0.056,+0.929
1705276800,+3.46,+25.519, +0.059,+0.929
1705276860,+3.46,+25.528, +0.067,+0.929
1705276920,+3.46,+25.519, +0.056,+0.929
1705276980,+3.46,+25.494, +0.107,+0.930
1705277040,+3.46,+25.502, +0.088,+0.930
1705277100,+3.46,+25.511, +0.062,+0.929
1705277160,+3.46,+25.528, +0.058,+0.929
1705277220,+3.46,+25.502, +0.056,+0.929
1705277280,+3.46,+25.494, +0.056,+0.929
1705277340,+3.46,+25.477, +0.059,+0.929
1705277400,+3.46,+25.485, +0.062,+0.929
1705277460,+3.46,+25.469, +0.076,+0.930
1705277520,+3.46,+25.460, +0.089,+0.930
1705277580,+3.46,+25.469, +0.075,+0.929
1705277640,+3.46,+25.427, +0.066,+0.929
1705277700,+3.46,+25.443, +0.063,+0.929
1705277760,+3.46,+25.418, +0.066,+0.929
1705277820,+3.46,+25.469, +0.062,+0.929
1705277880,+3.46,+25.443, +0.060,+0.929
1705277940,+3.46,+25.435, +0.060,+0.929
1705278000,+3.46,+25.443, +0.059,+0.929
1705278060,+3.46,+25.443, +0.061,+0.929
1705278120,+3.46,+25.427, +0.059,+0.929
1705278180,+3.46,+25.443, +0.057,+0.929
1705278240,+3.46,+25.410, +0.057,+0.929
1705278300,+3.46,+25.443, +0.056,+0.929
1705278360,+3.46,+25.443, +0.056,+0.929
1705278420,+3.46,+25.435, +0.056,+0.929
1705278480,+3.46,+25.435, +0.056,+0.929
1705278540,+3.46,+25.410, +0.056,+0.929
1705278600,+3.46,+25.418, +0.055,+0.929
1705278660,+3.46,+25.410, +0.055,+0.929
1705278720,+3.46,+25.418, +0.055,+0.929
1705278780,+3.46,+25.401, +0.056,+0.929
1705278840,+3.46,+25.418, +0.055,+0.929
1705278900,+3.46,+25.418, +0.056,+0.929
1705278960,+3.46,+25.410, +0.055,+0.929
1705279020,+3.46,+25.410, +0.055,+0.929
1705279080,+3.46,+25.410, +0.057,+0.929
1705279140,+3.46,+25.393, +0.058,+0.929
1705279200,+3.46,+25.410, +0.061,+0.929
1705279260,+3.46,+25.418, +0.060,+0.929
1705279320,+3.46,+25.427, +0.056,+0.929
1705279380,+3.46,+25.418, +0.071,+0.929
1705279440,+3.46,+25.410, +0.055,+0.929
1705279500,+3.46,+25.401, +0.056,+0.929
1705279560,+3.46,+25.410, +0.058,+0.929
1705279620,+3.46,+25.427, +0.070,+0.929
1705279680,+3.46,+25.418, +0.063,+0.929
1705279740,+3.46,+25.410, +0.062,+0.929
1705279800,+3.46,+25.418, +0.058,+0.929
1705279860,+3.46,+25.418, +0.057,+0.929
1705279920,+3.46,+25.427, +0.057,+0.929
1705279980,+3.46,+25.418, +0.057,+0.929
1705280040,+3.46,+25.393, +0.056,+0.929
1705280100,+3.46,+25.393, +0.056,+0.929
1705280160,+3.46,+25.401, +0.055,+0.929
1705280220,+3.46,+25.393, +0.056,+0.929
1705280280,+3.46,+25.384, +0.056,+0.929
1705280340,+3.46,+25.384, +0.056,+0.929
1705280400,+3.46,+25.376, +0.056,+0.929
1705280460,+3.46,+25.376, +0.057,+0.929
1705280520,+3.46,+25.368, +0.058,+0.929
1705280580,+3.46,+25.359, +0.059,+0.929
1705280640,+3.46,+25.384, +0.058,+0.929
1705280700,+3.46,+25.376, +0.056,+0.929
1705280760,+3.46,+25.368, +0.109,+0.931
1705280820,+3.46,+25.384, +0.107,+0.931
1705280880,+3.46,+25.368, +0.061,+0.929
1705280940,+3.46,+25.384, +0.055,+0.929
1705281000,+3.46,+25.393, +0.076,+0.929
1705281060,+3.46,+25.368, +0.059,+0.929
1705281120,+3.46,+25.384, +0.077,+0.930
1705281180,+3.46,+25.376, +0.056,+0.929
1705281240,+3.46,+25.376, +0.055,+0.929
1705281300,+3.46,+25.368, +0.056,+0.929
1705281360,+3.46,+25.376, +0.055,+0.929
1705281420,+3.46,+25.368, +0.055,+0.929
1705281480,+3.46,+25.351, +0.056,+0.929
1705281540,+3.46,+25.342, +0.056,+0.929
1705281600,+3.46,+25.351, +0.057,+0.929
1705281660,+3.46,+25.342, +0.058,+0.929
1705281720,+3.46,+25.342, +0.057,+0.929
1705281780,+3.46,+25.326, +0.055,+0.929
1705281840,+3.46,+25.342, +0.057,+0.929
1705281900,+3.46,+25.334, +0.057,+0.929
1705281960,+3.46,+25.334, +0.056,+0.929
1705282020,+3.46,+25.326, +0.057,+0.929
1705282080,+3.46,+25.326, +0.058,+0.929
1705282140,+3.46,+25.309, +0.056,+0.929
1705282200,+3.46,+25.317, +0.057,+0.929
1705282260,+3.46,+25.317, +0.054,+0.929
1705282320,+3.46,+25.326, +0.079,+0.929
1705282380,+3.46,+25.309, +0.072,+0.929
1705282440,+3.46,+25.317, +0.079,+0.930
1705282500,+3.46,+25.342, +0.068,+0.929
1705282560,+3.46,+25.317, +0.062,+0.929
1705282620,+3.46,+25.334, +0.081,+0.930
1705282680,+3.46,+25.342, +0.091,+0.930
1705282740,+3.46,+25.309, +0.073,+0.929
1705282800,+3.46,+25.326, +0.061,+0.929
1705282860,+3.46,+25.317, +0.058,+0.929
1705282920,+3.46,+25.326, +0.058,+0.929
1705282980,+3.46,+25.326, +0.058,+0.929
1705283040,+3.46,+25.309, +0.057,+0.929
1705283100,+3.46,+25.309, +0.057,+0.929
1705283160,+3.46,+25.300, +0.065,+0.929
1705283220,+3.46,+25.309, +0.068,+0.929
1705283280,+3.46,+25.292, +0.069,+0.929
1705283340,+3.46,+25.300, +0.060,+0.929
1705283400,+3.46,+25.292, +0.063,+0.929
1705283460,+3.46,+25.283, +0.060,+0.929
1705283520,+3.46,+25.292, +0.057,+0.929
1705283580,+3.46,+25.283, +0.057,+0.929
1705283640,+3.46,+25.283, +0.057,+0.929
1705283700,+3.46,+25.275, +0.066,+0.929
1705283760,+3.46,+25.283, +0.104,+0.930
1705283820,+3.46,+25.283, +0.068,+0.929
1705283880,+3.46,+25.275, +0.061,+0.929
1705283940,+3.46,+25.283, +0.084,+0.930
1705284000,+3.46,+25.292, +0.085,+0.930
1705284060,+3.46,+25.275, +0.059,+0.929
1705284120,+3.46,+25.275, +0.057,+0.929
1705284180,+3.46,+25.258, +0.056,+0.929
1705284240,+3.46,+25.267, +0.056,+0.929
1705284300,+3.46,+25.292, +0.055,+0.929
1705284360,+3.46,+25.258, +0.055,+0.929
1705284420,+3.46,+25.258, +0.055,+0.929
1705284480,+3.46,+25.267, +0.054,+0.929
1705284540,+3.46,+25.258, +0.055,+0.929
1705284600,+3.46,+25.258, +0.092,+0.930
1705284660,+3.46,+25.241, +0.063,+0.929
1705284720,+3.46,+25.241, +0.056,+0.929
1705284780,+3.46,+25.258, +0.056,+0.929
1705284840,+3.46,+25.267, +0.084,+0.930
1705284900,+3.46,+25.250, +0.072,+0.929
1705284960,+3.46,+25.275, +0.055,+0.929
1705285020,+3.46,+25.250, +0.061,+0.929
1705285080,+3.46,+25.267, +0.056,+0.929
1705285140,+3.46,+25.250, +0.055,+0.929
1705285200,+3.46,+25.258, +0.055,+0.929
1705285260,+3.46,+25.250, +0.055,+0.929
1705285320,+3.46,+25.233, +0.056,+0.929
1705285380,+3.46,+25.267, +0.055,+0.929
1705285440,+3.46,+25.258, +0.055,+0.929
1705285500,+3.46,+25.258, +0.055,+0.929
1705285560,+3.46,+25.250, +0.055,+0.929
1705285620,+3.46,+25.250, +0.055,+0.929
1705285680,+3.46,+25.233, +0.055,+0.929
1705285740,+3.46,+25.241, +0.056,+0.929
1705285800,+3.46,+25.233, +0.055,+0.929
1705285860,+3.46,+25.250, +0.055,+0.929
1705285920,+3.46,+25.241, +0.055,+0.929
1705285980,+3.46,+25.216, +0.056,+0.929
1705286040,+3.46,+25.225, +0.055,+0.929
1705286100,+3.46,+25.233, +0.054,+0.929
1705286160,+3.46,+25.225, +0.055,+0.929
1705286220,+3.46,+25.225, +0.090,+0.930
1705286280,+3.46,+25.233, +0.063,+0.929
1705286340,+3.46,+25.233, +0.055,+0.929
1705286400,+3.46,+25.241, +0.056,+0.929
1705286460,+3.46,+25.241, +0.061,+0.929
1705286520,+3.46,+25.233, +0.091,+0.930
1705286580,+3.46,+25.225, +0.074,+0.929
1705286640,+3.46,+25.233, +0.090,+0.930
1705286700,+3.46,+25.208, +0.093,+0.930
1705286760,+3.46,+25.191, +0.072,+0.929
1705286820,+3.46,+25.191, +0.063,+0.929
1705286880,+3.46,+25.174, +0.059,+0.929
1705286940,+3.46,+25.157, +0.066,+0.929
1705287000,+3.46,+25.149, +0.107,+0.930
1705287060,+3.46,+25.149, +0.147,+0.932
1705287120,+3.46,+25.149, +0.106,+0.930
1705287180,+3.46,+25.149, +0.074,+0.929
1705287240,+3.46,+25.132, +0.060,+0.929
1705287300,+3.46,+25.140, +0.179,+0.933
1705287360,+3.46,+25.157, +0.220,+0.934
1705287420,+3.46,+25.166, +0.162,+0.932
1705287480,+3.46,+25.149, +0.113,+0.931
1705287540,+3.46,+25.182, +0.070,+0.929
1705287600,+3.46,+25.174, +0.056,+0.929
1705287660,+3.46,+25.166, +0.055,+0.929
1705287720,+3.46,+25.182, +0.055,+0.929
1705287780,+3.46,+25.166, +0.055,+0.929
1705287840,+3.46,+25.157, +0.055,+0.929
1705287900,+3.46,+25.157, +0.055,+0.929
1705287960,+3.46,+25.149, +0.060,+0.929
1705288020,+3.46,+25.157, +0.056,+0.929
1705288080,+3.46,+25.166, +0.055,+0.929
1705288140,+3.46,+25.149, +0.055,+0.929
1705288200,+3.46,+25.166, +0.056,+0.929
1705288260,+3.46,+25.157, +0.066,+0.929
1705288320,+3.46,+25.149, +0.060,+0.929
1705288380,+3.46,+25.157, +0.057,+0.929
1705288440,+3.46,+25.149, +0.056,+0.929
1705288500,+3.46,+25.149, +0.062,+0.929
1705288560,+3.46,+25.157, +0.057,+0.929
1705288620,+3.46,+25.157, +0.056,+0.929
1705288680,+3.46,+25.166, +0.055,+0.929
1705288740,+3.46,+25.149, +0.055,+0.929
1705288800,+3.46,+25.149, +0.055,+0.929
1705288860,+3.46,+25.132, +0.055,+0.929
1705288920,+3.46,+25.157, +0.054,+0.929
1705288980,+3.46,+25.166, +0.054,+0.929
1705289040,+3.46,+25.157, +0.056,+0.929
1705289100,+3.46,+25.140, +0.055,+0.929
1705289160,+3.46,+25.132, +0.056,+0.929
1705289220,+3.46,+25.140, +0.072,+0.929
1705289280,+3.46,+25.140, +0.067,+0.929
1705289340,+3.46,+25.140, +0.056,+0.929
1705289400,+3.46,+25.140, +0.063,+0.929
1705289460,+3.46,+25.140, +0.056,+0.929
1705289520,+3.46,+25.115, +0.056,+0.929
1705289580,+3.46,+25.124, +0.056,+0.929
1705289640,+3.46,+25.124, +0.055,+0.929
1705289700,+3.46,+25.124, +0.055,+0.929
1705289760,+3.46,+25.115, +0.055,+0.929
1705289820,+3.46,+25.124, +0.056,+0.929
1705289880,+3.46,+25.124, +0.055,+0.929
1705289940,+3.46,+25.124, +0.056,+0.929
1705290000,+3.46,+25.115, +0.056,+0.929
1705290060,+3.46,+25.107, +0.056,+0.929
1705290120,+3.46,+25.115, +0.056,+0.929
1705290180,+3.46,+25.115, +0.055,+0.929
1705290240,+3.46,+25.140, +0.054,+0.929
1705290300,+3.46,+25.124, +0.056,+0.929
1705290360,+3.46,+25.124, +0.063,+0.929
1705290420,+3.46,+25.132, +0.061,+0.929
1705290480,+3.46,+25.115, +0.063,+0.929
1705290540,+3.46,+25.115, +0.061,+0.929
1705290600,+3.46,+25.107, +0.059,+0.929
1705290660,+3.46,+25.124, +0.058,+0.929
1705290720,+3.46,+25.107, +0.056,+0.929
1705290780,+3.46,+25.124, +0.056,+0.929
1705290840,+3.46,+25.098, +0.062,+0.929
1705290900,+3.46,+25.098, +0.061,+0.929
1705290960,+3.46,+25.090, +0.058,+0.929
1705291020,+3.46,+25.090, +0.059,+0.929
1705291080,+3.46,+25.107, +0.059,+0.929
1705291140,+3.46,+25.090, +0.058,+0.929
1705291200,+3.46,+25.073, +0.056,+0.929
1705291260,+3.46,+25.107, +0.059,+0.929
1705291320,+3.46,+25.073, +0.063,+0.929
1705291380,+3.46,+25.098, +0.056,+0.929
1705291440,+3.46,+25.073, +0.056,+0.929
1705291500,+3.46,+25.082, +0.058,+0.929
1705291560,+3.46,+25.098, +0.055,+0.929
1705291620,+3.46,+25.124, +0.055,+0.929
1705291680,+3.46,+25.082, +0.056,+0.929
1705291740,+3.46,+25.073, +0.056,+0.929
1705291800,+3.46,+25.090, +0.056,+0.929
1705291860,+3.46,+25.090, +0.056,+0.929
1705291920,+3.46,+25.082, +0.055,+0.929
1705291980,+3.46,+25.082, +0.056,+0.929
1705292040,+3.46,+25.065, +0.055,+0.929
1705292100,+3.46,+25.082, +0.056,+0.929
1705292160,+3.46,+25.082, +0.056,+0.929
1705292220,+3.46,+25.073, +0.056,+0.929
1705292280,+3.46,+25.065, +0.055,+0.929
1705292340,+3.46,+25.039, +0.059,+0.929
1705292400,+3.46,+25.065, +0.082,+0.930
1705292460,+3.46,+25.048, +0.065,+0.929
1705292520,+3.46,+25.048, +0.060,+0.929
1705292580,+3.46,+25.039, +0.059,+0.929
1705292640,+3.46,+25.023, +0.058,+0.929
1705292700,+3.46,+25.023, +0.058,+0.929
1705292760,+3.46,+25.023, +0.058,+0.929
1705292820,+3.46,+25.023, +0.057,+0.929
1705292880,+3.46,+25.023, +0.056,+0.929
1705292940,+3.46,+25.014, +0.054,+0.929
1705293000,+3.46,+25.014, +0.055,+0.929
1705293060,+3.46,+25.014, +0.055,+0.929
1705293120,+3.46,+25.006, +0.058,+0.929
1705293180,+3.46,+25.006, +0.057,+0.929
1705293240,+3.46,+25.014, +0.056,+0.929
1705293300,+3.46,+25.006, +0.056,+0.929
1705293360,+3.46,+25.006, +0.055,+0.929
1705293420,+3.46,+25.006, +0.056,+0.929
1705293480,+3.46,+24.997, +0.056,+0.929
1705293540,+3.46,+25.006, +0.055,+0.929
1705293600,+3.46,+24.997, +0.087,+0.930
1705293660,+3.46,+25.023, +0.065,+0.929
1705293720,+3.46,+25.014, +0.064,+0.929
1705293780,+3.46,+25.006, +0.068,+0.929
1705293840,+3.46,+25.006, +0.062,+0.929
1705293900,+3.46,+25.031, +0.059,+0.929
1705293960,+3.46,+25.014, +0.057,+0.929
1705294020,+3.46,+25.014, +0.058,+0.929
1705294080,+3.46,+25.006, +0.060,+0.929
1705294140,+3.46,+25.014, +0.071,+0.929
1705294200,+3.46,+25.006, +0.067,+0.929
1705294260,+3.46,+24.989, +0.099,+0.930
1705294320,+3.46,+25.014, +0.081,+0.930
1705294380,+3.46,+25.023, +0.059,+0.929
1705294440,+3.46,+25.023, +0.057,+0.929
1705294500,+3.46,+25.014, +0.055,+0.929
1705294560,+3.46,+25.014, +0.055,+0.929
1705294620,+3.46,+24.997, +0.057,+0.929
1705294680,+3.46,+25.006, +0.056,+0.929
1705294740,+3.46,+25.014, +0.055,+0.929
1705294800,+3.46,+25.023, +0.055,+0.929
1705294860,+3.46,+24.997, +0.055,+0.929
1705294920,+3.46,+24.997, +0.070,+0.929
1705294980,+3.46,+24.997, +0.062,+0.929
1705295040,+3.46,+24.989, +0.058,+0.929
1705295100,+3.46,+25.006, +0.063,+0.929
1705295160,+3.46,+24.989, +0.059,+0.929
1705295220,+3.46,+25.023, +0.084,+0.930
1705295280,+3.46,+25.023, +0.068,+0.929
1705295340,+3.46,+25.014, +0.057,+0.929
1705295400,+3.46,+25.023, +0.056,+0.929
1705295460,+3.46,+25.014, +0.061,+0.929
1705295520,+3.46,+25.014, +0.065,+0.929
1705295580,+3.46,+24.997, +0.056,+0.929
1705295640,+3.46,+25.006, +0.056,+0.929
1705295700,+3.46,+25.006, +0.056,+0.929
1705295760,+3.46,+24.989, +0.054,+0.929
1705295820,+3.46,+25.006, +0.055,+0.929
1705295880,+3.46,+24.981, +0.056,+0.929
1705295940,+3.46,+24.981, +0.056,+0.929
1705296000,+3.46,+24.997, +0.055,+0.929
1705296060,+3.46,+24.981, +0.054,+0.929
1705296120,+3.46,+24.989, +0.055,+0.929
1705296180,+3.46,+24.997, +0.054,+0.929
1705296240,+3.46,+24.997, +0.054,+0.929
1705296300,+3.46,+24.981, +0.055,+0.929
1705296360,+3.46,+25.006, +0.055,+0.929
1705296420,+3.46,+25.006, +0.055,+0.929
1705296480,+3.46,+24.972, +0.054,+0.929
1705296540,+3.46,+24.981, +0.055,+0.929
1705296600,+3.46,+24.989, +0.054,+0.929
1705296660,+3.46,+24.964, +0.062,+0.929
1705296720,+3.46,+25.006, +0.055,+0.929
1705296780,+3.46,+24.972, +0.054,+0.929
1705296840,+3.46,+24.964, +0.055,+0.929
1705296900,+3.46,+24.981, +0.054,+0.929
1705296960,+3.46,+24.964, +0.054,+0.929
1705297020,+3.46,+24.964, +0.056,+0.929
1705297080,+3.46,+24.981, +0.056,+0.929
1705297140,+3.46,+24.989, +0.055,+0.929
1705297200,+3.46,+24.981, +0.055,+0.929
1705297260,+3.46,+24.981, +0.055,+0.929
1705297320,+3.46,+24.981, +0.054,+0.929
1705297380,+3.46,+24.964, +0.055,+0.929
1705297440,+3.46,+24.964, +0.055,+0.929
1705297500,+3.46,+24.981, +0.054,+0.929
1705297560,+3.46,+24.981, +0.055,+0.929
1705297620,+3.46,+24.981, +0.055,+0.929
1705297680,+3.46,+24.989, +0.054,+0.929
1705297740,+3.46,+24.955, +0.054,+0.929
1705297800,+3.46,+24.964, +0.055,+0.929
1705297860,+3.46,+24.981, +0.055,+0.929
1705297920,+3.46,+24.964, +0.055,+0.929
1705297980,+3.46,+24.981, +0.055,+0.929
1705298040,+3.46,+24.972, +0.055,+0.929
1705298100,+3.46,+24.972, +0.056,+0.929
1705298160,+3.46,+24.981, +0.055,+0.929
1705298220,+3.46,+24.972, +0.055,+0.929
1705298280,+3.46,+24.972, +0.055,+0.929
1705298340,+3.46,+24.972, +0.056,+0.929
1705298400,+3.46,+24.955, +0.055,+0.929
1705298460,+3.46,+24.964, +0.055,+0.929
1705298520,+3.46,+24.981, +0.055,+0.929
1705298580,+3.46,+24.972, +0.055,+0.929
1705298640,+3.46,+24.972, +0.055,+0.929
1705298700,+3.46,+24.964, +0.057,+0.929
1705298760,+3.46,+24.972, +0.055,+0.929
1705298820,+3.46,+24.955, +0.056,+0.929
1705298880,+3.46,+24.972, +0.057,+0.929
1705298940,+3.46,+24.955, +0.056,+0.929
1705299000,+3.46,+24.955, +0.056,+0.929
1705299060,+3.46,+24.955, +0.054,+0.929
1705299120,+3.46,+24.964, +0.055,+0.929
1705299180,+3.46,+24.955, +0.055,+0.929
1705299240,+3.46,+24.955, +0.056,+0.929
1705299300,+3.46,+24.947, +0.056,+0.929
1705299360,+3.46,+24.922, +0.059,+0.929
1705299420,+3.46,+24.947, +0.059,+0.929
1705299480,+3.46,+24.955, +0.058,+0.929
1705299540,+3.46,+24.947, +0.056,+0.929
1705299600,+3.46,+24.939, +0.055,+0.929
1705299660,+3.46,+24.939, +0.055,+0.929
1705299720,+3.46,+24.939, +0.055,+0.929
1705299780,+3.46,+24.930, +0.056,+0.929
1705299840,+3.46,+24.939, +0.055,+0.929
1705299900,+3.46,+24.939, +0.055,+0.929
1705299960,+3.46,+24.930, +0.055,+0.929
1705300020,+3.46,+24.939, +0.057,+0.929
1705300080,+3.46,+24.930, +0.057,+0.929
1705300140,+3.46,+24.930, +0.055,+0.929
1705300200,+3.46,+24.922, +0.055,+0.929
1705300260,+3.46,+24.930, +0.055,+0.929
1705300320,+3.46,+24.922, +0.062,+0.929
1705300380,+3.46,+24.930, +0.060,+0.929
1705300440,+3.46,+24.930, +0.058,+0.929
1705300500,+3.46,+24.913, +0.056,+0.929
1705300560,+3.46,+24.930, +0.055,+0.929
1705300620,+3.46,+24.922, +0.059,+0.929
1705300680,+3.46,+24.930, +0.058,+0.929
1705300740,+3.46,+24.939, +0.055,+0.929
1705300800,+3.46,+24.922, +0.055,+0.929
1705300860,+3.46,+24.922, +0.056,+0.929
1705300920,+3.46,+24.913, +0.058,+0.929
1705300980,+3.46,+24.922, +0.055,+0.929
1705301040,+3.46,+24.913, +0.054,+0.929
1705301100,+3.46,+24.888, +0.055,+0.929
1705301160,+3.46,+24.888, +0.057,+0.929
1705301220,+3.46,+24.905, +0.058,+0.929
1705301280,+3.46,+24.905, +0.055,+0.929
1705301340,+3.46,+24.905, +0.056,+0.929
1705301400,+3.46,+24.913, +0.061,+0.929
1705301460,+3.46,+24.905, +0.063,+0.929
1705301520,+3.46,+24.922, +0.058,+0.929
1705301580,+3.46,+24.922, +0.057,+0.929
1705301640,+3.46,+24.905, +0.057,+0.929
1705301700,+3.46,+24.905, +0.055,+0.929
1705301760,+3.46,+24.922, +0.055,+0.929
1705301820,+3.46,+24.888, +0.055,+0.929
1705301880,+3.46,+24.905, +0.055,+0.929
1705301940,+3.46,+24.880, +0.054,+0.929
1705302000,+3.46,+24.888, +0.056,+0.929
1705302060,+3.46,+24.871, +0.065,+0.929
1705302120,+3.46,+24.880, +0.062,+0.929
1705302180,+3.46,+24.905, +0.060,+0.929
1705302240,+3.46,+24.880, +0.068,+0.929
1705302300,+3.46,+24.880, +0.064,+0.929
1705302360,+3.46,+24.880, +0.058,+0.929
1705302420,+3.46,+24.880, +0.055,+0.929
1705302480,+3.46,+24.863, +0.060,+0.929
1705302540,+3.46,+24.880, +0.057,+0.929
1705302600,+3.46,+24.871, +0.056,+0.929
1705302660,+3.46,+24.880, +0.055,+0.929
1705302720,+3.46,+24.880, +0.055,+0.929
1705302780,+3.46,+24.880, +0.055,+0.929
1705302840,+3.46,+24.863, +0.054,+0.929
1705302900,+3.46,+24.855, +0.054,+0.929
1705302960,+3.46,+24.871, +0.064,+0.929
1705303020,+3.46,+24.888, +0.055,+0.929
1705303080,+3.46,+24.871, +0.056,+0.929
1705303140,+3.46,+24.871, +0.057,+0.929
1705303200,+3.46,+24.880, +0.055,+0.929
1705303260,+3.46,+24.888, +0.060,+0.929
1705303320,+3.46,+24.880, +0.057,+0.929
1705303380,+3.46,+24.871, +0.071,+0.929
1705303440,+3.46,+24.846, +0.119,+0.931
1705303500,+3.46,+24.880, +0.068,+0.929
1705303560,+3.46,+24.871, +0.057,+0.929
1705303620,+3.46,+24.863, +0.056,+0.929
1705303680,+3.46,+24.863, +0.056,+0.929
1705303740,+3.46,+24.871, +0.055,+0.929
1705303800,+3.46,+24.897, +0.055,+0.929
1705303860,+3.46,+24.871, +0.056,+0.929
1705303920,+3.46,+24.871, +0.055,+0.929
1705303980,+3.46,+24.855, +0.055,+0.929
1705304040,+3.46,+24.855, +0.054,+0.929
1705304100,+3.46,+24.838, +0.054,+0.929
1705304160,+3.46,+24.846, +0.055,+0.929
1705304220,+3.46,+24.855, +0.055,+0.929
1705304280,+3.46,+24.855, +0.055,+0.929
1705304340,+3.46,+24.880, +0.055,+0.929
1705304400,+3.46,+24.855, +0.055,+0.929
1705304460,+3.46,+24.855, +0.055,+0.929
1705304520,+3.46,+24.838, +0.054,+0.929
1705304580,+3.46,+24.863, +0.055,+0.929
1705304640,+3.46,+24.829, +0.055,+0.929
1705304700,+3.46,+24.838, +0.056,+0.929
1705304760,+3.46,+24.813, +0.054,+0.929
1705304820,+3.46,+24.838, +0.056,+0.929
1705304880,+3.46,+24.846, +0.055,+0.929
1705304940,+3.46,+24.829, +0.056,+0.929
1705305000,+3.46,+24.846, +0.056,+0.929
1705305060,+3.46,+24.846, +0.055,+0.929
1705305120,+3.46,+24.829, +0.056,+0.929
1705305180,+3.46,+24.838, +0.055,+0.929
1705305240,+3.46,+24.821, +0.056,+0.929
1705305300,+3.46,+24.829, +0.056,+0.929
1705305360,+3.46,+24.829, +0.055,+0.929
1705305420,+3.46,+24.829, +0.055,+0.929
1705305480,+3.46,+24.829, +0.055,+0.929
1705305540,+3.46,+24.846, +0.054,+0.929
1705305600,+3.46,+24.846, +0.055,+0.929
1705305660,+3.46,+24.804, +0.056,+0.929
1705305720,+3.46,+24.813, +0.056,+0.929
1705305780,+3.46,+24.846, +0.056,+0.929
1705305840,+3.46,+24.846, +0.059,+0.929
1705305900,+3.46,+24.829, +0.056,+0.929
1705305960,+3.46,+24.821, +0.054,+0.929
1705306020,+3.46,+24.829, +0.054,+0.929
1705306080,+3.46,+24.821, +0.059,+0.929
1705306140,+3.46,+24.829, +0.058,+0.929
1705306200,+3.46,+24.838, +0.056,+0.929
1705306260,+3.46,+24.846, +0.055,+0.929
1705306320,+3.46,+24.829, +0.057,+0.929
1705306380,+3.46,+24.821, +0.056,+0.929
1705306440,+3.46,+24.813, +0.055,+0.929
1705306500,+3.46,+24.813, +0.054,+0.929
1705306560,+3.46,+24.829, +0.056,+0.929
1705306620,+3.46,+24.813, +0.055,+0.929
1705306680,+3.46,+24.804, +0.055,+0.929
1705306740,+3.46,+24.813, +0.055,+0.929
1705306800,+3.46,+24.813, +0.055,+0.929
1705306860,+3.46,+24.796, +0.055,+0.929
1705306920,+3.46,+24.821, +0.056,+0.929
1705306980,+3.46,+24.796, +0.055,+0.929
1705307040,+3.46,+24.821, +0.055,+0.929
1705307100,+3.46,+24.804, +0.061,+0.929
1705307160,+3.46,+24.796, +0.054,+0.929
1705307220,+3.46,+24.813, +0.054,+0.929
1705307280,+3.46,+24.804, +0.056,+0.929
1705307340,+3.46,+24.804, +0.079,+0.930
1705307400,+3.46,+24.813, +0.055,+0.929
1705307460,+3.46,+24.804, +0.055,+0.929
1705307520,+3.46,+24.804, +0.055,+0.929
1705307580,+3.46,+24.821, +0.054,+0.929
1705307640,+3.46,+24.796, +0.054,+0.929
1705307700,+3.46,+24.787, +0.054,+0.929
1705307760,+3.46,+24.813, +0.055,+0.929
1705307820,+3.46,+24.787, +0.055,+0.929
1705307880,+3.46,+24.813, +0.055,+0.929
1705307940,+3.46,+24.787, +0.055,+0.929
1705308000,+3.46,+24.813, +0.055,+0.929
1705308060,+3.46,+24.804, +0.054,+0.929
1705308120,+3.46,+24.813, +0.054,+0.929
1705308180,+3.46,+24.787, +0.054,+0.929
1705308240,+3.46,+24.779, +0.054,+0.929
1705308300,+3.46,+24.787, +0.054,+0.929
1705308360,+3.46,+24.796, +0.055,+0.929
1705308420,+3.46,+24.796, +0.054,+0.929
1705308480,+3.46,+24.813, +0.054,+0.929
1705308540,+3.46,+24.787, +0.055,+0.929
1705308600,+3.46,+24.787, +0.055,+0.929
1705308660,+3.46,+24.779, +0.055,+0.929
1705308720,+3.46,+24.787, +0.055,+0.929
1705308780,+3.46,+24.787, +0.055,+0.929
1705308840,+3.46,+24.787, +0.054,+0.929
1705308900,+3.46,+24.779, +0.054,+0.929
1705308960,+3.46,+24.771, +0.054,+0.929
1705309020,+3.46,+24.771, +0.054,+0.929
1705309080,+3.46,+24.779, +0.054,+0.929
1705309140,+3.46,+24.779, +0.054,+0.929
1705309200,+3.46,+24.771, +0.054,+0.929
1705309260,+3.46,+24.771, +0.055,+0.929
1705309320,+3.46,+24.771, +0.055,+0.929
1705309380,+3.46,+24.779, +0.054,+0.929
1705309440,+3.46,+24.762, +0.055,+0.929
1705309500,+3.46,+24.771, +0.055,+0.929
1705309560,+3.46,+24.762, +0.055,+0.929
1705309620,+3.46,+24.762, +0.054,+0.929
1705309680,+3.46,+24.754, +0.055,+0.929
1705309740,+3.46,+24.771, +0.055,+0.929
1705309800,+3.46,+24.754, +0.055,+0.929
1705309860,+3.46,+24.745, +0.055,+0.929
1705309920,+3.46,+24.762, +0.054,+0.929
1705309980,+3.46,+24.762, +0.054,+0.929
1705310040,+3.46,+24.771, +0.055,+0.929
1705310100,+3.46,+24.762, +0.062,+0.929
1705310160,+3.46,+24.771, +0.054,+0.929
1705310220,+3.46,+24.779, +0.055,+0.929
1705310280,+3.46,+24.762, +0.055,+0.929
1705310340,+3.46,+24.779, +0.054,+0.929
1705310400,+3.46,+24.779, +0.054,+0.929
1705310460,+3.46,+24.754, +0.054,+0.929
1705310520,+3.46,+24.779, +0.055,+0.929
1705310580,+3.46,+24.762, +0.054,+0.929
1705310640,+3.46,+24.771, +0.054,+0.929
1705310700,+3.46,+24.762, +0.054,+0.929
1705310760,+3.46,+24.762, +0.055,+0.929
1705310820,+3.46,+24.754, +0.055,+0.929
1705310880,+3.46,+24.754, +0.054,+0.929
1705310940,+3.46,+24.745, +0.054,+0.929
1705311000,+3.46,+24.729, +0.054,+0.929
1705311060,+3.46,+24.737, +0.054,+0.929
1705311120,+3.46,+24.745, +0.055,+0.929
1705311180,+3.46,+24.737, +0.054,+0.929
1705311240,+3.46,+24.762, +0.054,+0.929
1705311300,+3.46,+24.720, +0.054,+0.929
1705311360,+3.46,+24.754, +0.054,+0.929
1705311420,+3.46,+24.745, +0.054,+0.929
1705311480,+3.46,+24.720, +0.055,+0.929
1705311540,+3.46,+24.737, +0.054,+0.929
1705311600,+3.46,+24.737, +0.054,+0.929
1705311660,+3.46,+24.745, +0.054,+0.929
1705311720,+3.46,+24.754, +0.056,+0.929
1705311780,+3.46,+24.745, +0.055,+0.929
1705311840,+3.46,+24.754, +0.054,+0.929
1705311900,+3.46,+24.737, +0.053,+0.929
1705311960,+3.46,+24.737, +0.055,+0.929
1705312020,+3.46,+24.745, +0.054,+0.929
1705312080,+3.46,+24.737, +0.054,+0.929
1705312140,+3.46,+24.720, +0.055,+0.929
1705312200,+3.46,+24.703, +0.054,+0.929
1705312260,+3.46,+24.712, +0.055,+0.929
1705312320,+3.46,+24.712, +0.055,+0.929
1705312380,+3.46,+24.720, +0.054,+0.929
1705312440,+3.46,+24.720, +0.054,+0.929
1705312500,+3.46,+24.720, +0.054,+0.929
1705312560,+3.46,+24.703, +0.055,+0.929
1705312620,+3.46,+24.729, +0.055,+0.929
1705312680,+3.46,+24.729, +0.055,+0.929
1705312740,+3.46,+24.720, +0.230,+0.934
1705312800,+3.46,+24.729, +0.236,+0.934
1705312860,+3.46,+24.720, +0.232,+0.934
1705312920,+3.46,+24.729, +0.229,+0.934
1705312980,+3.46,+24.737, +0.199,+0.933
1705313040,+3.46,+24.737, +0.170,+0.932
1705313100,+3.46,+24.754, +0.146,+0.931
1705313160,+3.46,+24.754, +0.119,+0.930
1705313220,+3.46,+24.754, +0.101,+0.930
1705313280,+3.46,+24.754, +0.087,+0.930
1705313340,+3.46,+24.754, +0.079,+0.929
1705313400,+3.46,+24.745, +0.075,+0.929
1705313460,+3.46,+24.745, +0.078,+0.929
1705313520,+3.46,+24.737, +0.074,+0.929
1705313580,+3.46,+24.745, +0.070,+0.929
1705313640,+3.46,+24.737, +0.064,+0.929
1705313700,+3.46,+24.745, +0.061,+0.929
1705313760,+3.46,+24.720, +0.059,+0.929
1705313820,+3.46,+24.712, +0.059,+0.929
1705313880,+3.46,+24.729, +0.073,+0.929
1705313940,+3.46,+24.729, +0.079,+0.929
1705314000,+3.46,+24.712, +0.077,+0.929
1705314060,+3.46,+24.729, +0.069,+0.929
1705314120,+3.46,+24.720, +0.066,+0.929
1705314180,+3.46,+24.729, +0.068,+0.929
1705314240,+3.46,+24.712, +0.070,+0.929
1705314300,+3.46,+24.729, +0.074,+0.929
1705314360,+3.46,+24.729, +0.077,+0.929
1705314420,+3.46,+24.720, +0.077,+0.929
1705314480,+3.46,+24.703, +0.073,+0.929
1705314540,+3.46,+24.720, +0.074,+0.929
1705314600,+3.46,+24.720, +0.078,+0.929
1705314660,+3.46,+24.712, +0.083,+0.929
1705314720,+3.46,+24.720, +0.087,+0.929
1705314780,+3.46,+24.695, +0.085,+0.929
1705314840,+3.46,+24.712, +0.079,+0.929
1705314900,+3.46,+24.712, +0.081,+0.929
1705314960,+3.46,+24.729, +0.077,+0.929
1705315020,+3.46,+24.703, +0.073,+0.929
1705315080,+3.46,+24.703, +0.069,+0.929
1705315140,+3.46,+24.703, +0.067,+0.929
1705315200,+3.46,+24.703, +0.068,+0.929
1705315260,+3.46,+24.712, +0.063,+0.929
1705315320,+3.46,+24.703, +0.061,+0.929
1705315380,+3.46,+24.703, +0.059,+0.929
1705315440,+3.46,+24.695, +0.059,+0.929
1705315500,+3.46,+24.712, +0.061,+0.929
1705315560,+3.46,+24.703, +0.061,+0.929
1705315620,+3.46,+24.703, +0.063,+0.929
1705315680,+3.46,+24.695, +0.064,+0.929
1705315740,+3.46,+24.703, +0.075,+0.929
1705315800,+3.46,+24.703, +0.080,+0.929
1705315860,+3.46,+24.703, +0.080,+0.929
1705315920,+3.46,+24.703, +0.077,+0.929
1705315980,+3.46,+24.703, +0.071,+0.929
1705316040,+3.46,+24.695, +0.068,+0.929
1705316100,+3.46,+24.678, +0.068,+0.929
1705316160,+3.46,+24.687, +0.072,+0.929
1705316220,+3.46,+24.695, +0.073,+0.929
1705316280,+3.46,+24.687, +0.074,+0.929
1705316340,+3.46,+24.703, +0.079,+0.929
1705316400,+3.46,+24.703, +0.079,+0.929
1705316460,+3.46,+24.670, +0.074,+0.929
1705316520,+3.46,+24.703, +0.071,+0.929
1705316580,+3.46,+24.687, +0.079,+0.929
1705316640,+3.46,+24.695, +0.084,+0.930
1705316700,+3.46,+24.687, +0.091,+0.930
1705316760,+3.46,+24.687, +0.084,+0.930
1705316820,+3.46,+24.687, +0.081,+0.929
1705316880,+3.46,+24.687, +0.077,+0.929
1705316940,+3.46,+24.687, +0.078,+0.929
1705317000,+3.46,+24.678, +0.110,+0.930
1705317060,+3.46,+24.695, +0.125,+0.931
1705317120,+3.46,+24.687, +0.118,+0.931
1705317180,+3.46,+24.720, +0.103,+0.930
1705317240,+3.46,+24.703, +0.085,+0.930
1705317300,+3.46,+24.678, +0.075,+0.929
1705317360,+3.46,+24.703, +0.069,+0.929
1705317420,+3.46,+24.695, +0.067,+0.929
1705317480,+3.46,+24.687, +0.069,+0.929
1705317540,+3.46,+24.687, +0.075,+0.929
1705317600,+3.46,+24.695, +0.079,+0.929
1705317660,+3.46,+24.703, +0.073,+0.929
1705317720,+3.46,+24.695, +0.069,+0.929
1705317780,+3.46,+24.670, +0.068,+0.929
1705317840,+3.46,+24.678, +0.069,+0.929
1705317900,+3.46,+24.678, +0.075,+0.929
1705317960,+3.46,+24.695, +0.075,+0.929
1705318020,+3.46,+24.661, +0.073,+0.929
1705318080,+3.46,+24.678, +0.072,+0.929
1705318140,+3.46,+24.670, +0.070,+0.929
1705318200,+3.46,+24.687, +0.069,+0.929
1705318260,+3.46,+24.670, +0.070,+0.929
1705318320,+3.46,+24.678, +0.066,+0.929
1705318380,+3.46,+24.661, +0.065,+0.929
1705318440,+3.46,+24.687, +0.066,+0.929
1705318500,+3.46,+24.670, +0.066,+0.929
1705318560,+3.46,+24.695, +0.066,+0.929
1705318620,+3.46,+24.670, +0.066,+0.929
1705318680,+3.46,+24.670, +0.070,+0.929
1705318740,+3.46,+24.687, +0.076,+0.929
1705318800,+3.46,+24.678, +0.075,+0.929
1705318860,+3.46,+24.670, +0.075,+0.929
1705318920,+3.46,+24.687, +0.077,+0.929
1705318980,+3.46,+24.670, +0.082,+0.929
1705319040,+3.46,+24.670, +0.083,+0.929
1705319100,+3.46,+24.678, +0.082,+0.929
1705319160,+3.46,+24.678, +0.079,+0.929
1705319220,+3.46,+24.670, +0.079,+0.929
1705319280,+3.46,+24.695, +0.082,+0.929
1705319340,+3.46,+24.678, +0.083,+0.929
1705319400,+3.46,+24.678, +0.085,+0.930
1705319460,+3.46,+24.678, +0.087,+0.929
1705319520,+3.46,+24.661, +0.090,+0.930
1705319580,+3.46,+24.661, +0.087,+0.929
1705319640,+3.46,+24.661, +0.082,+0.929
1705319700,+3.46,+24.645, +0.080,+0.929
1705319760,+3.46,+24.687, +0.081,+0.929
1705319820,+3.46,+24.687, +0.078,+0.929
1705319880,+3.46,+24.678, +0.072,+0.929
1705319940,+3.46,+24.678, +0.072,+0.929
1705320000,+3.46,+24.670, +0.070,+0.929
1705320060,+3.46,+24.695, +0.067,+0.929
1705320120,+3.46,+24.703, +0.066,+0.929
1705320180,+3.46,+24.670, +0.066,+0.929
1705320240,+3.46,+24.695, +0.062,+0.929
1705320300,+3.46,+24.712, +0.062,+0.929
1705320360,+3.46,+24.703, +0.064,+0.929
1705320420,+3.46,+24.695, +0.066,+0.929
1705320480,+3.46,+24.703, +0.069,+0.929
1705320540,+3.46,+24.687, +0.074,+0.929
1705320600,+3.46,+24.703, +0.070,+0.929
1705320660,+3.46,+24.695, +0.066,+0.929
1705320720,+3.46,+24.703, +0.063,+0.929
1705320780,+3.46,+24.695, +0.065,+0.929
1705320840,+3.46,+24.703, +0.072,+0.929
1705320900,+3.46,+24.729, +0.080,+0.929
1705320960,+3.46,+24.720, +0.093,+0.930
1705321020,+3.46,+24.712, +0.100,+0.930
1705321080,+3.46,+24.720, +0.093,+0.930
1705321140,+3.46,+24.720, +0.085,+0.930
1705321200,+3.46,+24.720, +0.084,+0.929
1705321260,+3.46,+24.729, +0.090,+0.930
1705321320,+3.46,+24.720, +0.114,+0.930
1705321380,+3.46,+24.729, +0.131,+0.931
1705321440,+3.46,+24.729, +0.121,+0.930
1705321500,+3.46,+24.745, +0.109,+0.930
1705321560,+3.46,+24.754, +0.099,+0.930
1705321620,+3.46,+24.737, +0.091,+0.930
1705321680,+3.46,+24.745, +0.088,+0.929
1705321740,+3.46,+24.729, +0.086,+0.930
1705321800,+3.46,+24.745, +0.085,+0.929
1705321860,+3.46,+24.737, +0.083,+0.929
1705321920,+3.46,+24.745, +0.078,+0.929
1705321980,+3.46,+24.754, +0.071,+0.929
1705322040,+3.46,+24.737, +0.067,+0.929
1705322100,+3.46,+24.745, +0.063,+0.929
1705322160,+3.46,+24.762, +0.062,+0.929
1705322220,+3.46,+24.762, +0.060,+0.929
1705322280,+3.46,+24.745, +0.058,+0.929
1705322340,+3.46,+24.754, +0.060,+0.929
1705322400,+3.46,+24.771, +0.057,+0.929
1705322460,+3.46,+24.771, +0.059,+0.929
1705322520,+3.46,+24.762, +0.060,+0.929
1705322580,+3.46,+24.771, +0.062,+0.929
1705322640,+3.46,+24.762, +0.066,+0.929
1705322700,+3.46,+24.771, +0.064,+0.929
1705322760,+3.46,+24.779, +0.062,+0.929
1705322820,+3.46,+24.787, +0.059,+0.928
1705322880,+3.46,+24.796, +0.073,+0.929
1705322940,+3.46,+24.787, +0.098,+0.930
1705323000,+3.46,+24.804, +0.089,+0.929
1705323060,+3.46,+24.796, +0.082,+0.929
1705323120,+3.46,+24.804, +0.077,+0.929
1705323180,+3.46,+24.804, +0.073,+0.929
1705323240,+3.46,+24.804, +0.074,+0.929
1705323300,+3.46,+24.821, +0.070,+0.929
1705323360,+3.46,+24.821, +0.064,+0.929
1705323420,+3.46,+24.829, +0.063,+0.929
1705323480,+3.46,+24.813, +0.061,+0.929
1705323540,+3.46,+24.821, +0.062,+0.929
1705323600,+3.46,+24.829, +0.059,+0.929
1705323660,+3.46,+24.829, +0.058,+0.929
1705323720,+3.46,+24.821, +0.056,+0.928
1705323780,+3.46,+24.821, +0.056,+0.929
1705323840,+3.46,+24.821, +0.055,+0.929
1705323900,+3.46,+24.821, +0.055,+0.928
1705323960,+3.46,+24.829, +0.056,+0.928
1705324020,+3.46,+24.821, +0.055,+0.928
1705324080,+3.46,+24.846, +0.056,+0.928
1705324140,+3.46,+24.821, +0.057,+0.929
1705324200,+3.46,+24.829, +0.057,+0.929
1705324260,+3.46,+24.829, +0.055,+0.928
1705324320,+3.46,+24.838, +0.056,+0.928
1705324380,+3.46,+24.838, +0.056,+0.929
1705324440,+3.46,+24.838, +0.055,+0.928
1705324500,+3.46,+24.838, +0.055,+0.928
1705324560,+3.46,+24.855, +0.055,+0.929
1705324620,+3.46,+24.846, +0.056,+0.928
1705324680,+3.46,+24.838, +0.055,+0.928
1705324740,+3.46,+24.846, +0.055,+0.928
1705324800,+3.46,+24.863, +0.055,+0.928
1705324860,+3.46,+24.855, +0.054,+0.928
1705324920,+3.46,+24.838, +0.055,+0.928
1705324980,+3.46,+24.846, +0.054,+0.928
1705325040,+3.46,+24.855, +0.055,+0.928
1705325100,+3.46,+24.846, +0.054,+0.928
1705325160,+3.46,+24.863, +0.054,+0.928
1705325220,+3.46,+24.846, +0.054,+0.928
1705325280,+3.46,+24.863, +0.054,+0.928
1705325340,+3.46,+24.863, +0.054,+0.928
1705325400,+3.46,+24.871, +0.054,+0.928
1705325460,+3.46,+24.880, +0.054,+0.928
1705325520,+3.46,+24.863, +0.054,+0.928
1705325580,+3.46,+24.871, +0.055,+0.928
1705325640,+3.46,+24.871, +0.054,+0.928
1705325700,+3.46,+24.888, +0.054,+0.928
1705325760,+3.46,+24.880, +0.054,+0.928
1705325820,+3.46,+24.888, +0.054,+0.928
1705325880,+3.46,+24.880, +0.054,+0.928
1705325940,+3.46,+24.880, +0.054,+0.928
1705326000,+3.46,+24.880, +0.055,+0.928
1705326060,+3.46,+24.888, +0.054,+0.928
1705326120,+3.46,+24.888, +0.054,+0.928
1705326180,+3.46,+24.880, +0.054,+0.928
1705326240,+3.46,+24.897, +0.054,+0.928
1705326300,+3.46,+24.897, +0.054,+0.928
1705326360,+3.46,+24.897, +0.054,+0.928
1705326420,+3.46,+24.888, +0.054,+0.928
1705326480,+3.46,+24.897, +0.054,+0.928
1705326540,+3.46,+24.905, +0.054,+0.928
1705326600,+3.46,+24.888, +0.055,+0.928
1705326660,+3.46,+24.913, +0.054,+0.928
1705326720,+3.46,+24.888, +0.054,+0.928
1705326780,+3.46,+24.888, +0.054,+0.928
1705326840,+3.46,+24.897, +0.055,+0.928
1705326900,+3.46,+24.905, +0.054,+0.928
1705326960,+3.46,+24.905, +0.054,+0.928
1705327020,+3.46,+24.905, +0.054,+0.928
1705327080,+3.46,+24.913, +0.054,+0.928
1705327140,+3.46,+24.905, +0.054,+0.928
1705327200,+3.46,+24.897, +0.054,+0.928
1705327260,+3.46,+24.913, +0.054,+0.928
1705327320,+3.46,+24.913, +0.054,+0.928
1705327380,+3.46,+24.913, +0.055,+0.928
1705327440,+3.46,+24.922, +0.054,+0.928
1705327500,+3.46,+24.922, +0.054,+0.928
1705327560,+3.46,+24.947, +0.054,+0.928
1705327620,+3.46,+24.922, +0.055,+0.928
1705327680,+3.46,+24.930, +0.054,+0.928
1705327740,+3.46,+24.939, +0.054,+0.928
1705327800,+3.46,+24.939, +0.054,+0.928
1705327860,+3.46,+24.939, +0.054,+0.928
1705327920,+3.46,+24.922, +0.055,+0.928
1705327980,+3.46,+24.930, +0.054,+0.928
1705328040,+3.46,+24.930, +0.054,+0.928
1705328100,+3.46,+24.922, +0.055,+0.928
1705328160,+3.46,+24.913, +0.055,+0.928
1705328220,+3.46,+24.930, +0.054,+0.928
1705328280,+3.46,+24.922, +0.054,+0.928
1705328340,+3.46,+24.922, +0.054,+0.928
1705328400,+3.46,+24.913, +0.055,+0.928
1705328460,+3.46,+24.930, +0.055,+0.928
1705328520,+3.46,+24.922, +0.054,+0.928
1705328580,+3.46,+24.930, +0.055,+0.928
1705328640,+3.46,+24.939, +0.056,+0.928
1705328700,+3.46,+24.930, +0.056,+0.928
1705328760,+3.46,+24.922, +0.056,+0.928
1705328820,+3.46,+24.913, +0.055,+0.928
1705328880,+3.46,+24.947, +0.055,+0.928
1705328940,+3.46,+24.955, +0.054,+0.928
1705329000,+3.46,+24.930, +0.055,+0.929
1705329060,+3.46,+24.939, +0.054,+0.928
1705329120,+3.46,+24.947, +0.054,+0.928
1705329180,+3.46,+24.947, +0.055,+0.928
1705329240,+3.46,+24.947, +0.055,+0.928
1705329300,+3.46,+24.955, +0.055,+0.928
1705329360,+3.46,+24.964, +0.054,+0.928
1705329420,+3.46,+24.955, +0.054,+0.928
1705329480,+3.46,+24.964, +0.055,+0.928
1705329540,+3.46,+24.981, +0.054,+0.928
1705329600,+3.46,+24.947, +0.055,+0.928
1705329660,+3.46,+24.989, +0.055,+0.928
1705329720,+3.46,+24.989, +0.055,+0.929
1705329780,+3.46,+24.981, +0.055,+0.928
1705329840,+3.46,+24.997, +0.055,+0.928
1705329900,+3.46,+24.989, +0.055,+0.928
1705329960,+3.46,+25.006, +0.054,+0.928
1705330020,+3.46,+24.997, +0.055,+0.928
1705330080,+3.46,+24.989, +0.055,+0.928
1705330140,+3.46,+24.989, +0.054,+0.928
1705330200,+3.46,+24.989, +0.055,+0.929
1705330260,+3.46,+25.014, +0.054,+0.928
1705330320,+3.46,+24.989, +0.055,+0.928
1705330380,+3.46,+25.006, +0.055,+0.928
1705330440,+3.46,+25.006, +0.055,+0.929
1705330500,+3.46,+25.006, +0.055,+0.928
1705330560,+3.46,+25.006, +0.056,+0.928
1705330620,+3.46,+25.014, +0.056,+0.928
1705330680,+3.46,+25.006, +0.060,+0.929
1705330740,+3.46,+25.006, +0.060,+0.929
1705330800,+3.46,+25.006, +0.058,+0.929
1705330860,+3.46,+25.014, +0.056,+0.928
1705330920,+3.46,+25.006, +0.055,+0.928
1705330980,+3.46,+24.989, +0.055,+0.928
1705331040,+3.46,+25.006, +0.056,+0.929
1705331100,+3.46,+24.981, +0.055,+0.928
1705331160,+3.46,+24.989, +0.055,+0.929
1705331220,+3.46,+24.981, +0.059,+0.929
1705331280,+3.46,+24.989, +0.056,+0.928
1705331340,+3.46,+24.989, +0.055,+0.929
1705331400,+3.46,+24.981, +0.055,+0.928
1705331460,+3.46,+24.981, +0.055,+0.929
1705331520,+3.46,+24.997, +0.055,+0.928
1705331580,+3.46,+24.989, +0.055,+0.928
1705331640,+3.46,+25.006, +0.055,+0.928
1705331700,+3.46,+24.997, +0.055,+0.928
1705331760,+3.46,+24.997, +0.055,+0.929
1705331820,+3.46,+24.989, +0.055,+0.928
1705331880,+3.46,+25.006, +0.055,+0.928
1705331940,+3.46,+24.989, +0.055,+0.928
1705332000,+3.46,+25.014, +0.055,+0.928
1705332060,+3.46,+25.014, +0.055,+0.928
1705332120,+3.46,+25.023, +0.055,+0.928
1705332180,+3.46,+25.039, +0.055,+0.928
1705332240,+3.46,+25.048, +0.056,+0.928
1705332300,+3.46,+25.056, +0.056,+0.928
1705332360,+3.46,+25.048, +0.056,+0.928
1705332420,+3.46,+25.056, +0.056,+0.929
1705332480,+3.46,+25.056, +0.058,+0.929
1705332540,+3.46,+25.065, +0.057,+0.929
1705332600,+3.46,+25.056, +0.057,+0.929
1705332660,+3.46,+25.065, +0.057,+0.928
1705332720,+3.46,+25.098, +0.057,+0.929
1705332780,+3.46,+25.056, +0.057,+0.928
1705332840,+3.46,+25.090, +0.057,+0.928
1705332900,+3.46,+25.073, +0.056,+0.928
1705332960,+3.46,+25.082, +0.055,+0.928
1705333020,+3.46,+25.082, +0.056,+0.928
1705333080,+3.46,+25.073, +0.055,+0.928
1705333140,+3.46,+25.073, +0.055,+0.928
1705333200,+3.46,+25.082, +0.055,+0.928
1705333260,+3.46,+25.082, +0.054,+0.928
1705333320,+3.46,+25.082, +0.055,+0.928
1705333380,+3.46,+25.090, +0.055,+0.928
1705333440,+3.46,+25.107, +0.055,+0.928
1705333500,+3.46,+25.098, +0.055,+0.928
1705333560,+3.46,+25.124, +0.055,+0.928
1705333620,+3.46,+25.124, +0.055,+0.928
1705333680,+3.46,+25.132, +0.059,+0.928
1705333740,+3.46,+25.149, +0.061,+0.928
1705333800,+3.46,+25.166, +0.064,+0.929
1705333860,+3.46,+25.157, +0.065,+0.929
1705333920,+3.46,+25.166, +0.064,+0.929
1705333980,+3.46,+25.182, +0.060,+0.928
1705334040,+3.46,+25.157, +0.058,+0.928
1705334100,+3.46,+25.174, +0.057,+0.928
1705334160,+3.46,+25.191, +0.055,+0.928
1705334220,+3.46,+25.191, +0.055,+0.928
1705334280,+3.46,+25.182, +0.054,+0.928
1705334340,+3.46,+25.191, +0.055,+0.928
1705334400,+3.46,+25.191, +0.055,+0.928
1705334460,+3.46,+25.208, +0.054,+0.928
1705334520,+3.46,+25.216, +0.055,+0.928
1705334580,+3.46,+25.216, +0.055,+0.928
1705334640,+3.46,+25.216, +0.055,+0.928
1705334700,+3.46,+25.216, +0.055,+0.928
1705334760,+3.46,+25.208, +0.055,+0.928
1705334820,+3.46,+25.225, +0.054,+0.928
1705334880,+3.46,+25.216, +0.055,+0.928
1705334940,+3.46,+25.208, +0.055,+0.928
1705335000,+3.46,+25.225, +0.056,+0.928
1705335060,+3.46,+25.233, +0.055,+0.928
1705335120,+3.46,+25.233, +0.056,+0.928
1705335180,+3.46,+25.241, +0.055,+0.928
1705335240,+3.46,+25.275, +0.056,+0.928
1705335300,+3.46,+25.241, +0.056,+0.928
1705335360,+3.46,+25.283, +0.058,+0.928
1705335420,+3.46,+25.292, +0.058,+0.928
1705335480,+3.46,+25.317, +0.059,+0.928
1705335540,+3.46,+25.309, +0.059,+0.928
1705335600,+3.46,+25.300, +0.059,+0.928
1705335660,+3.46,+25.317, +0.057,+0.928
1705335720,+3.46,+25.326, +0.057,+0.928
1705335780,+3.46,+25.326, +0.057,+0.928
1705335840,+3.46,+25.342, +0.057,+0.928
1705335900,+3.46,+25.334, +0.057,+0.928
1705335960,+3.46,+25.334, +0.058,+0.928
1705336020,+3.46,+25.368, +0.059,+0.928
1705336080,+3.46,+25.368, +0.063,+0.928
1705336140,+3.46,+25.368, +0.066,+0.928
1705336200,+3.46,+25.376, +0.066,+0.928
1705336260,+3.46,+25.351, +0.086,+0.929
1705336320,+3.46,+25.359, +0.119,+0.930
1705336380,+3.46,+25.359, +0.102,+0.929
1705336440,+3.46,+25.359, +0.086,+0.929
1705336500,+3.46,+25.376, +0.079,+0.929
1705336560,+3.46,+25.376, +0.086,+0.929
1705336620,+3.46,+25.401, +0.092,+0.929
1705336680,+3.46,+25.427, +0.089,+0.929
1705336740,+3.46,+25.443, +0.083,+0.929
1705336800,+3.46,+25.452, +0.076,+0.928
1705336860,+3.46,+25.452, +0.069,+0.928
1705336920,+3.46,+25.469, +0.069,+0.928
1705336980,+3.46,+25.452, +0.068,+0.928
1705337040,+3.46,+25.435, +0.070,+0.928
1705337100,+3.46,+25.443, +0.074,+0.928
1705337160,+3.46,+25.452, +0.076,+0.929
1705337220,+3.46,+25.443, +0.073,+0.928
1705337280,+3.46,+25.460, +0.073,+0.928
1705337340,+3.46,+25.469, +0.073,+0.928
1705337400,+3.46,+25.477, +0.075,+0.929
1705337460,+3.46,+25.477, +0.076,+0.928
1705337520,+3.46,+25.485, +0.073,+0.928
1705337580,+3.46,+25.485, +0.071,+0.928
1705337640,+3.46,+25.494, +0.070,+0.928
1705337700,+3.46,+25.485, +0.070,+0.928
1705337760,+3.46,+25.485, +0.088,+0.929
1705337820,+3.46,+25.511, +0.240,+0.933
1705337880,+3.46,+25.528, +0.242,+0.933
1705337940,+3.46,+25.561, +0.339,+0.936
1705338000,+3.46,+25.603, +0.376,+0.936
1705338060,+3.46,+25.620, +0.372,+0.936
1705338120,+3.46,+25.629, +0.337,+0.935
1705338180,+3.46,+25.620, +0.299,+0.934
1705338240,+3.46,+25.612, +0.265,+0.933
1705338300,+3.46,+25.595, +0.222,+0.932
1705338360,+3.46,+25.587, +0.195,+0.932
1705338420,+3.46,+25.595, +0.176,+0.931
1705338480,+3.46,+25.578, +0.154,+0.930
1705338540,+3.46,+25.544, +0.133,+0.930
1705338600,+3.46,+25.544, +0.119,+0.930
1705338660,+3.46,+25.544, +0.101,+0.929
1705338720,+3.46,+25.528, +0.088,+0.929
1705338780,+3.46,+25.536, +0.080,+0.929
1705338840,+3.46,+25.519, +0.071,+0.928
1705338900,+3.46,+25.536, +0.112,+0.930
1705338960,+3.46,+25.561, +0.257,+0.934
1705339020,+3.46,+25.612, +0.302,+0.934
1705339080,+3.46,+25.612, +0.294,+0.934
1705339140,+3.46,+25.620, +0.274,+0.934
1705339200,+3.46,+25.620, +0.250,+0.933
1705339260,+3.46,+25.620, +0.220,+0.932
1705339320,+3.46,+25.612, +0.190,+0.931
1705339380,+3.46,+25.612, +0.163,+0.931
1705339440,+3.46,+25.595, +0.137,+0.930
1705339500,+3.46,+25.620, +0.123,+0.930
1705339560,+3.46,+25.603, +0.116,+0.930
1705339620,+3.46,+25.612, +0.104,+0.929
1705339680,+3.46,+25.612, +0.090,+0.929
1705339740,+3.46,+25.595, +0.089,+0.929
1705339800,+3.46,+25.612, +0.086,+0.929
1705339860,+3.46,+25.603, +0.084,+0.929
1705339920,+3.46,+25.620, +0.084,+0.929
1705339980,+3.46,+25.629, +0.087,+0.929
1705340040,+3.46,+25.620, +0.087,+0.929
1705340100,+3.46,+25.612, +0.096,+0.929
1705340160,+3.46,+25.620, +0.093,+0.929
1705340220,+3.46,+25.620, +0.086,+0.929
1705340280,+3.46,+25.620, +0.083,+0.928
1705340340,+3.46,+25.629, +0.077,+0.928
1705340400,+3.46,+25.646, +0.081,+0.929
1705340460,+3.46,+25.662, +0.085,+0.929
1705340520,+3.46,+25.671, +0.085,+0.929
1705340580,+3.46,+25.662, +0.094,+0.929
1705340640,+3.46,+25.780, +4.054,+0.951
1705340700,+3.46,+25.839, +2.693,+0.953
1705340760,+3.46,+25.882, +2.174,+0.953
1705340820,+3.46,+25.907, +1.810,+0.952
1705340880,+3.46,+25.907, +1.557,+0.952
1705340940,+3.46,+25.907, +1.387,+0.951
1705341000,+3.46,+25.924, +1.262,+0.950
1705341060,+3.46,+25.941, +1.154,+0.949
1705341120,+3.46,+25.924, +1.063,+0.948
1705341180,+3.46,+25.932, +0.975,+0.947
1705341240,+3.46,+25.924, +0.880,+0.945
1705341300,+3.46,+25.924, +0.777,+0.944
1705341360,+3.46,+25.915, +0.715,+0.943
1705341420,+3.46,+25.924, +0.656,+0.942
1705341480,+3.46,+25.924, +0.604,+0.941
1705341540,+3.46,+25.898, +0.554,+0.940
1705341600,+3.46,+25.907, +0.505,+0.938
1705341660,+3.46,+25.915, +0.459,+0.937
1705341720,+3.46,+25.941, +0.407,+0.936
1705341780,+3.46,+25.941, +0.379,+0.936
1705341840,+3.46,+25.949, +0.405,+0.936
1705341900,+3.46,+25.991, +0.424,+0.937
1705341960,+3.46,+25.983, +0.426,+0.936
1705342020,+3.46,+25.991, +0.426,+0.936
1705342080,+3.46,+26.008, +0.425,+0.936
1705342140,+3.46,+26.042, +0.441,+0.936
1705342200,+3.46,+26.050, +0.478,+0.937
1705342260,+3.46,+26.067, +0.521,+0.938
1705342320,+3.46,+26.084, +0.567,+0.939
1705342380,+3.46,+26.101, +0.635,+0.940
1705342440,+3.46,+26.093, +0.688,+0.942
1705342500,+3.46,+26.118, +0.774,+0.944
1705342560,+3.46,+26.118, +0.833,+0.945
1705342620,+3.46,+26.118, +0.895,+0.945
1705342680,+3.46,+26.126, +0.960,+0.946
1705342740,+3.46,+26.109, +0.986,+0.946
1705342800,+3.46,+26.109, +0.980,+0.946
1705342860,+3.46,+26.135, +0.995,+0.946
1705342920,+3.46,+26.135, +1.043,+0.946
1705342980,+3.46,+26.152, +1.104,+0.947
1705343040,+3.46,+26.169, +1.187,+0.948
1705343100,+3.46,+26.185, +1.253,+0.949
1705343160,+3.46,+26.194, +4.705,+0.949
1705343220,+3.46,+26.143, +7.775,+0.949
