7450-988987
OS REV: 1.05 Sensor Cal: 1620327161
Time (sec),  BV (Volts),  T (deg C),  DO (mg/l),  Q ()
1722188760,+3.49,+27.949, +0.639,+0.906
1722189360,+3.49,+28.018, +0.503,+0.903
1722189960,+3.49,+28.043, +0.489,+0.903
1722190560,+3.49,+28.094, +0.539,+0.904
1722191160,+3.49,+28.128, +0.568,+0.905
1722191760,+3.49,+28.154, +0.649,+0.906
1722192360,+3.49,+28.171, +0.616,+0.906
1722192960,+3.49,+28.197, +0.566,+0.905
1722193560,+3.49,+28.239, +0.582,+0.905
1722194160,+3.49,+28.239, +0.619,+0.906
1722194760,+3.49,+28.248, +0.684,+0.907
1722195360,+3.49,+28.273, +0.567,+0.905
1722195960,+3.49,+28.291, +0.629,+0.906
1722196560,+3.49,+28.291, +0.676,+0.907
1722197160,+3.49,+28.282, +0.573,+0.905
1722197760,+3.49,+28.291, +0.682,+0.907
1722198360,+3.49,+28.291, +0.682,+0.907
1722198960,+3.49,+28.256, +0.774,+0.908
1722199560,+3.49,+28.256, +0.645,+0.906
1722200160,+3.49,+28.239, +0.573,+0.905
1722200760,+3.49,+28.239, +0.588,+0.905
1722201360,+3.49,+28.214, +0.651,+0.906
1722201960,+3.49,+28.205, +0.697,+0.907
1722202560,+3.49,+28.188, +0.719,+0.907
1722203160,+3.49,+28.137, +0.713,+0.907
1722203760,+3.49,+28.128, +0.657,+0.906
1722204360,+3.49,+28.128, +0.679,+0.907
1722204960,+3.49,+28.077, +0.704,+0.907
1722205560,+3.49,+28.077, +0.882,+0.910
1722206160,+3.49,+28.060, +0.705,+0.907
1722206760,+3.49,+28.026, +0.801,+0.909
1722207360,+3.49,+28.001, +0.859,+0.909
1722207960,+3.50,+27.984, +0.673,+0.906
1722208560,+3.50,+27.966, +0.535,+0.904
1722209160,+3.50,+27.941, +0.530,+0.904
1722209760,+3.50,+27.941, +0.400,+0.901
1722210360,+3.50,+27.924, +0.505,+0.903
1722210960,+3.50,+27.898, +0.486,+0.902
1722211560,+3.50,+27.881, +0.450,+0.902
1722212160,+3.50,+27.830, +0.564,+0.905
1722212760,+3.50,+27.813, +0.543,+0.904
1722213360,+3.50,+27.771, +0.444,+0.902
1722213960,+3.50,+27.762, +0.393,+0.900
1722214560,+3.50,+27.728, +0.471,+0.902
1722215160,+3.50,+27.711, +0.508,+0.903
1722215760,+3.50,+27.720, +0.466,+0.902
1722216360,+3.50,+27.677, +0.477,+0.903
1722216960,+3.50,+27.669, +0.374,+0.900
1722217560,+3.50,+27.643, +0.311,+0.899
1722218160,+3.50,+27.626, +0.350,+0.900
1722218760,+3.50,+27.617, +0.327,+0.899
1722219360,+3.49,+27.566, +0.329,+0.899
1722219960,+3.49,+27.566, +0.194,+0.895
1722220560,+3.49,+27.541, +0.209,+0.896
1722221160,+3.49,+27.515, +0.414,+0.902
1722221760,+3.49,+27.507, +0.178,+0.895
1722222360,+3.49,+27.498, +0.384,+0.900
1722222960,+3.49,+27.473, +0.383,+0.901
1722223560,+3.49,+27.439, +0.316,+0.899
1722224160,+3.49,+27.422, +0.366,+0.900
1722224760,+3.49,+27.430, +0.300,+0.898
1722225360,+3.49,+27.413, +0.250,+0.897
1722225960,+3.49,+27.388, +0.291,+0.898
1722226560,+3.49,+27.371, +0.243,+0.897
1722227160,+3.49,+27.346, +0.276,+0.898
1722227760,+3.49,+27.320, +0.208,+0.896
1722228360,+3.49,+27.329, +0.201,+0.896
1722228960,+3.49,+27.303, +0.267,+0.898
1722229560,+3.49,+27.295, +0.250,+0.897
1722230160,+3.49,+27.269, +0.263,+0.897
1722230760,+3.49,+27.252, +0.194,+0.896
1722231360,+3.49,+27.252, +0.194,+0.896
1722231960,+3.49,+27.227, +0.177,+0.895
1722232560,+3.49,+27.227, +0.194,+0.896
1722233160,+3.49,+27.201, +0.150,+0.894
1722233760,+3.49,+27.193, +0.171,+0.895
1722234360,+3.49,+27.184, +0.121,+0.893
1722234960,+3.49,+27.167, +0.174,+0.895
1722235560,+3.49,+27.133, +0.112,+0.893
1722236160,+3.49,+27.150, +0.082,+0.892
1722236760,+3.49,+27.133, +0.170,+0.895
1722237360,+3.49,+27.091, +0.110,+0.893
1722237960,+3.49,+27.065, +0.147,+0.894
1722238560,+3.50,+27.074, +0.085,+0.892
1722239160,+3.50,+27.049, +0.164,+0.895
1722239760,+3.50,+27.032, +0.115,+0.893
1722240360,+3.50,+27.006, +0.078,+0.892
1722240960,+3.50,+26.972, +0.147,+0.894
1722241560,+3.50,+26.972, +0.117,+0.893
1722242160,+3.50,+26.955, +0.150,+0.894
1722242760,+3.50,+26.947, +0.108,+0.893
1722243360,+3.50,+26.938, +0.120,+0.893
1722243960,+3.50,+26.921, +0.095,+0.893
1722244560,+3.50,+26.904, +0.058,+0.892
1722245160,+3.50,+26.871, +0.084,+0.892
1722245760,+3.50,+26.845, +0.063,+0.892
1722246360,+3.50,+26.854, +0.072,+0.892
1722246960,+3.50,+26.820, +0.056,+0.892
1722247560,+3.50,+26.786, +0.083,+0.892
1722248160,+3.50,+26.769, +0.054,+0.892
1722248760,+3.50,+26.760, +0.055,+0.892
1722249360,+3.50,+26.760, +0.054,+0.892
1722249960,+3.50,+26.727, +0.068,+0.892
1722250560,+3.50,+26.701, +0.070,+0.892
1722251160,+3.50,+26.701, +0.070,+0.892
1722251760,+3.50,+26.701, +0.069,+0.892
1722252360,+3.50,+26.718, +0.056,+0.892
1722252960,+3.50,+26.735, +0.057,+0.891
1722253560,+3.50,+26.760, +0.062,+0.892
1722254160,+3.50,+26.760, +0.060,+0.892
1722254760,+3.50,+26.769, +0.060,+0.892
1722255360,+3.50,+26.786, +0.060,+0.892
1722255960,+3.50,+26.769, +0.061,+0.892
1722256560,+3.50,+26.820, +0.156,+0.895
1722257160,+3.50,+26.837, +0.092,+0.893
1722257760,+3.50,+26.820, +0.072,+0.892
1722258360,+3.50,+26.845, +0.063,+0.892
1722258960,+3.50,+26.854, +0.080,+0.892
1722259560,+3.50,+26.913, +0.277,+0.898
1722260160,+3.50,+26.887, +0.201,+0.896
1722260760,+3.50,+26.955, +0.449,+0.902
1722261360,+3.50,+26.947, +0.129,+0.894
1722261960,+3.50,+26.930, +0.063,+0.892
1722262560,+3.50,+26.930, +0.055,+0.891
1722263160,+3.50,+26.947, +0.055,+0.891
1722263760,+3.50,+26.964, +0.057,+0.891
1722264360,+3.49,+26.972, +0.054,+0.891
1722264960,+3.50,+26.981, +0.062,+0.892
1722265560,+3.49,+27.082, +0.258,+0.897
1722266160,+3.49,+27.082, +0.360,+0.899
1722266760,+3.49,+27.116, +0.262,+0.897
1722267360,+3.49,+27.108, +0.121,+0.893
1722267960,+3.49,+27.133, +0.111,+0.893
1722268560,+3.49,+27.116, +0.152,+0.894
1722269160,+3.49,+27.167, +0.077,+0.892
1722269760,+3.49,+27.184, +0.074,+0.892
1722270360,+3.49,+27.193, +0.079,+0.892
1722270960,+3.49,+27.210, +0.063,+0.892
1722271560,+3.49,+27.252, +0.142,+0.894
1722272160,+3.49,+27.235, +0.151,+0.894
1722272760,+3.49,+27.269, +0.169,+0.895
1722273360,+3.49,+27.252, +0.170,+0.895
1722273960,+3.49,+27.295, +0.165,+0.895
1722274560,+3.49,+27.303, +0.149,+0.894
1722275160,+3.49,+27.337, +0.216,+0.896
