7450-988987
OS REV: 1.05 Sensor Cal: 1620327161
Time (sec),  BV (Volts),  T (deg C),  DO (mg/l),  Q ()
1723841760,+3.48,+32.600, +7.027,+0.902
1723842360,+3.48,+32.591, +7.000,+0.902
1723842960,+3.48,+32.574, +6.988,+0.903
1723843560,+3.49,+32.477, +7.063,+0.903
1723844160,+3.49,+32.504, +7.089,+0.903
1723844760,+3.49,+32.521, +7.080,+0.902
1723845360,+3.49,+32.442, +7.122,+0.902
1723845960,+3.49,+32.425, +7.141,+0.903
1723846560,+3.49,+32.425, +7.135,+0.903
1723847160,+3.49,+32.389, +7.163,+0.903
1723847760,+3.49,+32.214, +7.202,+0.903
1723848360,+3.49,+32.065, +7.197,+0.903
1723848960,+3.48,+31.829, +7.277,+0.903
1723849560,+3.49,+31.533, +7.326,+0.904
1723850160,+3.49,+31.202, +7.371,+0.905
1723850760,+3.49,+30.889, +7.401,+0.904
1723851360,+3.49,+30.646, +7.426,+0.905
1723851960,+3.49,+30.473, +7.441,+0.905
1723852560,+3.49,+30.343, +7.450,+0.904
1723853160,+3.49,+30.266, +7.437,+0.903
1723853760,+3.49,+30.222, +7.446,+0.903
1723854360,+3.49,+30.231, +7.437,+0.903
1723854960,+3.49,+30.248, +7.430,+0.903
1723855560,+3.49,+30.291, +7.413,+0.903
1723856160,+3.49,+30.335, +7.410,+0.903
1723856760,+3.49,+30.378, +7.397,+0.902
1723857360,+3.49,+30.430, +7.398,+0.903
1723857960,+3.49,+30.482, +7.381,+0.902
1723858560,+3.49,+30.499, +7.390,+0.903
1723859160,+3.49,+30.542, +7.372,+0.902
1723859760,+3.49,+30.568, +7.371,+0.902
1723860360,+3.49,+30.551, +7.384,+0.903
1723860960,+3.49,+30.560, +7.381,+0.903
1723861560,+3.49,+30.586, +7.377,+0.902
1723862160,+3.49,+30.560, +7.389,+0.903
1723862760,+3.49,+30.525, +7.388,+0.903
1723863360,+3.49,+30.456, +7.402,+0.903
1723863960,+3.49,+30.378, +7.380,+0.903
1723864560,+3.49,+30.248, +7.400,+0.903
1723865160,+3.49,+30.101, +7.432,+0.903
1723865760,+3.49,+30.015, +7.415,+0.902
1723866360,+3.49,+29.938, +7.426,+0.903
1723866960,+3.49,+29.877, +7.433,+0.904
1723867560,+3.50,+29.817, +7.428,+0.903
1723868160,+3.49,+29.757, +7.440,+0.903
1723868760,+3.49,+29.670, +7.463,+0.904
1723869360,+3.49,+29.627, +7.453,+0.903
1723869960,+3.49,+29.541, +7.461,+0.903
1723870560,+3.49,+29.473, +7.470,+0.903
1723871160,+3.49,+29.378, +7.473,+0.903
1723871760,+3.49,+29.292, +7.481,+0.903
1723872360,+3.49,+29.224, +7.496,+0.903
1723872960,+3.49,+29.121, +7.510,+0.903
1723873560,+3.50,+29.026, +7.523,+0.904
1723874160,+3.50,+28.941, +7.536,+0.904
1723874760,+3.50,+28.838, +7.537,+0.903
1723875360,+3.50,+28.744, +7.555,+0.904
1723875960,+3.49,+28.667, +7.561,+0.904
1723876560,+3.49,+28.564, +7.570,+0.903
1723877160,+3.49,+28.461, +7.587,+0.903
1723877760,+3.49,+28.384, +7.596,+0.904
1723878360,+3.49,+28.282, +7.608,+0.904
1723878960,+3.49,+28.205, +7.607,+0.903
1723879560,+3.49,+28.120, +7.619,+0.903
1723880160,+3.50,+28.018, +7.642,+0.904
1723880760,+3.50,+27.932, +7.641,+0.903
1723881360,+3.50,+27.839, +7.663,+0.904
1723881960,+3.50,+27.745, +7.661,+0.903
1723882560,+3.50,+27.669, +7.674,+0.903
1723883160,+3.50,+27.592, +7.687,+0.904
1723883760,+3.49,+27.507, +7.687,+0.903
1723884360,+3.49,+27.422, +7.704,+0.903
1723884960,+3.49,+27.329, +7.722,+0.904
1723885560,+3.49,+27.244, +7.720,+0.903
1723886160,+3.50,+27.159, +7.729,+0.903
1723886760,+3.50,+27.082, +7.743,+0.903
1723887360,+3.50,+27.006, +7.761,+0.903
1723887960,+3.50,+26.921, +7.764,+0.903
1723888560,+3.50,+26.854, +7.772,+0.903
1723889160,+3.50,+26.777, +7.782,+0.903
1723889760,+3.50,+26.701, +7.791,+0.903
1723890360,+3.50,+26.617, +7.800,+0.903
1723890960,+3.50,+26.566, +7.812,+0.903
1723891560,+3.50,+26.498, +7.812,+0.903
1723892160,+3.49,+26.422, +7.833,+0.903
1723892760,+3.49,+26.380, +7.823,+0.903
1723893360,+3.49,+26.321, +7.831,+0.903
1723893960,+3.49,+26.295, +7.845,+0.904
1723894560,+3.49,+26.270, +7.845,+0.903
1723895160,+3.49,+26.270, +7.836,+0.903
1723895760,+3.49,+26.278, +7.829,+0.903
1723896360,+3.49,+26.321, +7.819,+0.903
1723896960,+3.49,+26.414, +7.794,+0.903
1723897560,+3.50,+26.532, +7.762,+0.903
1723898160,+3.50,+26.718, +7.726,+0.902
1723898760,+3.50,+26.913, +7.697,+0.903
1723899360,+3.49,+27.184, +7.654,+0.902
1723899960,+3.49,+27.481, +7.602,+0.902
1723900560,+3.50,+27.830, +7.558,+0.902
1723901160,+3.49,+28.256, +7.485,+0.902
1723901760,+3.50,+28.769, +7.416,+0.902
1723902360,+3.49,+29.327, +7.340,+0.902
1723902960,+3.49,+29.877, +7.271,+0.902
1723903560,+3.49,+30.361, +7.219,+0.901
1723904160,+3.49,+30.837, +7.170,+0.901
1723904760,+3.49,+31.280, +7.132,+0.901
1723905360,+3.49,+31.698, +7.081,+0.900
1723905960,+3.49,+32.048, +7.050,+0.900
1723906560,+3.49,+32.328, +7.022,+0.900
1723907160,+3.49,+32.618, +7.040,+0.900
1723907760,+3.49,+32.776, +7.050,+0.898
1723908360,+3.48,+32.987, +7.034,+0.898
1723908960,+3.49,+33.234, +6.988,+0.898
1723909560,+3.49,+33.420, +6.962,+0.898
1723910160,+3.49,+33.481, +6.975,+0.897
1723910760,+3.49,+33.543, +6.985,+0.897
1723911360,+3.49,+33.552, +6.955,+0.898
1723911960,+3.49,+33.473, +7.010,+0.898
1723912560,+3.49,+33.322, +6.991,+0.898
1723913160,+3.49,+33.084, +7.027,+0.900
1723913760,+3.49,+32.829, +7.079,+0.900
1723914360,+3.49,+32.565, +7.036,+0.900
1723914960,+3.49,+32.284, +7.103,+0.901
1723915560,+3.49,+32.030, +7.180,+0.902
1723916160,+3.49,+31.759, +7.216,+0.902
1723916760,+3.49,+31.428, +7.341,+0.903
1723917360,+3.49,+31.263, +7.316,+0.902
1723917960,+3.50,+31.071, +7.352,+0.902
1723918560,+3.50,+31.115, +7.301,+0.902
1723919160,+3.49,+31.437, +7.236,+0.902
1723919760,+3.49,+31.847, +7.170,+0.901
1723920360,+3.49,+32.284, +7.141,+0.900
1723920960,+3.49,+32.328, +7.123,+0.900
1723921560,+3.49,+32.205, +7.131,+0.900
1723922160,+3.49,+32.179, +7.111,+0.901
1723922760,+3.49,+32.153, +7.107,+0.900
1723923360,+3.49,+32.205, +7.095,+0.900
1723923960,+3.49,+32.302, +7.077,+0.900
1723924560,+3.49,+32.442, +7.048,+0.899
1723925160,+3.49,+32.583, +7.031,+0.899
1723925760,+3.49,+32.750, +7.005,+0.899
1723926360,+3.49,+32.890, +7.002,+0.899
1723926960,+3.49,+33.005, +6.981,+0.899
1723927560,+3.49,+33.075, +6.973,+0.899
1723928160,+3.49,+33.014, +6.968,+0.899
