7450-988987
OS REV: 1.05 Sensor Cal: 1620327161
Time (sec),  BV (Volts),  T (deg C),  DO (mg/l),  Q ()
1721753760,+3.50,+26.684, +1.053,+0.914
1721754360,+3.50,+26.650, +1.076,+0.914
1721754960,+3.50,+26.684, +1.111,+0.914
1721755560,+3.50,+26.760, +1.396,+0.916
1721756160,+3.50,+26.769, +1.147,+0.914
1721756760,+3.50,+26.752, +1.000,+0.913
1721757360,+3.50,+26.777, +1.136,+0.914
1721757960,+3.50,+26.811, +1.048,+0.913
1721758560,+3.50,+26.811, +1.029,+0.913
1721759160,+3.50,+26.845, +1.216,+0.915
1721759760,+3.50,+26.854, +1.154,+0.914
1721760360,+3.50,+26.862, +1.110,+0.914
1721760960,+3.50,+26.879, +1.120,+0.914
1721761560,+3.50,+26.887, +1.081,+0.914
1721762160,+3.50,+26.913, +1.036,+0.913
1721762760,+3.50,+26.879, +0.920,+0.912
1721763360,+3.50,+26.879, +0.943,+0.913
1721763960,+3.50,+26.921, +1.084,+0.914
1721764560,+3.50,+26.947, +1.184,+0.914
1721765160,+3.50,+26.947, +1.173,+0.914
1721765760,+3.50,+26.955, +1.326,+0.915
1721766360,+3.50,+26.981, +1.477,+0.916
1721766960,+3.49,+26.998, +1.337,+0.915
1721767560,+3.50,+26.989, +1.487,+0.916
1721768160,+3.50,+26.998, +1.395,+0.915
1721768760,+3.50,+26.989, +1.338,+0.915
1721769360,+3.50,+26.998, +1.350,+0.915
1721769960,+3.49,+27.006, +1.477,+0.916
1721770560,+3.49,+26.998, +1.291,+0.915
1721771160,+3.49,+26.998, +1.199,+0.914
1721771760,+3.49,+26.998, +1.403,+0.916
1721772360,+3.49,+27.006, +1.432,+0.916
1721772960,+3.49,+26.998, +1.379,+0.915
1721773560,+3.50,+26.989, +1.095,+0.914
1721774160,+3.49,+26.998, +1.049,+0.913
1721774760,+3.49,+26.981, +1.015,+0.913
1721775360,+3.49,+26.998, +1.199,+0.914
1721775960,+3.49,+26.989, +1.069,+0.914
1721776560,+3.49,+26.981, +1.122,+0.914
1721777160,+3.49,+26.981, +1.185,+0.914
1721777760,+3.50,+26.964, +1.196,+0.915
1721778360,+3.50,+26.964, +1.140,+0.914
1721778960,+3.49,+26.964, +1.387,+0.916
1721779560,+3.49,+26.921, +1.307,+0.915
1721780160,+3.50,+26.921, +1.164,+0.914
1721780760,+3.50,+26.913, +1.316,+0.915
1721781360,+3.50,+26.921, +1.199,+0.915
1721781960,+3.50,+26.904, +1.087,+0.914
1721782560,+3.50,+26.879, +1.166,+0.914
1721783160,+3.50,+26.887, +1.002,+0.913
1721783760,+3.49,+26.896, +0.867,+0.912
1721784360,+3.50,+26.862, +0.842,+0.911
1721784960,+3.50,+26.862, +0.941,+0.912
1721785560,+3.50,+26.837, +0.949,+0.912
1721786160,+3.50,+26.828, +0.946,+0.912
1721786760,+3.50,+26.820, +0.868,+0.912
1721787360,+3.50,+26.803, +0.617,+0.908
1721787960,+3.50,+26.777, +0.461,+0.904
1721788560,+3.50,+26.744, +0.773,+0.910
1721789160,+3.50,+26.744, +0.580,+0.907
1721789760,+3.50,+26.701, +0.374,+0.902
1721790360,+3.50,+26.693, +0.960,+0.913
1721790960,+3.50,+26.684, +0.953,+0.913
1721791560,+3.50,+26.684, +0.863,+0.912
1721792160,+3.50,+26.659, +0.906,+0.912
1721792760,+3.50,+26.650, +0.804,+0.911
1721793360,+3.50,+26.642, +0.810,+0.911
1721793960,+3.50,+26.600, +0.939,+0.912
1721794560,+3.50,+26.566, +0.935,+0.912
1721795160,+3.50,+26.574, +0.810,+0.911
1721795760,+3.50,+26.574, +0.744,+0.910
1721796360,+3.50,+26.540, +0.484,+0.905
1721796960,+3.50,+26.523, +0.725,+0.910
1721797560,+3.50,+26.498, +0.608,+0.908
1721798160,+3.49,+26.490, +0.511,+0.906
1721798760,+3.49,+26.464, +0.696,+0.909
1721799360,+3.49,+26.447, +0.703,+0.909
1721799960,+3.49,+26.439, +0.666,+0.909
1721800560,+3.49,+26.430, +0.393,+0.903
1721801160,+3.49,+26.405, +0.424,+0.904
1721801760,+3.49,+26.414, +0.484,+0.905
1721802360,+3.49,+26.388, +0.443,+0.904
1721802960,+3.49,+26.397, +0.585,+0.907
1721803560,+3.49,+26.371, +0.532,+0.906
1721804160,+3.49,+26.346, +0.498,+0.905
1721804760,+3.49,+26.337, +0.553,+0.907
1721805360,+3.49,+26.346, +0.431,+0.904
1721805960,+3.49,+26.321, +0.499,+0.905
1721806560,+3.49,+26.321, +0.386,+0.903
1721807160,+3.49,+26.295, +0.330,+0.902
1721807760,+3.49,+26.270, +0.470,+0.905
1721808360,+3.49,+26.287, +0.459,+0.905
1721808960,+3.49,+26.270, +0.305,+0.901
1721809560,+3.49,+26.253, +0.234,+0.899
1721810160,+3.49,+26.228, +0.355,+0.902
1721810760,+3.49,+26.245, +0.245,+0.899
1721811360,+3.49,+26.219, +0.199,+0.898
1721811960,+3.49,+26.202, +0.074,+0.894
1721812560,+3.49,+26.194, +0.073,+0.894
1721813160,+3.49,+26.185, +0.087,+0.895
1721813760,+3.49,+26.185, +0.099,+0.895
1721814360,+3.49,+26.160, +0.079,+0.895
1721814960,+3.49,+26.135, +0.092,+0.895
1721815560,+3.49,+26.135, +0.192,+0.898
1721816160,+3.49,+26.118, +0.126,+0.896
1721816760,+3.49,+26.101, +0.055,+0.894
1721817360,+3.49,+26.093, +0.194,+0.898
1721817960,+3.49,+26.076, +0.274,+0.901
1721818560,+3.49,+26.076, +0.286,+0.901
1721819160,+3.49,+26.076, +0.297,+0.901
1721819760,+3.49,+26.067, +0.280,+0.901
1721820360,+3.49,+26.084, +0.264,+0.900
1721820960,+3.49,+26.076, +0.165,+0.897
1721821560,+3.49,+26.067, +0.110,+0.896
1721822160,+3.49,+26.076, +0.135,+0.896
1721822760,+3.49,+26.093, +0.186,+0.898
1721823360,+3.49,+26.101, +0.123,+0.896
1721823960,+3.49,+26.126, +0.230,+0.899
1721824560,+3.49,+26.135, +0.261,+0.900
1721825160,+3.49,+26.126, +0.120,+0.896
1721825760,+3.49,+26.143, +0.103,+0.895
1721826360,+3.49,+26.152, +0.146,+0.897
1721826960,+3.49,+26.177, +0.102,+0.895
1721827560,+3.49,+26.169, +0.110,+0.896
1721828160,+3.49,+26.245, +0.276,+0.901
1721828760,+3.49,+26.236, +0.156,+0.897
1721829360,+3.49,+26.287, +0.214,+0.899
1721829960,+3.49,+26.312, +0.198,+0.898
1721830560,+3.49,+26.346, +0.170,+0.897
1721831160,+3.49,+26.371, +0.168,+0.897
1721831760,+3.49,+26.439, +0.187,+0.898
1721832360,+3.49,+26.481, +0.353,+0.902
1721832960,+3.49,+26.498, +0.285,+0.901
1721833560,+3.50,+26.557, +0.308,+0.901
1721834160,+3.50,+26.574, +0.255,+0.900
1721834760,+3.50,+26.600, +0.295,+0.901
1721835360,+3.50,+26.633, +0.357,+0.903
1721835960,+3.49,+26.727, +0.416,+0.904
1721836560,+3.49,+26.777, +0.362,+0.903
1721837160,+3.49,+26.828, +0.385,+0.903
1721837760,+3.49,+26.837, +0.345,+0.902
1721838360,+3.49,+26.947, +0.447,+0.905
1721838960,+3.49,+26.947, +0.396,+0.903
1721839560,+3.49,+27.006, +0.419,+0.904
1721840160,+3.49,+27.023, +0.504,+0.906
