7450-988987
OS REV: 1.05 Sensor Cal: 1620327161
Time (sec),  BV (Volts),  T (deg C),  DO (mg/l),  Q ()
1723058760,+3.49,+28.410, +0.704,+0.904
1723059360,+3.49,+28.427, +0.806,+0.906
1723059960,+3.49,+28.436, +0.778,+0.905
1723060560,+3.49,+28.470, +0.511,+0.901
1723061160,+3.49,+28.453, +0.500,+0.899
1723061760,+3.49,+28.461, +0.394,+0.897
1723062360,+3.49,+28.427, +0.186,+0.892
1723062960,+3.49,+28.410, +0.146,+0.890
1723063560,+3.49,+28.384, +0.480,+0.899
1723064160,+3.49,+28.350, +0.414,+0.898
1723064760,+3.49,+28.308, +0.421,+0.898
1723065360,+3.49,+28.273, +0.314,+0.896
1723065960,+3.49,+28.282, +0.357,+0.896
1723066560,+3.49,+28.248, +0.292,+0.894
1723067160,+3.49,+28.214, +0.279,+0.894
1723067760,+3.49,+28.197, +0.272,+0.894
1723068360,+3.49,+28.171, +0.484,+0.900
1723068960,+3.49,+28.145, +0.202,+0.892
1723069560,+3.49,+28.128, +0.089,+0.889
1723070160,+3.49,+28.086, +0.166,+0.891
1723070760,+3.49,+28.077, +0.242,+0.894
1723071360,+3.49,+28.052, +0.143,+0.891
1723071960,+3.49,+28.043, +0.082,+0.889
1723072560,+3.49,+28.018, +0.075,+0.889
1723073160,+3.49,+28.001, +0.258,+0.895
1723073760,+3.49,+27.975, +0.176,+0.892
1723074360,+3.49,+27.958, +0.058,+0.888
1723074960,+3.49,+27.949, +0.062,+0.889
1723075560,+3.49,+27.932, +0.064,+0.889
1723076160,+3.49,+27.932, +0.065,+0.889
1723076760,+3.49,+27.898, +0.056,+0.888
1723077360,+3.49,+27.864, +0.059,+0.889
1723077960,+3.49,+27.856, +0.077,+0.889
1723078560,+3.49,+27.822, +0.064,+0.889
1723079160,+3.49,+27.813, +0.057,+0.889
1723079760,+3.49,+27.796, +0.056,+0.889
1723080360,+3.49,+27.805, +0.056,+0.889
1723080960,+3.50,+27.762, +0.057,+0.889
1723081560,+3.50,+27.745, +0.057,+0.889
1723082160,+3.49,+27.737, +0.055,+0.889
1723082760,+3.50,+27.711, +0.055,+0.888
1723083360,+3.50,+27.677, +0.055,+0.889
1723083960,+3.50,+27.686, +0.088,+0.890
1723084560,+3.49,+27.583, +0.078,+0.889
1723085160,+3.50,+27.617, +0.060,+0.889
1723085760,+3.50,+27.634, +0.055,+0.889
1723086360,+3.49,+27.609, +0.058,+0.889
1723086960,+3.49,+27.575, +0.058,+0.889
1723087560,+3.49,+27.549, +0.068,+0.889
1723088160,+3.49,+27.532, +0.063,+0.889
1723088760,+3.49,+27.498, +0.060,+0.889
1723089360,+3.49,+27.507, +0.066,+0.889
1723089960,+3.49,+27.464, +0.055,+0.889
1723090560,+3.49,+27.447, +0.054,+0.889
1723091160,+3.49,+27.430, +0.055,+0.889
1723091760,+3.49,+27.413, +0.055,+0.889
1723092360,+3.49,+27.388, +0.054,+0.889
1723092960,+3.49,+27.371, +0.058,+0.889
1723093560,+3.49,+27.337, +0.056,+0.889
1723094160,+3.49,+27.312, +0.054,+0.889
1723094760,+3.49,+27.303, +0.055,+0.889
1723095360,+3.49,+27.286, +0.054,+0.889
1723095960,+3.49,+27.278, +0.055,+0.889
1723096560,+3.49,+27.244, +0.067,+0.889
1723097160,+3.49,+27.227, +0.081,+0.889
1723097760,+3.49,+27.218, +0.055,+0.889
1723098360,+3.49,+27.201, +0.065,+0.889
1723098960,+3.49,+27.176, +0.054,+0.889
1723099560,+3.49,+27.176, +0.054,+0.889
1723100160,+3.49,+27.142, +0.054,+0.889
1723100760,+3.49,+27.133, +0.058,+0.889
1723101360,+3.49,+27.099, +0.056,+0.889
1723101960,+3.49,+27.074, +0.055,+0.889
1723102560,+3.49,+27.065, +0.054,+0.889
1723103160,+3.49,+27.049, +0.054,+0.889
1723103760,+3.49,+27.023, +0.055,+0.889
1723104360,+3.49,+27.006, +0.054,+0.889
1723104960,+3.49,+26.972, +0.054,+0.888
1723105560,+3.49,+26.947, +0.054,+0.889
1723106160,+3.49,+26.921, +0.054,+0.889
1723106760,+3.50,+26.913, +0.054,+0.889
1723107360,+3.50,+26.879, +0.054,+0.889
1723107960,+3.50,+26.854, +0.054,+0.889
1723108560,+3.50,+26.828, +0.054,+0.889
1723109160,+3.50,+26.794, +0.054,+0.889
1723109760,+3.50,+26.777, +0.055,+0.889
1723110360,+3.50,+26.752, +0.053,+0.889
1723110960,+3.50,+26.735, +0.053,+0.889
1723111560,+3.50,+26.676, +0.054,+0.889
1723112160,+3.50,+26.659, +0.053,+0.889
1723112760,+3.50,+26.659, +0.054,+0.889
1723113360,+3.50,+26.659, +0.054,+0.889
1723113960,+3.50,+26.642, +0.054,+0.889
1723114560,+3.50,+26.659, +0.053,+0.889
1723115160,+3.50,+26.659, +0.054,+0.889
1723115760,+3.50,+26.650, +0.054,+0.889
1723116360,+3.50,+26.650, +0.056,+0.889
1723116960,+3.50,+26.642, +0.055,+0.889
1723117560,+3.50,+26.659, +0.053,+0.889
1723118160,+3.50,+26.667, +0.054,+0.889
1723118760,+3.50,+26.684, +0.054,+0.889
1723119360,+3.50,+26.718, +0.054,+0.889
1723119960,+3.50,+26.718, +0.060,+0.889
1723120560,+3.50,+26.718, +0.063,+0.889
1723121160,+3.50,+26.744, +0.441,+0.899
1723121760,+3.50,+26.777, +0.491,+0.899
1723122360,+3.50,+26.786, +0.525,+0.900
1723122960,+3.50,+26.820, +0.662,+0.902
1723123560,+3.50,+26.938, +2.832,+0.905
1723124160,+3.50,+26.913, +3.589,+0.909
1723124760,+3.49,+26.938, +2.988,+0.910
1723125360,+3.49,+26.947, +1.568,+0.909
1723125960,+3.49,+26.972, +1.095,+0.907
1723126560,+3.49,+26.998, +1.212,+0.906
1723127160,+3.49,+27.023, +0.607,+0.901
1723127760,+3.49,+27.082, +1.081,+0.897
1723128360,+3.49,+27.125, +2.036,+0.907
1723128960,+3.49,+27.227, +2.564,+0.905
1723129560,+3.49,+27.244, +4.039,+0.907
1723130160,+3.49,+27.261, +2.746,+0.910
1723130760,+3.49,+27.269, +1.384,+0.909
1723131360,+3.49,+27.337, +0.797,+0.905
1723131960,+3.49,+27.396, +0.557,+0.901
1723132560,+3.49,+27.456, +0.636,+0.901
1723133160,+3.49,+27.498, +0.550,+0.900
1723133760,+3.49,+27.609, +0.631,+0.901
1723134360,+3.50,+27.669, +0.872,+0.906
1723134960,+3.50,+27.634, +0.773,+0.904
1723135560,+3.50,+27.720, +0.718,+0.904
1723136160,+3.49,+27.745, +0.613,+0.901
1723136760,+3.49,+27.839, +0.651,+0.902
1723137360,+3.49,+27.924, +0.613,+0.901
1723137960,+3.49,+27.941, +0.807,+0.906
1723138560,+3.49,+27.984, +0.813,+0.906
1723139160,+3.49,+27.992, +0.775,+0.905
1723139760,+3.49,+28.060, +0.749,+0.904
1723140360,+3.49,+28.111, +0.594,+0.902
1723140960,+3.49,+28.137, +0.422,+0.897
1723141560,+3.49,+28.163, +0.255,+0.893
1723142160,+3.49,+28.205, +0.360,+0.895
1723142760,+3.49,+28.231, +0.426,+0.897
1723143360,+3.49,+28.256, +0.307,+0.894
1723143960,+3.49,+28.299, +0.371,+0.896
1723144560,+3.49,+28.359, +0.402,+0.896
1723145160,+3.49,+28.325, +0.721,+0.904
