7450-988987
OS REV: 1.05 Sensor Cal: 1620327161
Time (sec),  BV (Volts),  T (deg C),  DO (mg/l),  Q ()
1721840760,+3.49,+27.125, +0.570,+0.907
1721841360,+3.49,+27.125, +0.596,+0.908
1721841960,+3.49,+27.159, +0.468,+0.905
1721842560,+3.49,+27.201, +0.329,+0.901
1721843160,+3.49,+27.252, +0.496,+0.905
1721843760,+3.49,+27.303, +0.495,+0.905
1721844360,+3.49,+27.371, +0.560,+0.907
1721844960,+3.49,+27.388, +0.528,+0.906
1721845560,+3.49,+27.464, +0.562,+0.907
1721846160,+3.49,+27.490, +0.521,+0.906
1721846760,+3.49,+27.515, +0.516,+0.906
1721847360,+3.49,+27.575, +0.593,+0.907
1721847960,+3.49,+27.575, +0.673,+0.909
1721848560,+3.49,+27.592, +0.676,+0.909
1721849160,+3.49,+27.600, +0.642,+0.908
1721849760,+3.49,+27.609, +0.697,+0.909
1721850360,+3.49,+27.643, +0.572,+0.907
1721850960,+3.49,+27.660, +0.674,+0.909
1721851560,+3.49,+27.660, +0.623,+0.908
1721852160,+3.49,+27.669, +0.588,+0.907
1721852760,+3.49,+27.651, +0.545,+0.906
1721853360,+3.49,+27.660, +0.742,+0.910
1721853960,+3.49,+27.651, +0.740,+0.910
1721854560,+3.49,+27.634, +0.690,+0.909
1721855160,+3.49,+27.651, +0.768,+0.910
1721855760,+3.49,+27.592, +0.623,+0.908
1721856360,+3.49,+27.617, +0.792,+0.910
1721856960,+3.49,+27.609, +0.801,+0.910
1721857560,+3.49,+27.634, +0.797,+0.911
1721858160,+3.49,+27.643, +0.866,+0.911
1721858760,+3.49,+27.634, +0.841,+0.911
1721859360,+3.49,+27.600, +0.723,+0.909
1721859960,+3.49,+27.626, +0.716,+0.909
1721860560,+3.49,+27.566, +0.711,+0.909
1721861160,+3.49,+27.549, +0.644,+0.908
1721861760,+3.49,+27.549, +0.696,+0.909
1721862360,+3.49,+27.558, +0.682,+0.909
1721862960,+3.49,+27.532, +0.616,+0.907
1721863560,+3.49,+27.549, +0.567,+0.906
1721864160,+3.49,+27.549, +0.466,+0.904
1721864760,+3.49,+27.549, +0.446,+0.904
1721865360,+3.49,+27.481, +0.374,+0.902
1721865960,+3.49,+27.481, +0.261,+0.899
1721866560,+3.49,+27.456, +0.252,+0.899
1721867160,+3.49,+27.473, +0.320,+0.901
1721867760,+3.49,+27.447, +0.365,+0.902
1721868360,+3.49,+27.464, +0.425,+0.903
1721868960,+3.49,+27.413, +0.586,+0.907
1721869560,+3.49,+27.430, +0.506,+0.905
1721870160,+3.49,+27.396, +0.549,+0.907
1721870760,+3.49,+27.396, +0.524,+0.906
1721871360,+3.49,+27.363, +0.420,+0.903
1721871960,+3.49,+27.371, +0.503,+0.905
1721872560,+3.49,+27.337, +0.488,+0.905
1721873160,+3.49,+27.337, +0.445,+0.904
1721873760,+3.49,+27.320, +0.370,+0.902
1721874360,+3.49,+27.303, +0.405,+0.903
1721874960,+3.49,+27.269, +0.389,+0.903
1721875560,+3.49,+27.252, +0.415,+0.903
1721876160,+3.49,+27.244, +0.362,+0.902
1721876760,+3.49,+27.218, +0.418,+0.904
1721877360,+3.49,+27.210, +0.360,+0.902
1721877960,+3.49,+27.184, +0.305,+0.901
1721878560,+3.49,+27.176, +0.324,+0.901
1721879160,+3.49,+27.159, +0.400,+0.903
1721879760,+3.49,+27.150, +0.302,+0.901
1721880360,+3.49,+27.108, +0.338,+0.902
1721880960,+3.49,+27.116, +0.342,+0.902
1721881560,+3.49,+27.091, +0.296,+0.901
1721882160,+3.49,+27.091, +0.227,+0.898
1721882760,+3.49,+27.065, +0.303,+0.901
1721883360,+3.49,+27.049, +0.284,+0.900
1721883960,+3.49,+27.023, +0.238,+0.899
1721884560,+3.49,+27.015, +0.247,+0.899
1721885160,+3.49,+26.998, +0.271,+0.900
1721885760,+3.49,+26.972, +0.259,+0.900
1721886360,+3.49,+26.955, +0.270,+0.900
1721886960,+3.49,+26.955, +0.163,+0.897
1721887560,+3.49,+26.938, +0.173,+0.897
1721888160,+3.49,+26.921, +0.215,+0.898
1721888760,+3.49,+26.904, +0.147,+0.896
1721889360,+3.49,+26.896, +0.191,+0.898
1721889960,+3.49,+26.913, +0.170,+0.897
1721890560,+3.49,+26.871, +0.176,+0.897
1721891160,+3.49,+26.862, +0.257,+0.900
1721891760,+3.49,+26.845, +0.228,+0.899
1721892360,+3.49,+26.828, +0.169,+0.897
1721892960,+3.49,+26.828, +0.222,+0.899
1721893560,+3.49,+26.820, +0.158,+0.897
1721894160,+3.49,+26.828, +0.194,+0.898
1721894760,+3.49,+26.777, +0.186,+0.897
1721895360,+3.49,+26.786, +0.169,+0.897
1721895960,+3.50,+26.777, +0.142,+0.896
1721896560,+3.49,+26.769, +0.095,+0.895
1721897160,+3.50,+26.752, +0.116,+0.895
1721897760,+3.50,+26.735, +0.097,+0.895
1721898360,+3.50,+26.718, +0.150,+0.896
1721898960,+3.49,+26.727, +0.092,+0.894
1721899560,+3.49,+26.710, +0.115,+0.895
1721900160,+3.50,+26.693, +0.073,+0.894
1721900760,+3.50,+26.693, +0.147,+0.896
1721901360,+3.50,+26.684, +0.173,+0.897
1721901960,+3.50,+26.676, +0.167,+0.897
1721902560,+3.50,+26.659, +0.128,+0.896
1721903160,+3.50,+26.659, +0.119,+0.895
1721903760,+3.50,+26.650, +0.175,+0.897
1721904360,+3.50,+26.633, +0.119,+0.895
1721904960,+3.50,+26.625, +0.122,+0.895
1721905560,+3.50,+26.617, +0.110,+0.895
1721906160,+3.50,+26.633, +0.180,+0.897
1721906760,+3.50,+26.633, +0.136,+0.896
1721907360,+3.49,+26.625, +0.193,+0.898
1721907960,+3.50,+26.650, +0.131,+0.896
1721908560,+3.50,+26.642, +0.262,+0.900
1721909160,+3.50,+26.667, +0.181,+0.897
1721909760,+3.50,+26.684, +0.116,+0.895
1721910360,+3.49,+26.710, +0.173,+0.897
1721910960,+3.49,+26.718, +0.146,+0.896
1721911560,+3.49,+26.701, +0.096,+0.895
1721912160,+3.49,+26.769, +0.189,+0.898
1721912760,+3.50,+26.752, +0.173,+0.897
1721913360,+3.49,+26.777, +0.149,+0.896
1721913960,+3.49,+26.786, +0.078,+0.894
1721914560,+3.49,+26.904, +0.246,+0.899
1721915160,+3.49,+26.845, +0.089,+0.894
1721915760,+3.49,+26.854, +0.074,+0.894
1721916360,+3.49,+26.871, +0.135,+0.896
1721916960,+3.49,+26.879, +0.099,+0.895
1721917560,+3.49,+26.938, +0.155,+0.897
1721918160,+3.49,+26.972, +0.222,+0.898
1721918760,+3.49,+26.989, +0.135,+0.896
1721919360,+3.49,+27.006, +0.139,+0.896
1721919960,+3.49,+27.065, +0.352,+0.902
1721920560,+3.49,+27.065, +0.261,+0.899
1721921160,+3.49,+27.116, +0.289,+0.900
1721921760,+3.49,+27.176, +0.410,+0.904
1721922360,+3.49,+27.210, +0.321,+0.901
1721922960,+3.49,+27.261, +0.318,+0.901
1721923560,+3.49,+27.346, +0.475,+0.905
1721924160,+3.49,+27.346, +0.469,+0.905
1721924760,+3.49,+27.405, +0.533,+0.906
1721925360,+3.49,+27.405, +0.561,+0.907
1721925960,+3.49,+27.473, +0.489,+0.905
1721926560,+3.49,+27.549, +0.649,+0.908
1721927160,+3.49,+27.575, +0.568,+0.906
