7450-988987
OS REV: 1.05 Sensor Cal: 1620327161
Time (sec),  BV (Volts),  T (deg C),  DO (mg/l),  Q ()
1722101760,+3.49,+28.478, +0.349,+0.900
1722102360,+3.49,+28.513, +0.407,+0.902
1722102960,+3.49,+28.572, +0.533,+0.905
1722103560,+3.49,+28.590, +0.367,+0.901
1722104160,+3.49,+28.658, +0.542,+0.905
1722104760,+3.49,+28.675, +0.415,+0.902
1722105360,+3.49,+28.692, +0.532,+0.904
1722105960,+3.50,+28.726, +0.689,+0.908
1722106560,+3.50,+28.744, +0.404,+0.901
1722107160,+3.50,+28.761, +0.411,+0.902
1722107760,+3.50,+28.795, +0.334,+0.900
1722108360,+3.49,+28.821, +0.493,+0.904
1722108960,+3.50,+28.803, +0.333,+0.900
1722109560,+3.50,+28.821, +0.418,+0.902
1722110160,+3.49,+28.846, +0.392,+0.901
1722110760,+3.50,+28.838, +0.410,+0.901
1722111360,+3.49,+28.872, +0.388,+0.901
1722111960,+3.50,+28.881, +0.436,+0.902
1722112560,+3.49,+28.898, +0.321,+0.899
1722113160,+3.50,+28.906, +0.375,+0.901
1722113760,+3.50,+28.889, +0.297,+0.899
1722114360,+3.50,+28.881, +0.439,+0.903
1722114960,+3.50,+28.872, +0.333,+0.900
1722115560,+3.50,+28.872, +0.453,+0.903
1722116160,+3.50,+28.838, +0.420,+0.902
1722116760,+3.50,+28.821, +0.228,+0.897
1722117360,+3.50,+28.812, +0.303,+0.899
1722117960,+3.50,+28.812, +0.389,+0.901
1722118560,+3.50,+28.778, +0.352,+0.900
1722119160,+3.50,+28.744, +0.210,+0.896
1722119760,+3.50,+28.735, +0.368,+0.901
1722120360,+3.50,+28.726, +0.269,+0.898
1722120960,+3.50,+28.701, +0.473,+0.903
1722121560,+3.49,+28.684, +0.468,+0.903
1722122160,+3.49,+28.649, +0.511,+0.904
1722122760,+3.49,+28.624, +0.273,+0.898
1722123360,+3.49,+28.607, +0.340,+0.900
1722123960,+3.49,+28.581, +0.488,+0.904
1722124560,+3.49,+28.547, +0.230,+0.897
1722125160,+3.49,+28.547, +0.161,+0.895
1722125760,+3.49,+28.521, +0.230,+0.897
1722126360,+3.49,+28.513, +0.218,+0.897
1722126960,+3.49,+28.470, +0.257,+0.898
1722127560,+3.49,+28.444, +0.282,+0.899
1722128160,+3.49,+28.427, +0.267,+0.898
1722128760,+3.49,+28.410, +0.285,+0.899
1722129360,+3.49,+28.384, +0.250,+0.898
1722129960,+3.49,+28.359, +0.246,+0.898
1722130560,+3.49,+28.350, +0.271,+0.899
1722131160,+3.49,+28.316, +0.224,+0.897
1722131760,+3.49,+28.316, +0.154,+0.895
1722132360,+3.49,+28.291, +0.224,+0.897
1722132960,+3.49,+28.273, +0.175,+0.896
1722133560,+3.49,+28.256, +0.196,+0.896
1722134160,+3.49,+28.239, +0.157,+0.895
1722134760,+3.49,+28.205, +0.142,+0.895
1722135360,+3.49,+28.205, +0.144,+0.894
1722135960,+3.49,+28.180, +0.144,+0.895
1722136560,+3.49,+28.163, +0.108,+0.893
1722137160,+3.49,+28.145, +0.180,+0.896
1722137760,+3.49,+28.128, +0.123,+0.894
1722138360,+3.50,+28.094, +0.323,+0.900
1722138960,+3.49,+28.094, +0.174,+0.896
1722139560,+3.49,+28.069, +0.188,+0.896
1722140160,+3.50,+28.052, +0.344,+0.900
1722140760,+3.50,+28.060, +0.287,+0.899
1722141360,+3.50,+28.018, +0.266,+0.898
1722141960,+3.50,+27.992, +0.245,+0.898
1722142560,+3.50,+27.984, +0.208,+0.896
1722143160,+3.50,+27.932, +0.244,+0.898
1722143760,+3.50,+27.924, +0.242,+0.898
1722144360,+3.50,+27.898, +0.255,+0.898
1722144960,+3.50,+27.873, +0.186,+0.896
1722145560,+3.50,+27.856, +0.143,+0.894
1722146160,+3.50,+27.856, +0.164,+0.895
1722146760,+3.50,+27.822, +0.167,+0.895
1722147360,+3.50,+27.788, +0.111,+0.893
1722147960,+3.50,+27.796, +0.173,+0.896
1722148560,+3.50,+27.728, +0.091,+0.893
1722149160,+3.50,+27.711, +0.232,+0.897
1722149760,+3.50,+27.711, +0.098,+0.893
1722150360,+3.50,+27.686, +0.212,+0.897
1722150960,+3.50,+27.686, +0.190,+0.896
1722151560,+3.50,+27.660, +0.167,+0.895
1722152160,+3.50,+27.626, +0.592,+0.906
1722152760,+3.50,+27.558, +0.993,+0.912
1722153360,+3.49,+27.541, +0.918,+0.911
1722153960,+3.49,+27.490, +0.909,+0.910
1722154560,+3.49,+27.447, +1.035,+0.912
1722155160,+3.49,+27.456, +0.900,+0.910
1722155760,+3.49,+27.473, +0.810,+0.909
1722156360,+3.49,+27.430, +0.680,+0.907
1722156960,+3.49,+27.422, +0.586,+0.905
1722157560,+3.49,+27.405, +0.544,+0.904
1722158160,+3.49,+27.363, +0.556,+0.905
1722158760,+3.49,+27.354, +0.559,+0.904
1722159360,+3.49,+27.354, +0.645,+0.906
1722159960,+3.49,+27.337, +0.509,+0.903
1722160560,+3.49,+27.312, +0.547,+0.904
1722161160,+3.49,+27.286, +0.537,+0.904
1722161760,+3.49,+27.235, +0.861,+0.909
1722162360,+3.49,+27.227, +0.821,+0.909
1722162960,+3.49,+27.184, +0.748,+0.908
1722163560,+3.49,+27.184, +0.688,+0.907
1722164160,+3.49,+27.184, +0.666,+0.907
1722164760,+3.49,+27.167, +0.653,+0.906
1722165360,+3.49,+27.167, +0.556,+0.904
1722165960,+3.49,+27.142, +0.626,+0.906
1722166560,+3.49,+27.150, +0.528,+0.904
1722167160,+3.49,+27.159, +0.390,+0.901
1722167760,+3.49,+27.159, +0.474,+0.903
1722168360,+3.49,+27.176, +0.430,+0.902
1722168960,+3.49,+27.167, +0.410,+0.901
1722169560,+3.49,+27.184, +0.416,+0.901
1722170160,+3.49,+27.184, +0.422,+0.901
1722170760,+3.49,+27.193, +0.467,+0.903
1722171360,+3.49,+27.218, +0.415,+0.901
1722171960,+3.49,+27.210, +0.327,+0.899
1722172560,+3.49,+27.235, +0.309,+0.899
1722173160,+3.49,+27.261, +0.562,+0.905
1722173760,+3.49,+27.312, +0.724,+0.907
1722174360,+3.49,+27.261, +0.400,+0.901
1722174960,+3.49,+27.278, +0.244,+0.897
1722175560,+3.49,+27.286, +0.266,+0.898
1722176160,+3.49,+27.278, +0.155,+0.894
1722176760,+3.49,+27.286, +0.189,+0.895
1722177360,+3.49,+27.380, +0.862,+0.910
1722177960,+3.49,+27.380, +0.492,+0.903
1722178560,+3.49,+27.388, +0.395,+0.901
1722179160,+3.49,+27.439, +0.706,+0.907
1722179760,+3.49,+27.447, +0.495,+0.903
1722180360,+3.49,+27.473, +0.598,+0.905
1722180960,+3.49,+27.515, +0.463,+0.903
1722181560,+3.49,+27.575, +0.389,+0.901
1722182160,+3.50,+27.669, +0.987,+0.909
1722182760,+3.50,+27.677, +1.307,+0.913
1722183360,+3.50,+27.694, +0.905,+0.909
1722183960,+3.50,+27.771, +1.545,+0.913
1722184560,+3.50,+27.779, +1.006,+0.911
1722185160,+3.50,+27.788, +0.622,+0.906
1722185760,+3.50,+27.822, +0.513,+0.903
1722186360,+3.50,+27.941, +0.614,+0.905
1722186960,+3.50,+27.898, +0.588,+0.905
1722187560,+3.50,+27.873, +0.586,+0.905
1722188160,+3.50,+27.966, +0.737,+0.908
