7450-988987
OS REV: 1.05 Sensor Cal: 1620327161
Time (sec),  BV (Volts),  T (deg C),  DO (mg/l),  Q ()
1723406760,+3.49,+28.069, +0.211,+0.892
1723407360,+3.49,+28.052, +0.212,+0.892
1723407960,+3.49,+28.043, +0.209,+0.892
1723408560,+3.49,+28.035, +0.136,+0.890
1723409160,+3.49,+28.018, +0.113,+0.890
1723409760,+3.49,+27.984, +0.085,+0.888
1723410360,+3.49,+27.984, +0.151,+0.891
1723410960,+3.49,+27.966, +0.148,+0.890
1723411560,+3.49,+27.975, +0.107,+0.889
1723412160,+3.49,+27.966, +0.089,+0.889
1723412760,+3.49,+27.949, +0.065,+0.888
1723413360,+3.49,+27.958, +0.067,+0.888
1723413960,+3.49,+27.932, +0.067,+0.888
1723414560,+3.49,+27.941, +0.110,+0.889
1723415160,+3.49,+27.924, +0.116,+0.890
1723415760,+3.49,+27.907, +0.074,+0.888
1723416360,+3.49,+27.890, +0.063,+0.888
1723416960,+3.49,+27.856, +0.056,+0.888
1723417560,+3.49,+27.839, +0.090,+0.889
1723418160,+3.49,+27.813, +0.074,+0.888
1723418760,+3.49,+27.796, +0.076,+0.888
1723419360,+3.49,+27.771, +0.082,+0.888
1723419960,+3.49,+27.737, +0.061,+0.888
1723420560,+3.49,+27.737, +0.059,+0.888
1723421160,+3.49,+27.694, +0.059,+0.888
1723421760,+3.49,+27.694, +0.061,+0.888
1723422360,+3.49,+27.677, +0.061,+0.888
1723422960,+3.49,+27.651, +0.058,+0.888
1723423560,+3.49,+27.609, +0.078,+0.888
1723424160,+3.49,+27.600, +0.083,+0.889
1723424760,+3.49,+27.575, +0.067,+0.888
1723425360,+3.49,+27.541, +0.061,+0.888
1723425960,+3.49,+27.541, +0.074,+0.888
1723426560,+3.49,+27.507, +0.094,+0.889
1723427160,+3.49,+27.507, +0.060,+0.888
1723427760,+3.49,+27.481, +0.082,+0.889
1723428360,+3.49,+27.439, +0.135,+0.891
1723428960,+3.49,+27.439, +0.072,+0.888
1723429560,+3.49,+27.430, +0.062,+0.888
1723430160,+3.49,+27.422, +0.061,+0.888
1723430760,+3.49,+27.413, +0.060,+0.888
1723431360,+3.49,+27.388, +0.060,+0.888
1723431960,+3.49,+27.354, +0.065,+0.888
1723432560,+3.49,+27.354, +0.057,+0.888
1723433160,+3.49,+27.354, +0.059,+0.888
1723433760,+3.49,+27.320, +0.066,+0.888
1723434360,+3.49,+27.295, +0.057,+0.888
1723434960,+3.49,+27.286, +0.058,+0.888
1723435560,+3.49,+27.278, +0.069,+0.888
1723436160,+3.49,+27.278, +0.065,+0.888
1723436760,+3.49,+27.235, +0.067,+0.888
1723437360,+3.49,+27.235, +0.055,+0.888
1723437960,+3.49,+27.210, +0.060,+0.888
1723438560,+3.49,+27.184, +0.065,+0.888
1723439160,+3.49,+27.193, +0.059,+0.888
1723439760,+3.49,+27.167, +0.057,+0.888
1723440360,+3.49,+27.159, +0.055,+0.888
1723440960,+3.49,+27.133, +0.057,+0.888
1723441560,+3.49,+27.133, +0.055,+0.888
1723442160,+3.49,+27.099, +0.064,+0.888
1723442760,+3.49,+27.082, +0.061,+0.888
1723443360,+3.49,+27.074, +0.057,+0.888
1723443960,+3.49,+27.049, +0.056,+0.888
1723444560,+3.49,+27.023, +0.055,+0.888
1723445160,+3.49,+27.015, +0.054,+0.888
1723445760,+3.49,+26.955, +0.056,+0.888
1723446360,+3.49,+26.989, +0.057,+0.888
1723446960,+3.49,+26.972, +0.054,+0.888
1723447560,+3.49,+26.955, +0.055,+0.888
1723448160,+3.49,+26.938, +0.055,+0.888
1723448760,+3.49,+26.938, +0.054,+0.888
1723449360,+3.49,+26.921, +0.054,+0.888
1723449960,+3.49,+26.879, +0.054,+0.888
1723450560,+3.49,+26.887, +0.054,+0.888
1723451160,+3.49,+26.871, +0.053,+0.888
1723451760,+3.50,+26.845, +0.054,+0.888
1723452360,+3.49,+26.837, +0.054,+0.888
1723452960,+3.50,+26.794, +0.054,+0.888
1723453560,+3.50,+26.786, +0.054,+0.888
1723454160,+3.49,+26.777, +0.054,+0.888
1723454760,+3.50,+26.735, +0.053,+0.888
1723455360,+3.50,+26.752, +0.053,+0.888
1723455960,+3.50,+26.735, +0.054,+0.888
1723456560,+3.50,+26.684, +0.055,+0.888
1723457160,+3.50,+26.650, +0.053,+0.888
1723457760,+3.50,+26.633, +0.053,+0.888
1723458360,+3.50,+26.608, +0.058,+0.888
1723458960,+3.50,+26.625, +0.053,+0.888
1723459560,+3.50,+26.625, +0.053,+0.888
1723460160,+3.50,+26.633, +0.053,+0.888
1723460760,+3.50,+26.617, +0.054,+0.888
1723461360,+3.50,+26.642, +0.054,+0.888
1723461960,+3.50,+26.642, +0.054,+0.888
1723462560,+3.50,+26.642, +0.058,+0.888
1723463160,+3.50,+26.625, +0.085,+0.889
1723463760,+3.50,+26.659, +0.059,+0.888
1723464360,+3.50,+26.676, +0.057,+0.888
1723464960,+3.50,+26.693, +0.082,+0.889
1723465560,+3.50,+26.752, +0.103,+0.889
1723466160,+3.49,+26.760, +0.119,+0.890
1723466760,+3.49,+26.760, +0.330,+0.896
1723467360,+3.49,+26.811, +0.836,+0.905
1723467960,+3.49,+26.811, +0.852,+0.905
1723468560,+3.49,+26.862, +0.471,+0.899
1723469160,+3.49,+26.879, +0.429,+0.898
1723469760,+3.49,+26.896, +0.340,+0.895
1723470360,+3.49,+26.904, +0.356,+0.896
1723470960,+3.49,+26.947, +0.358,+0.895
1723471560,+3.49,+26.998, +0.876,+0.902
1723472160,+3.49,+26.998, +1.221,+0.907
1723472760,+3.49,+27.074, +1.439,+0.906
1723473360,+3.49,+27.082, +1.331,+0.908
1723473960,+3.49,+27.116, +0.682,+0.903
1723474560,+3.49,+27.184, +0.535,+0.899
1723475160,+3.49,+27.218, +1.006,+0.900
1723475760,+3.49,+27.269, +1.183,+0.905
1723476360,+3.49,+27.312, +0.656,+0.902
1723476960,+3.49,+27.354, +0.458,+0.898
1723477560,+3.49,+27.413, +0.431,+0.897
1723478160,+3.49,+27.473, +0.335,+0.895
1723478760,+3.49,+27.558, +0.368,+0.896
1723479360,+3.49,+27.609, +0.390,+0.896
1723479960,+3.49,+27.643, +0.427,+0.897
1723480560,+3.49,+27.677, +0.568,+0.901
1723481160,+3.49,+27.737, +0.438,+0.898
1723481760,+3.49,+27.830, +0.372,+0.896
1723482360,+3.49,+27.873, +0.309,+0.895
1723482960,+3.49,+27.924, +0.436,+0.898
1723483560,+3.49,+27.975, +0.446,+0.898
1723484160,+3.49,+27.992, +0.350,+0.896
1723484760,+3.49,+28.018, +0.300,+0.894
1723485360,+3.49,+28.094, +0.556,+0.901
1723485960,+3.49,+28.120, +0.432,+0.898
1723486560,+3.49,+28.145, +0.416,+0.897
1723487160,+3.49,+28.214, +0.465,+0.898
1723487760,+3.49,+28.239, +0.480,+0.899
1723488360,+3.49,+28.231, +0.564,+0.901
1723488960,+3.49,+28.299, +0.447,+0.898
1723489560,+3.49,+28.299, +0.475,+0.898
1723490160,+3.49,+28.325, +0.471,+0.899
1723490760,+3.49,+28.342, +0.362,+0.896
1723491360,+3.49,+28.367, +0.390,+0.896
1723491960,+3.49,+28.393, +0.449,+0.898
1723492560,+3.49,+28.350, +0.475,+0.898
1723493160,+3.49,+28.384, +0.391,+0.896
