7450-988987
OS REV: 1.05 Sensor Cal: 1620327161
Time (sec),  BV (Volts),  T (deg C),  DO (mg/l),  Q ()
1625181300,+3.54,+26.760, +0.052,+0.950
1625181900,+3.54,+26.727, +0.066,+0.951
1625182500,+3.54,+26.693, +0.053,+0.950
1625183100,+3.54,+26.701, +0.053,+0.950
1625183700,+3.54,+26.710, +0.052,+0.950
1625184300,+3.54,+26.701, +0.052,+0.950
1625184900,+3.54,+26.676, +0.052,+0.950
1625185500,+3.54,+26.667, +0.052,+0.950
1625186100,+3.54,+26.676, +0.053,+0.950
1625186700,+3.54,+26.667, +0.053,+0.950
1625187300,+3.54,+26.617, +0.052,+0.950
1625187900,+3.54,+26.574, +0.052,+0.950
1625188500,+3.54,+26.557, +0.052,+0.950
1625189100,+3.54,+26.549, +0.052,+0.950
1625189700,+3.54,+26.540, +0.052,+0.950
1625190300,+3.54,+26.515, +0.051,+0.950
1625190900,+3.54,+26.498, +0.052,+0.950
1625191500,+3.54,+26.456, +0.052,+0.950
1625192100,+3.54,+26.473, +0.052,+0.950
1625192700,+3.54,+26.464, +0.052,+0.950
1625193300,+3.54,+26.430, +0.052,+0.951
1625193900,+3.54,+26.422, +0.051,+0.950
1625194500,+3.54,+26.388, +0.052,+0.950
1625195100,+3.54,+26.371, +0.051,+0.950
1625195700,+3.53,+26.346, +0.052,+0.950
1625196300,+3.54,+26.337, +0.052,+0.951
1625196900,+3.54,+26.321, +0.051,+0.950
1625197500,+3.54,+26.295, +0.051,+0.951
1625198100,+3.54,+26.278, +0.051,+0.950
1625198700,+3.54,+26.270, +0.051,+0.951
1625199300,+3.54,+26.236, +0.051,+0.950
1625199900,+3.54,+26.253, +0.052,+0.951
1625200500,+3.54,+26.236, +0.051,+0.951
1625201100,+3.54,+26.211, +0.051,+0.951
1625201700,+3.54,+26.194, +0.051,+0.951
1625202300,+3.54,+26.169, +0.051,+0.951
1625202900,+3.54,+26.177, +0.051,+0.951
1625203500,+3.54,+26.143, +0.051,+0.951
1625204100,+3.54,+26.135, +0.051,+0.951
1625204700,+3.54,+26.109, +0.051,+0.951
1625205300,+3.54,+26.101, +0.051,+0.951
1625205900,+3.54,+26.109, +0.051,+0.951
1625206500,+3.54,+26.067, +0.051,+0.951
1625207100,+3.54,+26.076, +0.051,+0.951
1625207700,+3.54,+26.093, +0.051,+0.951
1625208300,+3.54,+26.050, +0.051,+0.951
1625208900,+3.54,+26.059, +0.051,+0.951
1625209500,+3.54,+26.050, +0.051,+0.951
1625210100,+3.54,+26.033, +0.051,+0.951
1625210700,+3.54,+26.025, +0.051,+0.951
1625211300,+3.54,+26.017, +0.051,+0.951
1625211900,+3.54,+26.025, +0.051,+0.951
1625212500,+3.54,+26.008, +0.051,+0.951
1625213100,+3.54,+25.983, +0.051,+0.951
1625213700,+3.54,+25.966, +0.051,+0.951
1625214300,+3.54,+25.958, +0.050,+0.951
1625214900,+3.54,+25.958, +0.051,+0.951
1625215500,+3.54,+25.932, +0.051,+0.951
1625216100,+3.54,+25.924, +0.050,+0.951
1625216700,+3.54,+25.898, +0.051,+0.951
1625217300,+3.54,+25.915, +0.050,+0.951
1625217900,+3.54,+25.890, +0.051,+0.951
1625218500,+3.54,+25.865, +0.051,+0.951
1625219100,+3.54,+25.856, +0.051,+0.951
1625219700,+3.54,+25.831, +0.051,+0.951
1625220300,+3.54,+25.831, +0.051,+0.951
1625220900,+3.54,+25.806, +0.051,+0.951
1625221500,+3.54,+25.789, +0.051,+0.951
1625222100,+3.54,+25.772, +0.051,+0.951
1625222700,+3.54,+25.780, +0.051,+0.951
1625223300,+3.54,+25.755, +0.051,+0.951
1625223900,+3.54,+25.772, +0.051,+0.951
1625224500,+3.54,+25.755, +0.051,+0.951
1625225100,+3.54,+25.764, +0.051,+0.951
1625225700,+3.54,+25.772, +0.051,+0.951
1625226300,+3.54,+25.780, +0.051,+0.951
1625226900,+3.54,+25.806, +0.051,+0.951
1625227500,+3.54,+25.823, +0.051,+0.951
1625228100,+3.54,+25.831, +0.051,+0.951
1625228700,+3.54,+25.831, +0.051,+0.951
1625229300,+3.54,+25.831, +0.051,+0.951
1625229900,+3.54,+25.839, +0.051,+0.951
1625230500,+3.54,+25.848, +0.051,+0.951
1625231100,+3.54,+25.865, +0.051,+0.951
1625231700,+3.54,+25.865, +0.051,+0.951
1625232300,+3.54,+25.890, +0.051,+0.951
1625232900,+3.54,+25.907, +0.051,+0.951
1625233500,+3.54,+25.915, +0.051,+0.951
1625234100,+3.54,+25.949, +0.051,+0.951
1625234700,+3.54,+25.966, +0.052,+0.951
1625235300,+3.54,+25.983, +0.052,+0.951
1625235900,+3.54,+25.991, +0.052,+0.951
1625236500,+3.54,+26.008, +0.052,+0.951
1625237100,+3.54,+26.033, +0.051,+0.951
1625237700,+3.54,+26.076, +0.052,+0.951
1625238300,+3.54,+26.109, +0.052,+0.951
1625238900,+3.54,+26.118, +0.052,+0.951
1625239500,+3.54,+26.177, +0.052,+0.951
1625240100,+3.54,+26.245, +0.052,+0.951
1625240700,+3.54,+26.304, +0.052,+0.951
1625241300,+3.53,+26.329, +0.052,+0.950
1625241900,+3.53,+26.380, +0.053,+0.950
1625242500,+3.54,+26.405, +0.053,+0.951
1625243100,+3.54,+26.447, +0.052,+0.951
1625243700,+3.54,+26.456, +0.053,+0.951
1625244300,+3.54,+26.498, +0.052,+0.950
1625244900,+3.54,+26.540, +0.053,+0.950
1625245500,+3.54,+26.583, +0.053,+0.950
1625246100,+3.54,+26.600, +0.053,+0.950
1625246700,+3.54,+26.650, +0.053,+0.950
1625247300,+3.54,+26.667, +0.053,+0.950
1625247900,+3.54,+26.710, +0.053,+0.950
1625248500,+3.54,+26.760, +0.053,+0.950
1625249100,+3.54,+26.803, +0.053,+0.950
1625249700,+3.54,+26.820, +0.053,+0.950
1625250300,+3.54,+26.854, +0.053,+0.950
1625250900,+3.54,+27.040, +8.049,+0.971
1625251500,+3.54,+28.035, +7.928,+0.970
