7450-988987
OS REV: 1.05 Sensor Cal: 1620327161
Time (sec),  BV (Volts),  T (deg C),  DO (mg/l),  Q ()
1623852420,+3.54,+26.464, +3.246,+0.980
1623853020,+3.54,+26.430, +3.376,+0.980
1623853620,+3.54,+26.490, +3.467,+0.980
1623854220,+3.54,+27.210, +8.005,+0.975
1623854820,+3.54,+28.137, +7.866,+0.975
1623855420,+3.54,+28.111, +7.865,+0.975
1623856020,+3.54,+26.557, +0.311,+0.962
1623856620,+3.54,+26.177, +0.129,+0.958
1623857220,+3.54,+26.109, +0.094,+0.957
1623857820,+3.54,+26.118, +0.070,+0.956
1623858420,+3.54,+27.252, +7.962,+0.976
1623859020,+3.54,+27.600, +7.906,+0.975
1623859620,+3.54,+27.686, +7.879,+0.974
1623860220,+3.54,+27.558, +7.897,+0.974
1623860820,+3.53,+27.430, +7.905,+0.974
1623861420,+3.54,+27.363, +7.927,+0.975
1623862020,+3.54,+27.380, +7.917,+0.975
1623862620,+3.54,+27.626, +7.882,+0.975
1623863220,+3.54,+27.822, +7.840,+0.974
1623863820,+3.54,+27.958, +7.826,+0.975
1623864420,+3.54,+28.137, +7.831,+0.975
1623865020,+3.53,+28.487, +7.782,+0.975
1623865620,+3.54,+29.181, +7.700,+0.975
1623866220,+3.53,+29.412, +7.633,+0.975
1623866820,+3.54,+29.155, +7.648,+0.974
1623867420,+3.54,+28.803, +7.722,+0.974
1623868020,+3.53,+28.555, +7.748,+0.974
1623868620,+3.54,+28.333, +7.733,+0.974
1623869220,+3.54,+28.154, +7.793,+0.975
1623869820,+3.54,+28.154, +7.751,+0.975
1623870420,+3.54,+28.402, +7.732,+0.975
1623871020,+3.54,+28.684, +7.687,+0.975
1623871620,+3.54,+28.838, +7.657,+0.975
1623872220,+3.54,+28.923, +7.632,+0.974
1623872820,+3.54,+28.966, +7.625,+0.974
1623873420,+3.54,+29.018, +7.624,+0.975
1623874020,+3.54,+29.018, +7.624,+0.975
1623874620,+3.54,+28.992, +7.617,+0.974
1623875220,+3.54,+29.009, +7.626,+0.975
1623875820,+3.54,+29.043, +7.623,+0.975
1623876420,+3.54,+29.095, +7.599,+0.974
1623877020,+3.54,+29.138, +7.601,+0.975
1623877620,+3.54,+29.249, +7.577,+0.975
