7450-988987
OS REV: 1.05 Sensor Cal: 1620327161
Time (sec),  BV (Volts),  T (deg C),  DO (mg/l),  Q ()
1703020500,+3.48,+24.024, +7.990,+0.953
1703021100,+3.48,+24.057, +7.991,+0.953
1703021700,+3.48,+24.091, +7.971,+0.953
1703022300,+3.48,+24.133, +7.975,+0.953
1703022900,+3.48,+24.166, +7.973,+0.953
1703023500,+3.48,+24.200, +7.960,+0.952
1703024100,+3.48,+24.200, +7.971,+0.953
1703024700,+3.48,+24.242, +7.965,+0.953
1703025300,+3.48,+24.267, +7.968,+0.953
1703025900,+3.48,+24.284, +7.962,+0.953
1703026500,+3.48,+24.300, +7.975,+0.954
1703027100,+3.48,+24.334, +7.964,+0.953
1703027700,+3.48,+24.351, +7.956,+0.953
1703028300,+3.48,+24.384, +7.945,+0.953
1703028900,+3.48,+24.393, +7.966,+0.954
1703029500,+3.48,+24.393, +7.966,+0.953
1703030100,+3.48,+24.435, +7.960,+0.953
1703030700,+3.48,+24.451, +7.953,+0.953
1703031300,+3.49,+24.510, +7.944,+0.953
1703031900,+3.48,+24.510, +7.948,+0.953
1703032500,+3.49,+24.535, +7.933,+0.952
1703033100,+3.48,+24.586, +7.933,+0.953
1703033700,+3.48,+24.737, +7.913,+0.953
1703034300,+3.48,+24.821, +7.898,+0.953
1703034900,+3.48,+24.913, +7.885,+0.953
1703035500,+3.48,+25.006, +7.877,+0.953
1703036100,+3.48,+25.115, +7.868,+0.954
1703036700,+3.48,+25.216, +7.857,+0.954
1703037300,+3.48,+25.292, +7.843,+0.953
1703037900,+3.48,+25.342, +7.842,+0.954
1703038500,+3.48,+25.317, +7.839,+0.953
1703039100,+3.48,+25.300, +7.846,+0.954
1703039700,+3.48,+25.233, +7.862,+0.954
1703040300,+3.48,+25.199, +7.856,+0.954
1703040900,+3.48,+25.098, +7.869,+0.954
1703041500,+3.48,+25.031, +7.873,+0.953
1703042100,+3.48,+24.947, +7.895,+0.954
1703042700,+3.48,+24.888, +7.893,+0.953
1703043300,+3.48,+24.846, +7.904,+0.953
1703043900,+3.48,+24.813, +7.910,+0.954
1703044500,+3.49,+24.762, +7.910,+0.953
1703045100,+3.49,+24.737, +7.924,+0.954
1703045700,+3.49,+24.720, +7.914,+0.953
1703046300,+3.49,+24.695, +7.913,+0.953
1703046900,+3.49,+24.670, +7.916,+0.953
1703047500,+3.49,+24.678, +7.908,+0.953
1703048100,+3.49,+24.661, +7.913,+0.953
1703048700,+3.49,+24.661, +7.923,+0.954
1703049300,+3.49,+24.628, +7.926,+0.954
1703049900,+3.49,+24.628, +7.915,+0.953
1703050500,+3.49,+24.628, +7.902,+0.952
1703051100,+3.49,+24.603, +7.922,+0.953
1703051700,+3.49,+24.577, +7.923,+0.953
1703052300,+3.49,+24.561, +7.928,+0.953
1703052900,+3.49,+24.535, +7.932,+0.953
1703053500,+3.49,+24.477, +7.935,+0.953
1703054100,+3.49,+24.435, +7.935,+0.953
1703054700,+3.49,+24.376, +7.955,+0.953
1703055300,+3.49,+24.317, +7.962,+0.953
1703055900,+3.48,+24.233, +7.969,+0.953
1703056500,+3.48,+24.175, +7.984,+0.954
1703057100,+3.48,+24.082, +7.992,+0.953
1703057700,+3.49,+23.999, +8.009,+0.953
1703058300,+3.49,+23.957, +8.013,+0.953
1703058900,+3.49,+23.873, +8.020,+0.953
1703059500,+3.49,+23.806, +8.036,+0.953
1703060100,+3.49,+23.730, +8.038,+0.953
1703060700,+3.49,+23.697, +8.044,+0.953
1703061300,+3.49,+23.630, +8.056,+0.953
1703061900,+3.49,+23.571, +8.069,+0.953
1703062500,+3.49,+23.538, +8.074,+0.953
1703063100,+3.49,+23.479, +8.084,+0.953
1703063700,+3.49,+23.454, +8.081,+0.953
1703064300,+3.49,+23.387, +8.094,+0.953
1703064900,+3.49,+23.312, +8.113,+0.953
1703065500,+3.49,+23.295, +8.104,+0.953
1703066100,+3.49,+23.253, +8.116,+0.953
1703066700,+3.49,+23.195, +8.121,+0.953
1703067300,+3.49,+23.144, +8.140,+0.953
1703067900,+3.49,+23.111, +8.139,+0.953
1703068500,+3.49,+23.077, +8.138,+0.953
1703069100,+3.49,+23.019, +8.154,+0.953
1703069700,+3.49,+22.952, +8.163,+0.953
1703070300,+3.49,+22.918, +8.168,+0.953
1703070900,+3.49,+22.868, +8.169,+0.953
1703071500,+3.49,+22.810, +8.175,+0.952
1703072100,+3.49,+22.743, +8.186,+0.952
1703072700,+3.49,+22.701, +8.207,+0.953
1703073300,+3.49,+22.634, +8.217,+0.953
1703073900,+3.49,+22.559, +8.225,+0.953
1703074500,+3.49,+22.517, +8.227,+0.953
1703075100,+3.49,+22.450, +8.253,+0.954
1703075700,+3.49,+22.400, +8.247,+0.953
1703076300,+3.49,+22.350, +8.251,+0.952
1703076900,+3.49,+22.333, +8.264,+0.953
1703077500,+3.49,+22.266, +8.266,+0.953
1703078100,+3.49,+22.216, +8.274,+0.953
1703078700,+3.49,+22.216, +8.276,+0.953
1703079300,+3.49,+22.208, +8.277,+0.953
1703079900,+3.49,+22.183, +8.286,+0.953
1703080500,+3.49,+22.199, +8.286,+0.953
1703081100,+3.49,+22.208, +8.271,+0.952
1703081700,+3.49,+22.199, +8.285,+0.953
1703082300,+3.49,+22.199, +8.277,+0.952
1703082900,+3.49,+22.233, +8.271,+0.953
1703083500,+3.49,+22.233, +8.276,+0.953
1703084100,+3.49,+22.241, +8.275,+0.953
1703084700,+3.49,+22.283, +8.276,+0.953
1703085300,+3.49,+22.308, +8.276,+0.953
1703085900,+3.49,+22.341, +8.268,+0.953
1703086500,+3.49,+22.366, +8.254,+0.953
1703087100,+3.49,+22.383, +8.258,+0.953
1703087700,+3.49,+22.417, +8.255,+0.953
1703088300,+3.49,+22.450, +8.255,+0.953
1703088900,+3.49,+22.484, +8.249,+0.953
1703089500,+3.49,+22.517, +8.240,+0.953
1703090100,+3.49,+22.601, +8.221,+0.953
1703090700,+3.49,+22.651, +8.219,+0.953
1703091300,+3.49,+22.709, +8.207,+0.953
1703091900,+3.49,+22.751, +8.210,+0.953
1703092500,+3.49,+22.818, +8.193,+0.953
1703093100,+3.49,+22.852, +8.187,+0.953
1703093700,+3.49,+22.910, +8.171,+0.953
1703094300,+3.49,+22.944, +8.170,+0.953
1703094900,+3.49,+22.977, +8.164,+0.953
1703095500,+3.49,+23.010, +8.157,+0.953
1703096100,+3.49,+23.044, +8.147,+0.952
1703096700,+3.49,+23.069, +8.152,+0.953
1703097300,+3.49,+23.102, +8.145,+0.953
1703097900,+3.49,+23.128, +8.134,+0.952
1703098500,+3.49,+23.144, +8.136,+0.953
1703099100,+3.49,+23.195, +8.124,+0.953
1703099700,+3.49,+23.228, +8.132,+0.953
1703100300,+3.49,+23.278, +8.119,+0.953
1703100900,+3.49,+23.345, +8.117,+0.953
1703101500,+3.49,+23.421, +8.093,+0.952
1703102100,+3.49,+23.504, +8.092,+0.953
1703102700,+3.49,+23.555, +8.086,+0.953
1703103300,+3.49,+23.647, +8.075,+0.953
1703103900,+3.49,+23.697, +8.064,+0.953
1703104500,+3.49,+23.772, +8.058,+0.953
1703105100,+3.49,+23.848, +8.050,+0.953
1703105700,+3.49,+23.898, +8.040,+0.953
1703106300,+3.49,+23.940, +8.045,+0.953
1703106900,+3.49,+23.982, +8.033,+0.953
