7450-988987
OS REV: 1.05 Sensor Cal: 1620327161
Time (sec),  BV (Volts),  T (deg C),  DO (mg/l),  Q ()
1702759500,+3.46,+17.967, +7.742,+0.953
1702760100,+3.47,+17.992, +7.781,+0.953
1702760700,+3.46,+18.144, +7.818,+0.953
1702761300,+3.46,+18.313, +7.844,+0.954
1702761900,+3.46,+18.405, +7.882,+0.954
1702762500,+3.46,+18.515, +7.919,+0.954
1702763100,+3.46,+18.624, +7.952,+0.954
1702763700,+3.46,+18.742, +7.978,+0.954
1702764300,+3.46,+18.826, +7.993,+0.954
1702764900,+3.46,+18.910, +7.987,+0.954
1702765500,+3.46,+18.977, +8.004,+0.955
1702766100,+3.47,+19.002, +8.015,+0.955
1702766700,+3.47,+19.078, +8.017,+0.954
1702767300,+3.47,+19.136, +8.020,+0.954
1702767900,+3.47,+19.170, +8.045,+0.954
1702768500,+3.47,+19.212, +8.032,+0.954
1702769100,+3.47,+19.204, +8.059,+0.955
1702769700,+3.47,+19.195, +8.038,+0.954
1702770300,+3.47,+19.212, +8.046,+0.955
1702770900,+3.47,+19.237, +8.050,+0.955
1702771500,+3.47,+19.246, +8.045,+0.955
1702772100,+3.47,+19.262, +8.041,+0.954
1702772700,+3.47,+19.246, +8.040,+0.954
1702773300,+3.47,+19.237, +8.038,+0.954
1702773900,+3.47,+19.220, +8.038,+0.954
1702774500,+3.47,+19.262, +8.052,+0.954
1702775100,+3.47,+19.296, +8.059,+0.955
1702775700,+3.47,+19.279, +8.048,+0.954
1702776300,+3.47,+19.279, +8.044,+0.954
1702776900,+3.47,+19.254, +8.049,+0.955
1702777500,+3.47,+19.237, +8.057,+0.954
1702778100,+3.47,+19.287, +8.066,+0.955
1702778700,+3.47,+19.287, +8.062,+0.954
1702779300,+3.47,+19.287, +8.067,+0.954
1702779900,+3.47,+19.254, +8.055,+0.954
1702780500,+3.47,+19.229, +8.061,+0.954
1702781100,+3.47,+19.237, +8.060,+0.954
1702781700,+3.47,+19.279, +8.068,+0.954
1702782300,+3.47,+19.304, +8.074,+0.954
1702782900,+3.47,+19.321, +8.063,+0.954
1702783500,+3.47,+19.329, +8.059,+0.954
1702784100,+3.47,+19.304, +8.063,+0.954
1702784700,+3.47,+19.296, +8.066,+0.954
1702785300,+3.47,+19.338, +8.069,+0.954
1702785900,+3.47,+19.355, +8.080,+0.954
1702786500,+3.47,+19.380, +8.071,+0.954
1702787100,+3.47,+19.329, +8.061,+0.954
1702787700,+3.47,+19.313, +8.065,+0.954
1702788300,+3.47,+19.329, +8.067,+0.953
1702788900,+3.47,+19.371, +8.074,+0.954
1702789500,+3.47,+19.371, +8.068,+0.954
1702790100,+3.47,+19.338, +8.067,+0.954
1702790700,+3.47,+19.321, +8.062,+0.953
1702791300,+3.47,+19.355, +8.065,+0.954
1702791900,+3.47,+19.363, +8.087,+0.954
1702792500,+3.47,+19.380, +8.078,+0.954
1702793100,+3.47,+19.355, +8.066,+0.953
1702793700,+3.47,+19.321, +8.078,+0.954
1702794300,+3.47,+19.321, +8.088,+0.954
1702794900,+3.47,+19.338, +8.090,+0.954
1702795500,+3.47,+19.363, +8.082,+0.954
1702796100,+3.47,+19.338, +8.076,+0.954
1702796700,+3.47,+19.313, +8.087,+0.955
1702797300,+3.47,+19.304, +8.079,+0.954
1702797900,+3.47,+19.329, +8.084,+0.954
1702798500,+3.47,+19.338, +8.085,+0.954
1702799100,+3.47,+19.296, +8.086,+0.954
1702799700,+3.47,+19.296, +8.078,+0.954
1702800300,+3.47,+19.287, +8.085,+0.954
1702800900,+3.47,+19.321, +8.081,+0.954
1702801500,+3.47,+19.329, +8.080,+0.953
1702802100,+3.47,+19.296, +8.092,+0.954
1702802700,+3.47,+19.279, +8.083,+0.954
1702803300,+3.47,+19.262, +8.085,+0.954
1702803900,+3.47,+19.313, +8.085,+0.954
1702804500,+3.47,+19.329, +8.084,+0.954
1702805100,+3.47,+19.313, +8.083,+0.954
1702805700,+3.47,+19.287, +8.070,+0.953
1702806300,+3.47,+19.237, +8.098,+0.954
1702806900,+3.47,+19.279, +8.091,+0.954
1702807500,+3.47,+19.321, +8.083,+0.954
1702808100,+3.47,+19.296, +8.089,+0.954
1702808700,+3.47,+19.262, +8.085,+0.954
1702809300,+3.47,+19.237, +8.082,+0.953
1702809900,+3.47,+19.271, +8.089,+0.953
1702810500,+3.47,+19.296, +8.086,+0.953
1702811100,+3.47,+19.296, +8.093,+0.954
1702811700,+3.47,+19.279, +8.089,+0.954
1702812300,+3.47,+19.254, +8.085,+0.954
1702812900,+3.47,+19.271, +8.088,+0.953
1702813500,+3.47,+19.271, +8.095,+0.954
1702814100,+3.47,+19.287, +8.091,+0.954
1702814700,+3.47,+19.254, +8.083,+0.953
1702815300,+3.47,+19.237, +8.089,+0.954
1702815900,+3.47,+19.237, +8.098,+0.954
1702816500,+3.47,+19.271, +8.098,+0.954
1702817100,+3.47,+19.279, +8.097,+0.954
1702817700,+3.47,+19.254, +8.088,+0.954
1702818300,+3.47,+19.220, +8.096,+0.954
1702818900,+3.47,+19.229, +8.108,+0.954
1702819500,+3.47,+19.237, +8.088,+0.953
1702820100,+3.47,+19.271, +8.085,+0.953
1702820700,+3.47,+19.246, +8.089,+0.953
1702821300,+3.48,+19.204, +8.092,+0.953
1702821900,+3.47,+19.212, +8.099,+0.954
1702822500,+3.47,+19.237, +8.095,+0.953
1702823100,+3.47,+19.254, +8.093,+0.954
1702823700,+3.47,+19.254, +8.088,+0.953
1702824300,+3.48,+19.220, +8.088,+0.953
1702824900,+3.47,+19.195, +8.099,+0.954
1702825500,+3.48,+19.220, +8.093,+0.953
1702826100,+3.48,+19.254, +8.086,+0.953
1702826700,+3.48,+19.254, +8.081,+0.953
1702827300,+3.47,+19.220, +8.095,+0.954
1702827900,+3.48,+19.195, +8.094,+0.953
1702828500,+3.48,+19.212, +8.098,+0.953
1702829100,+3.48,+19.246, +8.089,+0.953
1702829700,+3.48,+19.237, +8.094,+0.954
1702830300,+3.48,+19.212, +8.083,+0.953
1702830900,+3.48,+19.220, +8.078,+0.953
1702831500,+3.48,+19.195, +8.101,+0.953
1702832100,+3.47,+19.237, +8.089,+0.953
1702832700,+3.48,+19.220, +8.084,+0.953
1702833300,+3.48,+19.204, +8.083,+0.953
1702833900,+3.48,+19.170, +8.080,+0.953
1702834500,+3.48,+19.187, +8.089,+0.953
1702835100,+3.48,+19.229, +8.087,+0.953
1702835700,+3.48,+19.220, +8.094,+0.954
1702836300,+3.48,+19.195, +8.095,+0.953
1702836900,+3.48,+19.178, +8.086,+0.953
1702837500,+3.48,+19.178, +8.085,+0.953
1702838100,+3.48,+19.204, +8.093,+0.954
1702838700,+3.48,+19.220, +8.081,+0.953
1702839300,+3.48,+19.229, +8.082,+0.953
1702839900,+3.48,+19.204, +8.077,+0.953
1702840500,+3.48,+19.187, +8.080,+0.953
1702841100,+3.48,+19.145, +8.083,+0.953
1702841700,+3.48,+19.094, +8.074,+0.953
1702842300,+3.48,+19.052, +8.076,+0.953
1702842900,+3.48,+19.011, +8.072,+0.953
1702843500,+3.48,+18.969, +8.087,+0.953
1702844100,+3.48,+18.985, +8.084,+0.953
1702844700,+3.47,+18.952, +8.027,+0.953
1702845300,+3.48,+19.011, +8.050,+0.952
1702845900,+3.48,+19.069, +8.038,+0.952
