7450-988987
OS REV: 1.05 Sensor Cal: 1620327161
Time (sec),  BV (Volts),  T (deg C),  DO (mg/l),  Q ()
1704306480,+3.47,+25.477, +7.820,+0.953
1704306540,+3.47,+25.544, +7.823,+0.953
1704306600,+3.47,+25.603, +7.815,+0.952
1704306660,+3.47,+25.629, +7.827,+0.954
1704306720,+3.47,+25.646, +7.823,+0.953
1704306780,+3.48,+25.671, +7.815,+0.954
1704306840,+3.48,+25.679, +7.821,+0.953
1704306900,+3.48,+25.696, +7.815,+0.953
1704306960,+3.48,+25.705, +7.815,+0.953
1704307020,+3.48,+25.764, +7.812,+0.953
1704307080,+3.48,+25.780, +7.808,+0.953
1704307140,+3.47,+25.797, +7.811,+0.953
1704307200,+3.47,+25.865, +7.795,+0.952
1704307260,+3.47,+25.907, +7.796,+0.953
1704307320,+3.47,+25.974, +7.799,+0.953
1704307380,+3.47,+26.042, +7.813,+0.953
1704307440,+3.47,+26.109, +7.809,+0.953
1704307500,+3.47,+26.202, +7.785,+0.953
1704307560,+3.47,+26.261, +7.770,+0.953
1704307620,+3.47,+26.304, +7.779,+0.954
1704307680,+3.47,+26.380, +7.757,+0.954
1704307740,+3.47,+26.422, +7.726,+0.953
1704307800,+3.47,+26.481, +7.723,+0.953
1704307860,+3.48,+26.532, +7.710,+0.953
1704307920,+3.48,+26.557, +7.706,+0.953
1704307980,+3.48,+26.591, +7.701,+0.953
1704308040,+3.48,+26.625, +7.720,+0.954
1704308100,+3.48,+26.659, +7.730,+0.954
1704308160,+3.48,+26.676, +7.716,+0.953
1704308220,+3.48,+26.693, +7.724,+0.954
1704308280,+3.48,+26.693, +7.719,+0.953
1704308340,+3.48,+26.727, +7.712,+0.953
1704308400,+3.48,+26.735, +7.717,+0.953
1704308460,+3.48,+26.744, +7.730,+0.954
1704308520,+3.48,+26.760, +7.726,+0.954
1704308580,+3.48,+26.811, +7.701,+0.953
1704308640,+3.48,+26.828, +7.673,+0.953
1704308700,+3.48,+26.811, +7.661,+0.953
1704308760,+3.48,+26.828, +7.628,+0.953
1704308820,+3.48,+26.828, +7.657,+0.953
1704308880,+3.48,+26.828, +7.695,+0.954
1704308940,+3.48,+26.837, +7.724,+0.954
1704309000,+3.48,+26.820, +7.687,+0.953
1704309060,+3.48,+26.854, +7.679,+0.953
1704309120,+3.48,+26.845, +7.711,+0.954
1704309180,+3.48,+26.828, +7.705,+0.953
1704309240,+3.48,+26.811, +7.723,+0.954
1704309300,+3.48,+26.803, +7.720,+0.953
1704309360,+3.48,+26.794, +7.705,+0.953
1704309420,+3.48,+26.820, +7.709,+0.953
1704309480,+3.48,+26.803, +7.718,+0.954
1704309540,+3.48,+26.777, +7.707,+0.953
1704309600,+3.48,+26.752, +7.720,+0.954
1704309660,+3.48,+26.735, +7.712,+0.954
1704309720,+3.48,+26.735, +7.718,+0.954
1704309780,+3.48,+26.710, +7.728,+0.954
1704309840,+3.48,+26.710, +7.686,+0.953
1704309900,+3.48,+26.693, +7.695,+0.953
1704309960,+3.48,+26.693, +7.682,+0.954
1704310020,+3.48,+26.684, +7.689,+0.953
1704310080,+3.48,+26.701, +7.681,+0.953
1704310140,+3.48,+26.710, +7.698,+0.954
1704310200,+3.48,+26.727, +7.722,+0.953
1704310260,+3.48,+26.710, +7.739,+0.953
1704310320,+3.48,+26.744, +7.743,+0.953
1704310380,+3.48,+26.727, +7.747,+0.954
1704310440,+3.48,+26.727, +7.736,+0.953
1704310500,+3.48,+26.710, +7.755,+0.953
1704310560,+3.48,+26.718, +7.764,+0.954
1704310620,+3.48,+26.718, +7.765,+0.954
1704310680,+3.48,+26.718, +7.768,+0.953
1704310740,+3.48,+26.710, +7.777,+0.954
1704310800,+3.48,+26.710, +7.778,+0.954
1704310860,+3.48,+26.735, +7.777,+0.954
1704310920,+3.48,+26.752, +7.774,+0.954
1704310980,+3.48,+26.752, +7.774,+0.954
1704311040,+3.48,+26.777, +7.767,+0.953
1704311100,+3.48,+26.786, +7.760,+0.953
1704311160,+3.48,+26.811, +7.761,+0.953
1704311220,+3.48,+26.837, +7.763,+0.954
1704311280,+3.47,+26.879, +7.747,+0.953
1704311340,+3.48,+26.854, +7.764,+0.954
1704311400,+3.47,+26.904, +7.759,+0.954
1704311460,+3.47,+26.930, +7.744,+0.953
1704311520,+3.47,+26.947, +7.751,+0.954
1704311580,+3.47,+27.006, +7.742,+0.954
1704311640,+3.47,+27.049, +7.736,+0.954
1704311700,+3.47,+27.091, +7.732,+0.954
1704311760,+3.47,+27.142, +7.729,+0.954
1704311820,+3.47,+27.184, +7.722,+0.954
1704311880,+3.47,+27.201, +7.722,+0.954
1704311940,+3.47,+27.227, +7.714,+0.953
1704312000,+3.47,+27.244, +7.720,+0.954
1704312060,+3.47,+27.252, +7.711,+0.953
1704312120,+3.47,+27.278, +7.721,+0.954
1704312180,+3.47,+27.278, +7.721,+0.954
1704312240,+3.47,+27.286, +7.715,+0.953
1704312300,+3.47,+27.295, +7.709,+0.953
1704312360,+3.47,+27.312, +7.712,+0.953
1704312420,+3.47,+27.303, +7.716,+0.954
1704312480,+3.47,+27.329, +7.700,+0.953
1704312540,+3.47,+27.337, +7.710,+0.953
1704312600,+3.47,+27.329, +7.713,+0.954
1704312660,+3.47,+27.329, +7.711,+0.953
1704312720,+3.47,+27.337, +7.715,+0.953
1704312780,+3.47,+27.337, +7.719,+0.954
1704312840,+3.47,+27.346, +7.713,+0.953
1704312900,+3.47,+27.354, +7.713,+0.953
1704312960,+3.47,+27.346, +7.712,+0.953
1704313020,+3.47,+27.354, +7.713,+0.953
1704313080,+3.47,+27.354, +7.715,+0.953
1704313140,+3.47,+27.354, +7.708,+0.953
1704313200,+3.47,+27.346, +7.723,+0.954
1704313260,+3.47,+27.380, +7.714,+0.953
1704313320,+3.47,+27.371, +7.717,+0.953
1704313380,+3.47,+27.371, +7.715,+0.954
1704313440,+3.47,+27.380, +7.713,+0.953
1704313500,+3.47,+27.380, +7.713,+0.953
1704313560,+3.47,+27.405, +7.706,+0.953
1704313620,+3.47,+27.396, +7.705,+0.953
1704313680,+3.47,+27.396, +7.707,+0.953
1704313740,+3.47,+27.380, +7.706,+0.953
1704313800,+3.47,+27.439, +7.675,+0.953
1704313860,+3.46,+27.583, +7.643,+0.953
1704313920,+3.47,+27.677, +7.632,+0.953
1704313980,+3.47,+27.745, +7.604,+0.953
1704314040,+3.47,+27.711, +4.799,+0.952
1704314100,+3.47,+26.642, +4.391,+0.952
1704314160,+3.47,+26.160, +1.418,+0.955
1704314220,+3.47,+25.915, +0.974,+0.952
1704314280,+3.47,+25.772, +0.769,+0.950
1704314340,+3.47,+25.637, +0.680,+0.948
1704314400,+3.47,+25.544, +0.640,+0.948
1704314460,+3.47,+25.477, +0.619,+0.947
1704314520,+3.47,+25.418, +0.602,+0.947
1704314580,+3.47,+25.384, +0.601,+0.947
1704314640,+3.47,+25.334, +0.588,+0.947
1704314700,+3.47,+25.309, +0.586,+0.947
1704314760,+3.47,+25.267, +0.587,+0.947
1704314820,+3.47,+25.267, +0.578,+0.947
1704314880,+3.47,+25.225, +0.579,+0.947
1704314940,+3.47,+25.199, +0.569,+0.947
1704315000,+3.47,+25.208, +0.559,+0.947
1704315060,+3.47,+25.199, +0.558,+0.946
1704315120,+3.47,+25.174, +0.553,+0.946
1704315180,+3.47,+25.174, +0.547,+0.946
1704315240,+3.47,+25.166, +0.543,+0.946
1704315300,+3.47,+25.166, +0.549,+0.946
1704315360,+3.47,+25.124, +0.553,+0.946
1704315420,+3.47,+25.140, +0.565,+0.947
1704315480,+3.47,+25.149, +0.569,+0.947
1704315540,+3.47,+25.149, +0.577,+0.947
1704315600,+3.47,+25.140, +0.578,+0.947
1704315660,+3.47,+25.115, +0.585,+0.947
1704315720,+3.47,+25.124, +0.592,+0.947
1704315780,+3.47,+25.132, +0.590,+0.947
1704315840,+3.47,+25.132, +0.594,+0.947
1704315900,+3.47,+25.140, +0.607,+0.947
1704315960,+3.47,+25.140, +0.620,+0.948
1704316020,+3.47,+25.115, +0.627,+0.948
1704316080,+3.47,+25.115, +0.633,+0.948
1704316140,+3.47,+25.115, +0.640,+0.948
1704316200,+3.47,+25.124, +0.645,+0.948
1704316260,+3.47,+25.098, +0.642,+0.948
1704316320,+3.47,+25.090, +0.641,+0.948
1704316380,+3.47,+25.115, +0.645,+0.948
1704316440,+3.47,+25.090, +0.643,+0.948
1704316500,+3.47,+25.090, +0.648,+0.948
1704316560,+3.47,+25.090, +0.649,+0.948
1704316620,+3.47,+25.073, +0.666,+0.949
1704316680,+3.47,+25.082, +0.666,+0.949
1704316740,+3.47,+25.073, +0.662,+0.949
1704316800,+3.47,+25.090, +0.660,+0.949
1704316860,+3.47,+25.107, +0.664,+0.949
1704316920,+3.47,+25.090, +0.666,+0.949
1704316980,+3.47,+25.090, +0.672,+0.949
1704317040,+3.47,+25.082, +0.673,+0.949
1704317100,+3.47,+25.073, +0.678,+0.949
1704317160,+3.47,+25.073, +0.675,+0.949
1704317220,+3.47,+25.082, +0.671,+0.949
1704317280,+3.47,+25.056, +0.660,+0.949
1704317340,+3.47,+25.082, +0.648,+0.948
1704317400,+3.47,+25.039, +0.638,+0.948
1704317460,+3.47,+25.065, +0.623,+0.948
1704317520,+3.47,+25.065, +0.618,+0.948
1704317580,+3.47,+25.048, +0.619,+0.948
1704317640,+3.47,+25.056, +0.617,+0.948
1704317700,+3.47,+25.048, +0.619,+0.948
1704317760,+3.47,+25.048, +0.624,+0.948
1704317820,+3.47,+25.065, +0.625,+0.948
1704317880,+3.47,+25.048, +0.619,+0.948
1704317940,+3.47,+25.065, +0.611,+0.948
1704318000,+3.47,+25.056, +0.608,+0.948
1704318060,+3.47,+25.039, +0.612,+0.948
1704318120,+3.47,+25.048, +0.612,+0.948
1704318180,+3.47,+25.031, +0.614,+0.948
1704318240,+3.47,+25.039, +0.618,+0.948
1704318300,+3.47,+25.006, +0.603,+0.948
1704318360,+3.47,+25.014, +0.590,+0.947
1704318420,+3.47,+25.006, +0.597,+0.947
1704318480,+3.47,+25.006, +0.601,+0.947
1704318540,+3.47,+25.014, +0.608,+0.948
1704318600,+3.47,+24.997, +0.613,+0.948
1704318660,+3.47,+25.014, +0.621,+0.948
1704318720,+3.47,+24.997, +0.628,+0.948
1704318780,+3.47,+24.989, +0.644,+0.948
1704318840,+3.47,+24.997, +0.658,+0.948
1704318900,+3.47,+24.997, +0.658,+0.949
1704318960,+3.47,+24.972, +0.661,+0.949
1704319020,+3.47,+24.972, +0.753,+0.950
1704319080,+3.47,+24.972, +0.815,+0.951
1704319140,+3.47,+24.981, +0.815,+0.951
1704319200,+3.47,+24.997, +0.812,+0.951
1704319260,+3.47,+24.981, +0.785,+0.951
1704319320,+3.47,+24.955, +0.783,+0.951
1704319380,+3.47,+24.964, +0.812,+0.951
1704319440,+3.47,+24.955, +0.799,+0.951
1704319500,+3.47,+24.964, +0.784,+0.951
1704319560,+3.47,+24.955, +0.786,+0.951
1704319620,+3.47,+24.947, +0.775,+0.951
1704319680,+3.47,+24.947, +0.755,+0.950
1704319740,+3.47,+24.955, +0.753,+0.950
1704319800,+3.47,+24.930, +0.758,+0.950
1704319860,+3.47,+24.939, +0.765,+0.951
1704319920,+3.47,+24.930, +0.772,+0.951
1704319980,+3.47,+24.922, +0.776,+0.950
1704320040,+3.47,+24.913, +0.784,+0.951
1704320100,+3.47,+24.905, +0.766,+0.951
1704320160,+3.47,+24.905, +0.737,+0.950
1704320220,+3.47,+24.905, +0.716,+0.950
1704320280,+3.47,+24.905, +0.698,+0.949
1704320340,+3.47,+24.913, +0.685,+0.949
1704320400,+3.47,+24.922, +0.677,+0.949
1704320460,+3.47,+24.905, +0.674,+0.949
1704320520,+3.47,+24.888, +0.668,+0.949
1704320580,+3.47,+24.888, +0.663,+0.949
1704320640,+3.47,+24.905, +0.667,+0.949
1704320700,+3.47,+24.888, +0.674,+0.949
1704320760,+3.47,+24.880, +0.691,+0.949
1704320820,+3.47,+24.897, +0.710,+0.949
1704320880,+3.47,+24.897, +0.730,+0.950
1704320940,+3.47,+24.888, +0.745,+0.950
1704321000,+3.47,+24.880, +0.753,+0.950
1704321060,+3.47,+24.888, +0.761,+0.950
1704321120,+3.47,+24.880, +0.771,+0.951
1704321180,+3.47,+24.880, +0.813,+0.951
1704321240,+3.47,+24.888, +0.857,+0.952
1704321300,+3.47,+24.863, +0.885,+0.952
1704321360,+3.47,+24.855, +0.907,+0.952
1704321420,+3.47,+24.855, +0.920,+0.953
1704321480,+3.47,+24.855, +0.929,+0.953
1704321540,+3.47,+24.855, +0.936,+0.953
1704321600,+3.47,+24.846, +0.899,+0.952
1704321660,+3.47,+24.838, +0.858,+0.952
1704321720,+3.47,+24.846, +0.834,+0.951
1704321780,+3.47,+24.855, +0.819,+0.951
1704321840,+3.47,+24.855, +0.807,+0.951
1704321900,+3.47,+24.821, +0.803,+0.951
1704321960,+3.47,+24.829, +0.794,+0.951
1704322020,+3.47,+24.829, +0.788,+0.951
1704322080,+3.47,+24.821, +0.786,+0.951
1704322140,+3.47,+24.829, +0.780,+0.951
1704322200,+3.47,+24.813, +0.773,+0.950
1704322260,+3.47,+24.804, +0.771,+0.950
1704322320,+3.47,+24.821, +0.777,+0.950
1704322380,+3.47,+24.821, +0.779,+0.951
1704322440,+3.47,+24.821, +0.781,+0.951
1704322500,+3.47,+24.813, +0.775,+0.950
1704322560,+3.47,+24.804, +0.754,+0.950
1704322620,+3.47,+24.804, +0.757,+0.950
1704322680,+3.47,+24.813, +0.768,+0.950
1704322740,+3.47,+24.796, +0.776,+0.951
1704322800,+3.47,+24.762, +0.777,+0.951
1704322860,+3.47,+24.779, +0.790,+0.951
1704322920,+3.47,+24.796, +0.792,+0.951
1704322980,+3.47,+24.787, +0.794,+0.951
1704323040,+3.47,+24.779, +0.787,+0.951
1704323100,+3.47,+24.796, +0.775,+0.950
1704323160,+3.47,+24.779, +0.767,+0.950
1704323220,+3.47,+24.779, +0.761,+0.950
1704323280,+3.47,+24.771, +0.758,+0.950
1704323340,+3.47,+24.779, +0.749,+0.950
1704323400,+3.47,+24.771, +0.750,+0.950
1704323460,+3.47,+24.754, +0.756,+0.950
1704323520,+3.47,+24.779, +0.760,+0.950
1704323580,+3.47,+24.779, +0.747,+0.950
1704323640,+3.47,+24.762, +0.749,+0.950
1704323700,+3.47,+24.762, +0.753,+0.950
1704323760,+3.47,+24.771, +0.754,+0.950
1704323820,+3.47,+24.762, +0.750,+0.950
1704323880,+3.47,+24.762, +0.753,+0.950
1704323940,+3.47,+24.762, +0.748,+0.950
1704324000,+3.47,+24.745, +0.742,+0.950
1704324060,+3.47,+24.762, +0.736,+0.950
1704324120,+3.47,+24.762, +0.731,+0.950
1704324180,+3.47,+24.754, +0.726,+0.950
1704324240,+3.47,+24.787, +0.719,+0.950
1704324300,+3.47,+24.754, +0.716,+0.950
1704324360,+3.47,+24.754, +0.714,+0.950
1704324420,+3.47,+24.762, +0.702,+0.949
1704324480,+3.47,+24.737, +0.693,+0.949
1704324540,+3.47,+24.737, +0.688,+0.949
1704324600,+3.47,+24.737, +0.687,+0.949
1704324660,+3.47,+24.745, +0.685,+0.949
1704324720,+3.47,+24.737, +0.685,+0.949
1704324780,+3.47,+24.729, +0.684,+0.949
1704324840,+3.47,+24.720, +0.683,+0.949
1704324900,+3.47,+24.754, +0.679,+0.949
1704324960,+3.47,+24.729, +0.669,+0.949
1704325020,+3.47,+24.720, +0.662,+0.949
1704325080,+3.47,+24.720, +0.658,+0.948
1704325140,+3.47,+24.720, +0.657,+0.948
1704325200,+3.47,+24.703, +0.656,+0.948
1704325260,+3.47,+24.712, +0.650,+0.948
1704325320,+3.47,+24.712, +0.643,+0.948
1704325380,+3.47,+24.703, +0.635,+0.948
1704325440,+3.47,+24.687, +0.621,+0.948
1704325500,+3.47,+24.703, +0.611,+0.948
1704325560,+3.47,+24.695, +0.604,+0.947
1704325620,+3.47,+24.695, +0.597,+0.947
1704325680,+3.47,+24.687, +0.581,+0.947
1704325740,+3.47,+24.695, +0.582,+0.947
1704325800,+3.47,+24.670, +0.685,+0.949
1704325860,+3.47,+24.661, +0.720,+0.949
1704325920,+3.47,+24.670, +0.739,+0.950
1704325980,+3.47,+24.661, +0.683,+0.949
1704326040,+3.47,+24.661, +0.674,+0.949
1704326100,+3.47,+24.636, +0.707,+0.949
1704326160,+3.47,+24.653, +0.734,+0.950
1704326220,+3.47,+24.653, +0.758,+0.950
1704326280,+3.47,+24.636, +0.735,+0.950
1704326340,+3.47,+24.636, +0.714,+0.949
1704326400,+3.47,+24.645, +0.705,+0.949
1704326460,+3.47,+24.636, +0.709,+0.949
1704326520,+3.47,+24.619, +0.712,+0.949
1704326580,+3.47,+24.636, +0.715,+0.950
1704326640,+3.47,+24.611, +0.717,+0.949
1704326700,+3.47,+24.619, +0.714,+0.949
1704326760,+3.47,+24.619, +0.708,+0.949
1704326820,+3.47,+24.603, +0.702,+0.949
1704326880,+3.47,+24.611, +0.690,+0.949
1704326940,+3.47,+24.611, +0.674,+0.949
1704327000,+3.47,+24.619, +0.646,+0.948
1704327060,+3.47,+24.594, +0.649,+0.948
1704327120,+3.47,+24.611, +0.651,+0.948
1704327180,+3.47,+24.611, +0.644,+0.948
1704327240,+3.47,+24.577, +0.630,+0.948
1704327300,+3.47,+24.611, +0.622,+0.948
1704327360,+3.47,+24.594, +0.617,+0.948
1704327420,+3.47,+24.603, +0.612,+0.948
1704327480,+3.47,+24.594, +0.605,+0.947
1704327540,+3.47,+24.586, +0.599,+0.947
1704327600,+3.47,+24.586, +0.604,+0.948
1704327660,+3.47,+24.603, +0.612,+0.948
1704327720,+3.47,+24.569, +0.629,+0.948
1704327780,+3.47,+24.577, +0.637,+0.948
1704327840,+3.47,+24.594, +0.641,+0.948
1704327900,+3.47,+24.577, +0.639,+0.948
1704327960,+3.47,+24.586, +0.622,+0.948
1704328020,+3.47,+24.594, +0.592,+0.947
1704328080,+3.47,+24.569, +0.567,+0.947
1704328140,+3.47,+24.569, +0.548,+0.946
1704328200,+3.47,+24.561, +0.540,+0.946
1704328260,+3.47,+24.544, +0.537,+0.946
1704328320,+3.47,+24.544, +0.532,+0.946
1704328380,+3.47,+24.527, +0.533,+0.946
1704328440,+3.47,+24.527, +0.539,+0.946
1704328500,+3.47,+24.535, +0.547,+0.946
1704328560,+3.47,+24.510, +0.565,+0.947
1704328620,+3.47,+24.544, +0.560,+0.947
1704328680,+3.47,+24.510, +0.554,+0.946
1704328740,+3.47,+24.519, +0.554,+0.946
1704328800,+3.47,+24.502, +0.537,+0.946
1704328860,+3.47,+24.502, +0.524,+0.946
1704328920,+3.47,+24.510, +0.513,+0.946
1704328980,+3.47,+24.519, +0.506,+0.946
1704329040,+3.47,+24.510, +0.496,+0.945
1704329100,+3.47,+24.485, +0.481,+0.945
1704329160,+3.47,+24.502, +0.461,+0.945
1704329220,+3.47,+24.468, +0.443,+0.944
1704329280,+3.47,+24.477, +0.429,+0.944
1704329340,+3.47,+24.485, +0.421,+0.943
1704329400,+3.47,+24.485, +0.421,+0.944
1704329460,+3.47,+24.477, +0.420,+0.943
1704329520,+3.47,+24.468, +0.418,+0.943
1704329580,+3.47,+24.477, +0.419,+0.943
1704329640,+3.47,+24.460, +0.428,+0.944
1704329700,+3.47,+24.451, +0.416,+0.944
1704329760,+3.47,+24.468, +0.401,+0.943
1704329820,+3.47,+24.451, +0.390,+0.943
1704329880,+3.47,+24.451, +0.384,+0.943
1704329940,+3.47,+24.451, +0.380,+0.943
1704330000,+3.47,+24.435, +0.402,+0.943
1704330060,+3.47,+24.451, +0.417,+0.944
1704330120,+3.47,+24.443, +0.417,+0.943
1704330180,+3.47,+24.443, +0.429,+0.944
1704330240,+3.47,+24.435, +0.427,+0.944
1704330300,+3.47,+24.435, +0.419,+0.944
1704330360,+3.47,+24.401, +0.411,+0.943
1704330420,+3.47,+24.418, +0.406,+0.943
1704330480,+3.47,+24.426, +0.436,+0.944
1704330540,+3.47,+24.418, +0.421,+0.944
1704330600,+3.47,+24.410, +0.394,+0.943
1704330660,+3.47,+24.401, +0.382,+0.943
1704330720,+3.47,+24.418, +0.389,+0.943
1704330780,+3.47,+24.401, +0.392,+0.943
1704330840,+3.47,+24.401, +0.389,+0.943
1704330900,+3.47,+24.401, +0.388,+0.943
1704330960,+3.47,+24.393, +0.386,+0.943
1704331020,+3.47,+24.368, +0.379,+0.943
1704331080,+3.47,+24.401, +0.373,+0.942
1704331140,+3.47,+24.384, +0.367,+0.942
1704331200,+3.47,+24.359, +0.364,+0.942
1704331260,+3.47,+24.376, +0.369,+0.942
1704331320,+3.47,+24.384, +0.368,+0.942
1704331380,+3.47,+24.342, +0.389,+0.943
1704331440,+3.47,+24.359, +0.390,+0.943
1704331500,+3.47,+24.359, +0.390,+0.943
1704331560,+3.47,+24.351, +0.386,+0.943
1704331620,+3.47,+24.342, +0.385,+0.943
1704331680,+3.47,+24.359, +0.447,+0.944
1704331740,+3.47,+24.342, +0.443,+0.944
1704331800,+3.47,+24.334, +0.453,+0.944
1704331860,+3.47,+24.342, +0.439,+0.944
1704331920,+3.47,+24.334, +0.433,+0.944
1704331980,+3.47,+24.342, +0.426,+0.944
1704332040,+3.47,+24.326, +0.418,+0.943
1704332100,+3.47,+24.317, +0.414,+0.943
1704332160,+3.46,+24.317, +0.436,+0.944
1704332220,+3.47,+24.334, +0.434,+0.944
1704332280,+3.47,+24.326, +0.427,+0.944
1704332340,+3.47,+24.309, +0.420,+0.944
1704332400,+3.47,+24.309, +0.415,+0.943
1704332460,+3.47,+24.317, +0.411,+0.943
1704332520,+3.46,+24.309, +0.405,+0.943
1704332580,+3.46,+24.300, +0.399,+0.943
1704332640,+3.46,+24.309, +0.394,+0.943
1704332700,+3.46,+24.284, +0.388,+0.943
1704332760,+3.46,+24.292, +0.381,+0.943
1704332820,+3.46,+24.284, +0.375,+0.942
1704332880,+3.46,+24.292, +0.369,+0.942
1704332940,+3.46,+24.284, +0.362,+0.942
1704333000,+3.46,+24.284, +0.357,+0.942
1704333060,+3.46,+24.275, +0.356,+0.942
1704333120,+3.46,+24.292, +0.355,+0.942
1704333180,+3.46,+24.275, +0.353,+0.942
1704333240,+3.46,+24.284, +0.352,+0.942
1704333300,+3.46,+24.275, +0.363,+0.942
1704333360,+3.46,+24.275, +0.364,+0.942
1704333420,+3.46,+24.259, +0.362,+0.942
1704333480,+3.46,+24.259, +0.361,+0.942
1704333540,+3.46,+24.259, +0.364,+0.942
1704333600,+3.46,+24.267, +0.366,+0.942
1704333660,+3.46,+24.259, +0.362,+0.942
1704333720,+3.46,+24.259, +0.363,+0.942
1704333780,+3.46,+24.250, +0.362,+0.942
1704333840,+3.46,+24.250, +0.362,+0.942
1704333900,+3.46,+24.225, +0.362,+0.942
1704333960,+3.46,+24.259, +0.378,+0.943
1704334020,+3.46,+24.242, +0.400,+0.943
1704334080,+3.46,+24.233, +0.397,+0.943
1704334140,+3.46,+24.233, +0.394,+0.943
1704334200,+3.46,+24.233, +0.405,+0.943
1704334260,+3.46,+24.233, +0.413,+0.943
1704334320,+3.46,+24.208, +0.412,+0.943
1704334380,+3.46,+24.233, +0.404,+0.943
1704334440,+3.46,+24.217, +0.396,+0.943
1704334500,+3.46,+24.225, +0.388,+0.943
1704334560,+3.46,+24.208, +0.383,+0.943
1704334620,+3.46,+24.225, +0.376,+0.943
1704334680,+3.46,+24.200, +0.375,+0.942
1704334740,+3.46,+24.191, +0.388,+0.943
1704334800,+3.46,+24.191, +0.383,+0.943
1704334860,+3.46,+24.200, +0.383,+0.943
1704334920,+3.46,+24.191, +0.379,+0.942
1704334980,+3.46,+24.200, +0.377,+0.942
1704335040,+3.46,+24.200, +0.377,+0.942
1704335100,+3.46,+24.208, +0.375,+0.942
1704335160,+3.46,+24.183, +0.395,+0.943
1704335220,+3.46,+24.200, +0.417,+0.943
1704335280,+3.46,+24.191, +0.410,+0.943
1704335340,+3.46,+24.191, +0.397,+0.943
1704335400,+3.46,+24.200, +0.382,+0.943
1704335460,+3.46,+24.175, +0.371,+0.942
1704335520,+3.46,+24.166, +0.359,+0.942
1704335580,+3.46,+24.149, +0.359,+0.942
1704335640,+3.46,+24.175, +0.357,+0.942
1704335700,+3.46,+24.158, +0.369,+0.942
1704335760,+3.46,+24.166, +0.368,+0.942
1704335820,+3.46,+24.175, +0.388,+0.943
1704335880,+3.46,+24.175, +0.389,+0.943
1704335940,+3.46,+24.133, +0.378,+0.942
1704336000,+3.46,+24.158, +0.372,+0.942
1704336060,+3.46,+24.149, +0.376,+0.942
1704336120,+3.46,+24.166, +0.368,+0.942
1704336180,+3.46,+24.166, +0.355,+0.942
1704336240,+3.46,+24.175, +0.341,+0.942
1704336300,+3.46,+24.149, +0.330,+0.941
1704336360,+3.46,+24.158, +0.325,+0.941
1704336420,+3.46,+24.141, +0.320,+0.941
1704336480,+3.46,+24.166, +0.311,+0.941
1704336540,+3.46,+24.149, +0.303,+0.940
1704336600,+3.46,+24.158, +0.295,+0.940
1704336660,+3.46,+24.141, +0.288,+0.940
1704336720,+3.46,+24.141, +0.302,+0.941
1704336780,+3.46,+24.133, +0.311,+0.941
1704336840,+3.46,+24.133, +0.327,+0.941
1704336900,+3.46,+24.141, +0.340,+0.942
1704336960,+3.46,+24.124, +0.341,+0.942
1704337020,+3.46,+24.124, +0.339,+0.941
1704337080,+3.46,+24.133, +0.333,+0.941
1704337140,+3.46,+24.116, +0.332,+0.941
1704337200,+3.46,+24.133, +0.327,+0.941
1704337260,+3.46,+24.124, +0.333,+0.941
1704337320,+3.46,+24.116, +0.329,+0.941
1704337380,+3.46,+24.116, +0.337,+0.941
1704337440,+3.46,+24.099, +0.334,+0.942
1704337500,+3.46,+24.108, +0.335,+0.941
1704337560,+3.46,+24.116, +0.326,+0.941
1704337620,+3.46,+24.099, +0.316,+0.941
1704337680,+3.46,+24.099, +0.303,+0.941
1704337740,+3.46,+24.091, +0.304,+0.941
1704337800,+3.46,+24.099, +0.296,+0.940
1704337860,+3.46,+24.091, +0.289,+0.940
1704337920,+3.46,+24.099, +0.279,+0.940
1704337980,+3.46,+24.091, +0.271,+0.940
1704338040,+3.46,+24.091, +0.266,+0.939
1704338100,+3.46,+24.082, +0.263,+0.939
1704338160,+3.46,+24.066, +0.259,+0.939
1704338220,+3.46,+24.091, +0.254,+0.939
1704338280,+3.46,+24.091, +0.243,+0.939
1704338340,+3.46,+24.082, +0.234,+0.939
1704338400,+3.46,+24.082, +0.235,+0.939
1704338460,+3.46,+24.082, +0.237,+0.939
1704338520,+3.46,+24.074, +0.256,+0.939
1704338580,+3.46,+24.066, +0.251,+0.939
1704338640,+3.46,+24.082, +0.240,+0.939
1704338700,+3.46,+24.057, +0.232,+0.939
1704338760,+3.46,+24.074, +0.228,+0.938
1704338820,+3.46,+24.066, +0.228,+0.939
1704338880,+3.46,+24.066, +0.230,+0.939
1704338940,+3.46,+24.057, +0.232,+0.939
1704339000,+3.46,+24.049, +0.237,+0.939
1704339060,+3.46,+24.057, +0.240,+0.939
1704339120,+3.46,+24.057, +0.237,+0.939
1704339180,+3.46,+24.057, +0.223,+0.938
1704339240,+3.46,+24.057, +0.232,+0.939
1704339300,+3.46,+24.049, +0.255,+0.939
1704339360,+3.46,+24.049, +0.259,+0.939
1704339420,+3.46,+24.057, +0.259,+0.939
1704339480,+3.46,+24.032, +0.264,+0.939
1704339540,+3.46,+24.057, +0.278,+0.940
1704339600,+3.46,+24.066, +0.279,+0.940
1704339660,+3.46,+24.049, +0.278,+0.940
1704339720,+3.46,+24.040, +0.274,+0.940
1704339780,+3.46,+24.040, +0.269,+0.940
1704339840,+3.46,+24.032, +0.261,+0.940
1704339900,+3.46,+24.040, +0.254,+0.939
1704339960,+3.46,+24.040, +0.248,+0.939
1704340020,+3.46,+24.032, +0.242,+0.939
1704340080,+3.46,+24.032, +0.232,+0.939
1704340140,+3.46,+24.040, +0.229,+0.939
1704340200,+3.46,+24.024, +0.224,+0.938
1704340260,+3.46,+24.024, +0.229,+0.939
1704340320,+3.46,+24.032, +0.226,+0.938
1704340380,+3.46,+24.015, +0.221,+0.938
1704340440,+3.46,+24.024, +0.213,+0.938
1704340500,+3.46,+24.024, +0.196,+0.938
1704340560,+3.46,+24.015, +0.214,+0.938
1704340620,+3.46,+24.024, +0.280,+0.940
1704340680,+3.46,+24.015, +0.285,+0.940
1704340740,+3.46,+24.007, +0.281,+0.940
1704340800,+3.46,+24.007, +0.271,+0.940
1704340860,+3.46,+24.007, +0.266,+0.940
1704340920,+3.46,+24.007, +0.275,+0.940
1704340980,+3.46,+23.999, +0.279,+0.940
1704341040,+3.46,+23.999, +0.276,+0.940
1704341100,+3.46,+23.990, +0.273,+0.940
1704341160,+3.46,+24.015, +0.262,+0.939
1704341220,+3.46,+23.990, +0.281,+0.940
1704341280,+3.46,+23.999, +0.270,+0.940
1704341340,+3.46,+24.015, +0.254,+0.939
1704341400,+3.46,+23.990, +0.235,+0.939
1704341460,+3.46,+24.015, +0.222,+0.938
1704341520,+3.46,+23.999, +0.211,+0.938
1704341580,+3.46,+23.973, +0.203,+0.938
1704341640,+3.46,+23.982, +0.197,+0.938
1704341700,+3.46,+23.973, +0.193,+0.938
1704341760,+3.46,+23.965, +0.191,+0.937
1704341820,+3.46,+23.973, +0.192,+0.937
1704341880,+3.46,+23.982, +0.189,+0.937
1704341940,+3.46,+23.973, +0.181,+0.937
1704342000,+3.46,+23.973, +0.180,+0.937
1704342060,+3.46,+23.973, +0.176,+0.937
1704342120,+3.46,+23.965, +0.173,+0.937
1704342180,+3.46,+23.965, +0.209,+0.938
1704342240,+3.46,+23.957, +0.241,+0.939
1704342300,+3.46,+23.957, +0.255,+0.939
1704342360,+3.46,+23.957, +0.251,+0.939
1704342420,+3.46,+23.965, +0.240,+0.939
1704342480,+3.46,+23.957, +0.226,+0.938
1704342540,+3.46,+23.948, +0.212,+0.938
1704342600,+3.46,+23.965, +0.238,+0.939
1704342660,+3.46,+23.948, +0.304,+0.941
1704342720,+3.46,+23.940, +0.318,+0.941
1704342780,+3.46,+23.948, +0.316,+0.941
1704342840,+3.46,+23.932, +0.376,+0.942
1704342900,+3.46,+23.932, +0.360,+0.942
1704342960,+3.46,+23.932, +0.352,+0.942
1704343020,+3.46,+23.940, +0.323,+0.941
1704343080,+3.46,+23.932, +0.300,+0.941
1704343140,+3.46,+23.923, +0.281,+0.940
1704343200,+3.46,+23.915, +0.259,+0.939
1704343260,+3.46,+23.932, +0.237,+0.939
1704343320,+3.46,+23.932, +0.219,+0.938
1704343380,+3.46,+23.932, +0.213,+0.938
1704343440,+3.46,+23.932, +0.207,+0.938
1704343500,+3.46,+23.932, +0.201,+0.938
1704343560,+3.46,+23.932, +0.194,+0.938
1704343620,+3.46,+23.898, +0.183,+0.937
1704343680,+3.46,+23.915, +0.174,+0.937
1704343740,+3.46,+23.915, +0.169,+0.937
1704343800,+3.46,+23.923, +0.171,+0.937
1704343860,+3.46,+23.915, +0.166,+0.937
1704343920,+3.46,+23.915, +0.160,+0.937
1704343980,+3.46,+23.906, +0.157,+0.936
1704344040,+3.46,+23.906, +0.156,+0.936
1704344100,+3.46,+23.906, +0.162,+0.937
1704344160,+3.46,+23.915, +0.183,+0.937
1704344220,+3.46,+23.890, +0.195,+0.938
1704344280,+3.46,+23.906, +0.194,+0.938
1704344340,+3.46,+23.890, +0.194,+0.938
1704344400,+3.46,+23.890, +0.186,+0.937
1704344460,+3.46,+23.881, +0.175,+0.937
1704344520,+3.46,+23.881, +0.160,+0.937
1704344580,+3.46,+23.890, +0.150,+0.936
1704344640,+3.46,+23.898, +0.142,+0.936
1704344700,+3.46,+23.890, +0.221,+0.938
1704344760,+3.46,+23.898, +0.243,+0.939
1704344820,+3.46,+23.890, +0.230,+0.939
1704344880,+3.46,+23.856, +0.233,+0.938
1704344940,+3.46,+23.873, +0.216,+0.938
1704345000,+3.46,+23.873, +0.195,+0.938
1704345060,+3.46,+23.873, +0.186,+0.937
1704345120,+3.46,+23.864, +0.178,+0.937
1704345180,+3.46,+23.864, +0.167,+0.937
1704345240,+3.46,+23.864, +0.159,+0.937
1704345300,+3.46,+23.873, +0.148,+0.936
1704345360,+3.46,+23.856, +0.139,+0.936
1704345420,+3.46,+23.848, +0.128,+0.936
1704345480,+3.46,+23.831, +0.122,+0.935
1704345540,+3.46,+23.856, +0.115,+0.935
1704345600,+3.46,+23.856, +0.109,+0.935
1704345660,+3.46,+23.856, +0.107,+0.935
1704345720,+3.46,+23.848, +0.102,+0.935
1704345780,+3.46,+23.864, +0.099,+0.935
1704345840,+3.46,+23.831, +0.122,+0.936
1704345900,+3.46,+23.831, +0.133,+0.936
1704345960,+3.46,+23.823, +0.122,+0.935
1704346020,+3.46,+23.831, +0.116,+0.935
1704346080,+3.46,+23.856, +0.116,+0.935
1704346140,+3.46,+23.848, +0.117,+0.935
1704346200,+3.46,+23.806, +0.119,+0.935
1704346260,+3.46,+23.831, +0.126,+0.936
1704346320,+3.46,+23.823, +0.132,+0.936
1704346380,+3.46,+23.839, +0.127,+0.936
1704346440,+3.46,+23.823, +0.127,+0.936
1704346500,+3.46,+23.814, +0.123,+0.936
1704346560,+3.46,+23.814, +0.118,+0.935
1704346620,+3.46,+23.823, +0.109,+0.935
1704346680,+3.46,+23.806, +0.101,+0.935
1704346740,+3.46,+23.814, +0.096,+0.935
1704346800,+3.46,+23.806, +0.131,+0.936
1704346860,+3.46,+23.806, +0.161,+0.937
1704346920,+3.46,+23.797, +0.151,+0.936
1704346980,+3.46,+23.814, +0.134,+0.936
1704347040,+3.46,+23.789, +0.141,+0.936
1704347100,+3.46,+23.789, +0.192,+0.938
1704347160,+3.46,+23.789, +0.184,+0.937
1704347220,+3.46,+23.781, +0.169,+0.937
1704347280,+3.46,+23.781, +0.156,+0.937
1704347340,+3.46,+23.781, +0.144,+0.936
1704347400,+3.46,+23.756, +0.145,+0.936
1704347460,+3.46,+23.781, +0.155,+0.936
1704347520,+3.46,+23.781, +0.148,+0.936
1704347580,+3.46,+23.764, +0.136,+0.936
1704347640,+3.46,+23.781, +0.124,+0.936
1704347700,+3.46,+23.772, +0.118,+0.935
1704347760,+3.46,+23.747, +0.115,+0.935
1704347820,+3.46,+23.756, +0.112,+0.935
1704347880,+3.46,+23.772, +0.107,+0.935
1704347940,+3.46,+23.756, +0.098,+0.935
1704348000,+3.46,+23.772, +0.092,+0.935
1704348060,+3.46,+23.756, +0.132,+0.936
1704348120,+3.46,+23.756, +0.130,+0.936
1704348180,+3.46,+23.764, +0.113,+0.935
1704348240,+3.46,+23.730, +0.101,+0.935
1704348300,+3.46,+23.747, +0.091,+0.935
1704348360,+3.46,+23.739, +0.113,+0.935
1704348420,+3.46,+23.756, +0.125,+0.936
1704348480,+3.46,+23.739, +0.123,+0.935
1704348540,+3.46,+23.739, +0.116,+0.935
1704348600,+3.46,+23.739, +0.160,+0.937
1704348660,+3.46,+23.722, +0.159,+0.937
1704348720,+3.46,+23.747, +0.147,+0.936
1704348780,+3.46,+23.722, +0.129,+0.936
1704348840,+3.46,+23.730, +0.119,+0.935
1704348900,+3.46,+23.705, +0.118,+0.935
1704348960,+3.46,+23.722, +0.108,+0.935
1704349020,+3.46,+23.714, +0.097,+0.935
1704349080,+3.46,+23.722, +0.088,+0.934
1704349140,+3.46,+23.722, +0.083,+0.934
1704349200,+3.46,+23.739, +0.081,+0.934
1704349260,+3.46,+23.714, +0.084,+0.934
1704349320,+3.46,+23.739, +0.091,+0.935
1704349380,+3.46,+23.722, +0.088,+0.934
1704349440,+3.46,+23.705, +0.086,+0.934
1704349500,+3.46,+23.697, +0.086,+0.934
1704349560,+3.46,+23.714, +0.086,+0.934
1704349620,+3.46,+23.739, +0.084,+0.934
1704349680,+3.46,+23.714, +0.080,+0.934
1704349740,+3.46,+23.705, +0.083,+0.934
1704349800,+3.46,+23.705, +0.082,+0.934
1704349860,+3.46,+23.705, +0.081,+0.934
1704349920,+3.46,+23.697, +0.075,+0.934
1704349980,+3.46,+23.680, +0.085,+0.934
1704350040,+3.46,+23.705, +0.091,+0.935
1704350100,+3.46,+23.689, +0.093,+0.935
1704350160,+3.46,+23.697, +0.087,+0.934
1704350220,+3.46,+23.680, +0.080,+0.934
1704350280,+3.46,+23.697, +0.076,+0.934
1704350340,+3.46,+23.697, +0.075,+0.934
1704350400,+3.46,+23.680, +0.075,+0.934
1704350460,+3.46,+23.697, +0.073,+0.934
1704350520,+3.46,+23.697, +0.071,+0.934
1704350580,+3.46,+23.689, +0.066,+0.934
1704350640,+3.46,+23.680, +0.065,+0.934
1704350700,+3.46,+23.663, +0.069,+0.934
1704350760,+3.46,+23.680, +0.073,+0.934
1704350820,+3.46,+23.663, +0.077,+0.934
1704350880,+3.46,+23.680, +0.086,+0.935
1704350940,+3.46,+23.663, +0.091,+0.935
1704351000,+3.46,+23.672, +0.090,+0.935
1704351060,+3.46,+23.680, +0.085,+0.934
1704351120,+3.46,+23.663, +0.079,+0.934
1704351180,+3.46,+23.647, +0.082,+0.934
1704351240,+3.46,+23.655, +0.086,+0.934
1704351300,+3.46,+23.655, +0.086,+0.934
1704351360,+3.46,+23.638, +0.084,+0.934
1704351420,+3.46,+23.638, +0.080,+0.934
1704351480,+3.46,+23.638, +0.079,+0.934
1704351540,+3.46,+23.622, +0.078,+0.934
1704351600,+3.46,+23.638, +0.077,+0.934
1704351660,+3.46,+23.622, +0.077,+0.934
1704351720,+3.46,+23.630, +0.073,+0.934
1704351780,+3.46,+23.638, +0.073,+0.934
1704351840,+3.46,+23.622, +0.072,+0.934
1704351900,+3.46,+23.613, +0.070,+0.934
1704351960,+3.46,+23.630, +0.071,+0.934
1704352020,+3.46,+23.630, +0.070,+0.934
1704352080,+3.46,+23.613, +0.070,+0.934
1704352140,+3.46,+23.622, +0.068,+0.934
1704352200,+3.46,+23.605, +0.069,+0.934
1704352260,+3.46,+23.622, +0.069,+0.934
1704352320,+3.46,+23.622, +0.068,+0.934
1704352380,+3.46,+23.605, +0.072,+0.934
1704352440,+3.46,+23.613, +0.069,+0.934
1704352500,+3.46,+23.605, +0.066,+0.934
1704352560,+3.46,+23.588, +0.065,+0.934
1704352620,+3.46,+23.596, +0.067,+0.934
1704352680,+3.46,+23.596, +0.086,+0.935
1704352740,+3.46,+23.596, +0.082,+0.934
1704352800,+3.46,+23.588, +0.080,+0.934
1704352860,+3.46,+23.588, +0.074,+0.934
1704352920,+3.46,+23.596, +0.071,+0.934
1704352980,+3.46,+23.588, +0.066,+0.934
1704353040,+3.46,+23.580, +0.064,+0.934
1704353100,+3.46,+23.588, +0.061,+0.934
1704353160,+3.46,+23.588, +0.068,+0.934
1704353220,+3.46,+23.605, +0.069,+0.934
1704353280,+3.46,+23.580, +0.102,+0.935
1704353340,+3.46,+23.580, +0.096,+0.935
1704353400,+3.46,+23.563, +0.089,+0.935
1704353460,+3.46,+23.580, +0.083,+0.935
1704353520,+3.46,+23.571, +0.076,+0.934
1704353580,+3.46,+23.571, +0.070,+0.934
1704353640,+3.46,+23.555, +0.067,+0.934
1704353700,+3.46,+23.563, +0.068,+0.934
1704353760,+3.46,+23.563, +0.070,+0.934
1704353820,+3.46,+23.555, +0.095,+0.935
1704353880,+3.46,+23.555, +0.091,+0.935
1704353940,+3.46,+23.546, +0.087,+0.935
1704354000,+3.46,+23.538, +0.083,+0.935
1704354060,+3.46,+23.546, +0.079,+0.935
1704354120,+3.46,+23.546, +0.073,+0.934
1704354180,+3.46,+23.538, +0.071,+0.934
1704354240,+3.46,+23.546, +0.074,+0.934
1704354300,+3.46,+23.538, +0.075,+0.934
1704354360,+3.46,+23.538, +0.076,+0.934
1704354420,+3.46,+23.538, +0.078,+0.934
1704354480,+3.46,+23.529, +0.078,+0.934
1704354540,+3.46,+23.521, +0.073,+0.934
1704354600,+3.46,+23.529, +0.070,+0.934
1704354660,+3.46,+23.521, +0.068,+0.934
1704354720,+3.46,+23.513, +0.068,+0.934
1704354780,+3.46,+23.521, +0.067,+0.934
1704354840,+3.46,+23.513, +0.070,+0.934
1704354900,+3.46,+23.521, +0.064,+0.934
1704354960,+3.46,+23.496, +0.068,+0.934
1704355020,+3.46,+23.529, +0.078,+0.934
1704355080,+3.46,+23.521, +0.080,+0.935
1704355140,+3.46,+23.513, +0.077,+0.934
1704355200,+3.46,+23.513, +0.074,+0.934
1704355260,+3.46,+23.504, +0.070,+0.934
1704355320,+3.46,+23.488, +0.074,+0.934
1704355380,+3.46,+23.504, +0.076,+0.934
1704355440,+3.46,+23.496, +0.074,+0.934
1704355500,+3.46,+23.504, +0.071,+0.934
1704355560,+3.46,+23.496, +0.066,+0.934
1704355620,+3.46,+23.504, +0.065,+0.934
1704355680,+3.46,+23.488, +0.070,+0.934
1704355740,+3.46,+23.479, +0.075,+0.934
1704355800,+3.46,+23.504, +0.078,+0.934
1704355860,+3.46,+23.471, +0.077,+0.934
1704355920,+3.46,+23.479, +0.081,+0.935
1704355980,+3.46,+23.462, +0.078,+0.934
1704356040,+3.46,+23.479, +0.076,+0.934
1704356100,+3.46,+23.488, +0.074,+0.934
1704356160,+3.46,+23.462, +0.072,+0.934
1704356220,+3.46,+23.488, +0.081,+0.934
1704356280,+3.46,+23.454, +0.089,+0.935
1704356340,+3.46,+23.454, +0.083,+0.935
1704356400,+3.46,+23.454, +0.077,+0.935
1704356460,+3.46,+23.454, +0.077,+0.935
1704356520,+3.46,+23.437, +0.079,+0.934
1704356580,+3.46,+23.446, +0.077,+0.934
1704356640,+3.46,+23.454, +0.080,+0.935
1704356700,+3.46,+23.437, +0.078,+0.934
1704356760,+3.46,+23.446, +0.078,+0.935
1704356820,+3.46,+23.437, +0.074,+0.934
1704356880,+3.46,+23.454, +0.072,+0.934
1704356940,+3.46,+23.437, +0.072,+0.934
1704357000,+3.46,+23.437, +0.070,+0.934
1704357060,+3.46,+23.429, +0.084,+0.935
1704357120,+3.46,+23.429, +0.082,+0.935
1704357180,+3.46,+23.429, +0.082,+0.935
1704357240,+3.46,+23.429, +0.079,+0.935
1704357300,+3.46,+23.421, +0.072,+0.934
1704357360,+3.46,+23.429, +0.070,+0.934
1704357420,+3.46,+23.429, +0.082,+0.935
1704357480,+3.46,+23.421, +0.086,+0.935
1704357540,+3.46,+23.404, +0.084,+0.935
1704357600,+3.46,+23.421, +0.080,+0.935
1704357660,+3.46,+23.404, +0.073,+0.934
1704357720,+3.46,+23.412, +0.068,+0.934
1704357780,+3.46,+23.395, +0.066,+0.934
1704357840,+3.46,+23.412, +0.065,+0.934
1704357900,+3.46,+23.404, +0.063,+0.934
1704357960,+3.46,+23.395, +0.067,+0.934
1704358020,+3.46,+23.387, +0.068,+0.934
1704358080,+3.46,+23.404, +0.067,+0.934
1704358140,+3.46,+23.387, +0.075,+0.935
1704358200,+3.46,+23.387, +0.079,+0.935
1704358260,+3.46,+23.379, +0.074,+0.934
1704358320,+3.46,+23.370, +0.068,+0.934
1704358380,+3.46,+23.404, +0.072,+0.934
1704358440,+3.46,+23.387, +0.066,+0.934
1704358500,+3.46,+23.395, +0.062,+0.934
1704358560,+3.46,+23.379, +0.064,+0.934
1704358620,+3.46,+23.379, +0.064,+0.934
1704358680,+3.46,+23.370, +0.065,+0.934
1704358740,+3.46,+23.387, +0.063,+0.934
1704358800,+3.46,+23.362, +0.062,+0.934
1704358860,+3.46,+23.370, +0.062,+0.934
1704358920,+3.46,+23.370, +0.061,+0.934
1704358980,+3.46,+23.354, +0.061,+0.934
1704359040,+3.46,+23.362, +0.063,+0.934
1704359100,+3.46,+23.370, +0.060,+0.934
1704359160,+3.46,+23.345, +0.062,+0.934
1704359220,+3.46,+23.354, +0.062,+0.934
1704359280,+3.46,+23.362, +0.062,+0.934
1704359340,+3.46,+23.337, +0.061,+0.934
1704359400,+3.46,+23.354, +0.061,+0.934
1704359460,+3.46,+23.345, +0.061,+0.934
1704359520,+3.46,+23.345, +0.071,+0.934
1704359580,+3.46,+23.337, +0.085,+0.935
1704359640,+3.46,+23.337, +0.081,+0.935
1704359700,+3.46,+23.328, +0.076,+0.935
1704359760,+3.46,+23.354, +0.072,+0.934
1704359820,+3.46,+23.345, +0.076,+0.935
1704359880,+3.46,+23.328, +0.074,+0.935
1704359940,+3.46,+23.328, +0.071,+0.934
1704360000,+3.46,+23.312, +0.077,+0.934
1704360060,+3.46,+23.328, +0.078,+0.935
1704360120,+3.46,+23.312, +0.075,+0.934
1704360180,+3.46,+23.337, +0.075,+0.934
1704360240,+3.46,+23.312, +0.073,+0.934
1704360300,+3.46,+23.312, +0.067,+0.934
1704360360,+3.46,+23.312, +0.066,+0.934
1704360420,+3.46,+23.295, +0.061,+0.934
1704360480,+3.46,+23.303, +0.061,+0.934
1704360540,+3.46,+23.295, +0.064,+0.934
1704360600,+3.46,+23.287, +0.072,+0.934
1704360660,+3.46,+23.287, +0.076,+0.935
1704360720,+3.46,+23.295, +0.074,+0.934
1704360780,+3.46,+23.287, +0.069,+0.934
1704360840,+3.46,+23.295, +0.068,+0.934
1704360900,+3.46,+23.295, +0.068,+0.934
1704360960,+3.46,+23.295, +0.066,+0.934
1704361020,+3.46,+23.278, +0.062,+0.934
1704361080,+3.46,+23.270, +0.064,+0.934
1704361140,+3.46,+23.270, +0.062,+0.934
1704361200,+3.46,+23.261, +0.062,+0.934
1704361260,+3.46,+23.270, +0.108,+0.936
1704361320,+3.46,+23.270, +0.097,+0.935
1704361380,+3.46,+23.270, +0.086,+0.935
1704361440,+3.46,+23.253, +0.075,+0.934
1704361500,+3.46,+23.270, +0.073,+0.935
1704361560,+3.46,+23.253, +0.072,+0.934
1704361620,+3.46,+23.261, +0.065,+0.934
1704361680,+3.46,+23.245, +0.075,+0.935
1704361740,+3.46,+23.253, +0.079,+0.935
1704361800,+3.46,+23.253, +0.076,+0.934
1704361860,+3.46,+23.245, +0.076,+0.935
1704361920,+3.46,+23.236, +0.076,+0.935
1704361980,+3.46,+23.236, +0.074,+0.935
1704362040,+3.46,+23.261, +0.066,+0.934
1704362100,+3.46,+23.245, +0.070,+0.934
1704362160,+3.46,+23.245, +0.071,+0.934
1704362220,+3.46,+23.245, +0.075,+0.934
1704362280,+3.46,+23.245, +0.099,+0.935
1704362340,+3.46,+23.236, +0.095,+0.935
1704362400,+3.46,+23.236, +0.087,+0.935
1704362460,+3.46,+23.236, +0.078,+0.935
1704362520,+3.46,+23.236, +0.084,+0.935
1704362580,+3.46,+23.228, +0.081,+0.935
1704362640,+3.46,+23.203, +0.076,+0.935
1704362700,+3.46,+23.211, +0.072,+0.934
1704362760,+3.46,+23.203, +0.069,+0.934
1704362820,+3.46,+23.211, +0.066,+0.934
1704362880,+3.46,+23.211, +0.066,+0.934
1704362940,+3.46,+23.220, +0.064,+0.934
1704363000,+3.46,+23.203, +0.068,+0.934
1704363060,+3.46,+23.211, +0.067,+0.934
1704363120,+3.46,+23.211, +0.064,+0.934
1704363180,+3.46,+23.211, +0.063,+0.934
1704363240,+3.46,+23.195, +0.062,+0.934
1704363300,+3.46,+23.186, +0.063,+0.934
1704363360,+3.46,+23.195, +0.069,+0.934
1704363420,+3.46,+23.211, +0.065,+0.934
1704363480,+3.46,+23.195, +0.066,+0.934
1704363540,+3.46,+23.211, +0.065,+0.934
1704363600,+3.46,+23.186, +0.063,+0.934
1704363660,+3.46,+23.195, +0.063,+0.934
1704363720,+3.46,+23.186, +0.062,+0.934
1704363780,+3.46,+23.203, +0.062,+0.934
1704363840,+3.46,+23.195, +0.085,+0.935
1704363900,+3.46,+23.186, +0.082,+0.935
1704363960,+3.46,+23.195, +0.081,+0.935
1704364020,+3.46,+23.203, +0.075,+0.935
1704364080,+3.46,+23.186, +0.071,+0.935
1704364140,+3.46,+23.186, +0.068,+0.934
1704364200,+3.46,+23.186, +0.062,+0.934
1704364260,+3.46,+23.178, +0.061,+0.934
1704364320,+3.46,+23.203, +0.061,+0.934
1704364380,+3.46,+23.178, +0.061,+0.934
1704364440,+3.46,+23.195, +0.060,+0.934
1704364500,+3.46,+23.178, +0.061,+0.934
1704364560,+3.46,+23.169, +0.059,+0.934
1704364620,+3.46,+23.161, +0.059,+0.934
1704364680,+3.46,+23.169, +0.055,+0.934
1704364740,+3.46,+23.169, +0.060,+0.934
1704364800,+3.46,+23.161, +0.065,+0.934
1704364860,+3.46,+23.169, +0.063,+0.934
1704364920,+3.46,+23.161, +0.062,+0.934
1704364980,+3.46,+23.153, +0.064,+0.934
1704365040,+3.45,+23.153, +0.064,+0.934
1704365100,+3.46,+23.128, +0.064,+0.934
1704365160,+3.46,+23.144, +0.061,+0.934
1704365220,+3.46,+23.144, +0.059,+0.934
1704365280,+3.45,+23.144, +0.060,+0.934
1704365340,+3.46,+23.144, +0.061,+0.934
1704365400,+3.46,+23.136, +0.062,+0.934
1704365460,+3.46,+23.136, +0.060,+0.934
1704365520,+3.46,+23.128, +0.061,+0.934
1704365580,+3.46,+23.119, +0.060,+0.934
1704365640,+3.45,+23.128, +0.061,+0.934
1704365700,+3.46,+23.119, +0.059,+0.934
1704365760,+3.45,+23.119, +0.058,+0.934
1704365820,+3.46,+23.111, +0.056,+0.934
1704365880,+3.46,+23.119, +0.055,+0.934
1704365940,+3.46,+23.128, +0.057,+0.934
1704366000,+3.46,+23.111, +0.057,+0.934
1704366060,+3.46,+23.119, +0.057,+0.934
1704366120,+3.46,+23.102, +0.058,+0.934
1704366180,+3.46,+23.111, +0.059,+0.934
1704366240,+3.46,+23.111, +0.072,+0.934
1704366300,+3.46,+23.111, +0.074,+0.935
1704366360,+3.46,+23.094, +0.068,+0.934
1704366420,+3.46,+23.119, +0.065,+0.934
1704366480,+3.46,+23.111, +0.062,+0.934
1704366540,+3.45,+23.102, +0.059,+0.934
1704366600,+3.46,+23.077, +0.055,+0.934
1704366660,+3.46,+23.086, +0.055,+0.934
1704366720,+3.46,+23.094, +0.056,+0.934
1704366780,+3.45,+23.077, +0.056,+0.934
1704366840,+3.46,+23.086, +0.057,+0.934
1704366900,+3.46,+23.077, +0.058,+0.934
1704366960,+3.45,+23.069, +0.057,+0.934
1704367020,+3.46,+23.077, +0.057,+0.934
1704367080,+3.46,+23.077, +0.057,+0.934
1704367140,+3.45,+23.069, +0.055,+0.934
1704367200,+3.46,+23.069, +0.054,+0.934
1704367260,+3.46,+23.069, +0.053,+0.934
1704367320,+3.46,+23.069, +0.053,+0.934
1704367380,+3.45,+23.069, +0.054,+0.934
1704367440,+3.46,+23.077, +0.056,+0.934
1704367500,+3.46,+23.069, +0.055,+0.934
1704367560,+3.46,+23.052, +0.055,+0.934
1704367620,+3.46,+23.069, +0.055,+0.934
1704367680,+3.45,+23.052, +0.056,+0.934
1704367740,+3.45,+23.061, +0.057,+0.934
1704367800,+3.46,+23.052, +0.056,+0.934
1704367860,+3.46,+23.044, +0.055,+0.934
1704367920,+3.46,+23.036, +0.055,+0.934
1704367980,+3.46,+23.052, +0.055,+0.934
1704368040,+3.46,+23.044, +0.057,+0.934
1704368100,+3.46,+23.061, +0.057,+0.934
1704368160,+3.45,+23.052, +0.056,+0.934
1704368220,+3.46,+23.036, +0.055,+0.934
1704368280,+3.46,+23.036, +0.055,+0.934
1704368340,+3.46,+23.036, +0.055,+0.934
1704368400,+3.46,+23.027, +0.054,+0.934
1704368460,+3.46,+23.036, +0.054,+0.934
1704368520,+3.46,+23.052, +0.053,+0.934
1704368580,+3.46,+23.027, +0.053,+0.934
1704368640,+3.46,+23.027, +0.054,+0.934
1704368700,+3.46,+23.044, +0.055,+0.934
1704368760,+3.46,+23.036, +0.056,+0.934
1704368820,+3.46,+23.019, +0.055,+0.934
1704368880,+3.46,+23.002, +0.053,+0.934
1704368940,+3.46,+23.010, +0.054,+0.934
1704369000,+3.46,+23.002, +0.054,+0.934
1704369060,+3.46,+23.036, +0.053,+0.934
1704369120,+3.46,+23.019, +0.053,+0.934
1704369180,+3.46,+23.002, +0.053,+0.934
1704369240,+3.46,+23.010, +0.053,+0.934
1704369300,+3.46,+23.019, +0.054,+0.934
1704369360,+3.46,+22.994, +0.054,+0.934
1704369420,+3.45,+23.010, +0.054,+0.934
1704369480,+3.46,+23.019, +0.053,+0.934
1704369540,+3.46,+23.010, +0.057,+0.934
1704369600,+3.46,+23.002, +0.059,+0.934
1704369660,+3.46,+23.010, +0.058,+0.934
1704369720,+3.46,+22.994, +0.058,+0.934
1704369780,+3.46,+23.010, +0.056,+0.934
1704369840,+3.46,+23.002, +0.056,+0.934
1704369900,+3.46,+22.985, +0.054,+0.934
1704369960,+3.46,+22.985, +0.055,+0.934
1704370020,+3.46,+23.002, +0.056,+0.934
1704370080,+3.45,+23.002, +0.055,+0.934
1704370140,+3.46,+23.002, +0.054,+0.934
1704370200,+3.46,+23.002, +0.054,+0.934
1704370260,+3.46,+22.985, +0.054,+0.934
1704370320,+3.46,+22.994, +0.054,+0.934
1704370380,+3.46,+22.994, +0.052,+0.934
1704370440,+3.46,+22.985, +0.052,+0.934
1704370500,+3.45,+23.002, +0.051,+0.934
1704370560,+3.46,+22.985, +0.052,+0.934
1704370620,+3.45,+22.977, +0.054,+0.934
1704370680,+3.45,+23.010, +0.055,+0.934
1704370740,+3.46,+23.002, +0.054,+0.934
1704370800,+3.45,+22.985, +0.053,+0.934
1704370860,+3.46,+23.002, +0.052,+0.934
1704370920,+3.46,+22.985, +0.053,+0.934
1704370980,+3.46,+22.994, +0.054,+0.934
1704371040,+3.46,+22.985, +0.054,+0.934
1704371100,+3.46,+22.994, +0.055,+0.934
1704371160,+3.46,+22.977, +0.054,+0.934
1704371220,+3.46,+22.994, +0.053,+0.934
1704371280,+3.46,+22.985, +0.053,+0.934
1704371340,+3.46,+22.985, +0.053,+0.934
1704371400,+3.46,+22.969, +0.053,+0.934
1704371460,+3.46,+22.985, +0.052,+0.934
1704371520,+3.46,+22.977, +0.052,+0.934
1704371580,+3.45,+22.994, +0.052,+0.934
1704371640,+3.46,+22.977, +0.053,+0.934
1704371700,+3.46,+22.977, +0.053,+0.934
1704371760,+3.45,+22.969, +0.053,+0.934
1704371820,+3.45,+22.985, +0.053,+0.934
1704371880,+3.46,+22.977, +0.053,+0.934
1704371940,+3.46,+22.985, +0.053,+0.934
1704372000,+3.45,+22.994, +0.052,+0.934
1704372060,+3.45,+22.969, +0.052,+0.934
1704372120,+3.45,+22.960, +0.052,+0.934
1704372180,+3.45,+22.977, +0.052,+0.934
1704372240,+3.45,+22.969, +0.052,+0.934
1704372300,+3.45,+22.960, +0.052,+0.934
1704372360,+3.45,+22.994, +0.052,+0.934
1704372420,+3.45,+22.960, +0.052,+0.934
1704372480,+3.45,+22.960, +0.052,+0.934
1704372540,+3.45,+22.977, +0.051,+0.934
1704372600,+3.45,+22.977, +0.051,+0.934
1704372660,+3.45,+22.985, +0.050,+0.934
1704372720,+3.45,+22.969, +0.052,+0.934
1704372780,+3.45,+22.977, +0.052,+0.934
1704372840,+3.46,+22.960, +0.052,+0.934
1704372900,+3.46,+22.977, +0.052,+0.934
1704372960,+3.45,+22.977, +0.051,+0.934
1704373020,+3.45,+22.977, +0.051,+0.934
1704373080,+3.46,+22.977, +0.052,+0.934
1704373140,+3.45,+22.985, +0.051,+0.934
1704373200,+3.45,+22.969, +0.051,+0.934
1704373260,+3.45,+22.960, +0.051,+0.934
1704373320,+3.45,+22.985, +0.052,+0.934
1704373380,+3.45,+22.977, +0.051,+0.934
1704373440,+3.46,+22.985, +0.050,+0.934
1704373500,+3.46,+22.977, +0.052,+0.934
1704373560,+3.45,+22.977, +0.051,+0.934
1704373620,+3.46,+22.969, +0.053,+0.934
1704373680,+3.45,+22.985, +0.053,+0.934
1704373740,+3.45,+22.977, +0.052,+0.934
1704373800,+3.45,+22.994, +0.051,+0.934
1704373860,+3.45,+22.994, +0.051,+0.934
1704373920,+3.45,+22.977, +0.051,+0.934
1704373980,+3.45,+22.985, +0.051,+0.934
1704374040,+3.45,+23.002, +0.050,+0.934
1704374100,+3.45,+22.960, +0.051,+0.934
1704374160,+3.45,+22.969, +0.051,+0.934
1704374220,+3.45,+23.002, +0.051,+0.934
1704374280,+3.45,+22.994, +0.050,+0.934
1704374340,+3.45,+22.985, +0.051,+0.934
1704374400,+3.45,+22.994, +0.050,+0.934
1704374460,+3.45,+22.969, +0.050,+0.934
1704374520,+3.45,+22.994, +0.050,+0.934
1704374580,+3.45,+23.010, +0.050,+0.934
1704374640,+3.45,+22.977, +0.052,+0.934
1704374700,+3.45,+22.977, +0.052,+0.934
1704374760,+3.45,+22.994, +0.052,+0.934
1704374820,+3.45,+22.994, +0.051,+0.934
1704374880,+3.45,+22.994, +0.051,+0.934
1704374940,+3.45,+22.994, +0.051,+0.934
1704375000,+3.45,+23.002, +0.050,+0.934
1704375060,+3.45,+23.010, +0.051,+0.934
1704375120,+3.45,+23.010, +0.050,+0.934
1704375180,+3.45,+22.985, +0.050,+0.934
1704375240,+3.45,+22.994, +0.050,+0.934
1704375300,+3.45,+23.010, +0.050,+0.934
1704375360,+3.45,+23.019, +0.050,+0.934
1704375420,+3.45,+23.027, +0.050,+0.934
1704375480,+3.45,+23.019, +0.050,+0.934
1704375540,+3.45,+23.019, +0.050,+0.934
1704375600,+3.45,+23.036, +0.050,+0.934
1704375660,+3.45,+23.027, +0.050,+0.934
1704375720,+3.45,+23.027, +0.050,+0.934
1704375780,+3.45,+23.036, +0.051,+0.934
1704375840,+3.45,+23.044, +0.050,+0.934
1704375900,+3.45,+23.061, +0.049,+0.934
1704375960,+3.45,+23.044, +0.050,+0.934
1704376020,+3.45,+23.044, +0.050,+0.934
1704376080,+3.45,+23.061, +0.050,+0.934
1704376140,+3.45,+23.052, +0.050,+0.934
1704376200,+3.45,+23.052, +0.050,+0.934
1704376260,+3.45,+23.052, +0.050,+0.934
1704376320,+3.45,+23.061, +0.050,+0.934
1704376380,+3.45,+23.061, +0.050,+0.934
1704376440,+3.45,+23.061, +0.050,+0.934
1704376500,+3.45,+23.052, +0.050,+0.933
1704376560,+3.45,+23.069, +0.050,+0.934
1704376620,+3.45,+23.069, +0.049,+0.934
1704376680,+3.45,+23.077, +0.050,+0.934
1704376740,+3.45,+23.061, +0.050,+0.934
1704376800,+3.45,+23.102, +0.050,+0.934
1704376860,+3.45,+23.094, +0.050,+0.934
1704376920,+3.45,+23.111, +0.050,+0.934
1704376980,+3.45,+23.094, +0.050,+0.934
1704377040,+3.45,+23.094, +0.051,+0.934
1704377100,+3.45,+23.094, +0.050,+0.934
1704377160,+3.45,+23.119, +0.050,+0.934
1704377220,+3.45,+23.111, +0.050,+0.934
1704377280,+3.45,+23.128, +0.050,+0.934
1704377340,+3.45,+23.119, +0.050,+0.934
1704377400,+3.45,+23.128, +0.050,+0.934
1704377460,+3.45,+23.128, +0.050,+0.934
1704377520,+3.45,+23.136, +0.050,+0.934
1704377580,+3.45,+23.128, +0.050,+0.934
1704377640,+3.45,+23.128, +0.050,+0.934
1704377700,+3.45,+23.128, +0.050,+0.934
1704377760,+3.45,+23.136, +0.050,+0.934
1704377820,+3.45,+23.161, +0.050,+0.934
1704377880,+3.45,+23.144, +0.050,+0.934
1704377940,+3.45,+23.153, +0.050,+0.934
1704378000,+3.45,+23.161, +0.050,+0.934
1704378060,+3.45,+23.169, +0.050,+0.934
1704378120,+3.45,+23.161, +0.050,+0.934
1704378180,+3.45,+23.178, +0.049,+0.934
1704378240,+3.45,+23.153, +0.050,+0.934
1704378300,+3.45,+23.178, +0.049,+0.934
1704378360,+3.45,+23.186, +0.050,+0.934
1704378420,+3.45,+23.211, +0.050,+0.934
1704378480,+3.45,+23.203, +0.050,+0.934
1704378540,+3.45,+23.220, +0.050,+0.934
1704378600,+3.45,+23.211, +0.050,+0.934
1704378660,+3.45,+23.211, +0.050,+0.934
1704378720,+3.45,+23.228, +0.050,+0.934
1704378780,+3.45,+23.228, +0.050,+0.934
1704378840,+3.45,+23.245, +0.050,+0.934
1704378900,+3.45,+23.228, +0.050,+0.934
1704378960,+3.45,+23.245, +0.050,+0.933
1704379020,+3.45,+23.236, +0.050,+0.933
1704379080,+3.45,+23.228, +0.051,+0.934
1704379140,+3.45,+23.228, +0.050,+0.934
1704379200,+3.45,+23.245, +0.050,+0.934
1704379260,+3.45,+23.245, +0.050,+0.934
1704379320,+3.45,+23.245, +0.050,+0.934
1704379380,+3.46,+23.270, +0.050,+0.933
1704379440,+3.46,+23.278, +0.050,+0.934
1704379500,+3.46,+23.287, +0.050,+0.934
1704379560,+3.46,+23.287, +0.050,+0.934
1704379620,+3.46,+23.278, +0.050,+0.934
1704379680,+3.46,+23.261, +0.050,+0.934
1704379740,+3.46,+23.270, +0.050,+0.934
1704379800,+3.46,+23.278, +0.051,+0.934
1704379860,+3.46,+23.278, +0.050,+0.934
1704379920,+3.46,+23.287, +0.050,+0.933
1704379980,+3.46,+23.320, +0.050,+0.934
1704380040,+3.46,+23.312, +0.050,+0.934
1704380100,+3.46,+23.337, +0.050,+0.934
1704380160,+3.46,+23.320, +0.050,+0.934
1704380220,+3.46,+23.328, +0.050,+0.934
1704380280,+3.46,+23.337, +0.050,+0.933
1704380340,+3.46,+23.337, +0.049,+0.934
1704380400,+3.46,+23.328, +0.050,+0.934
1704380460,+3.46,+23.345, +0.050,+0.934
1704380520,+3.46,+23.328, +0.049,+0.933
1704380580,+3.46,+23.337, +0.050,+0.934
1704380640,+3.46,+23.320, +0.050,+0.934
1704380700,+3.46,+23.354, +0.050,+0.934
1704380760,+3.46,+23.362, +0.050,+0.934
1704380820,+3.46,+23.362, +0.050,+0.934
1704380880,+3.46,+23.370, +0.050,+0.933
1704380940,+3.46,+23.387, +0.049,+0.933
1704381000,+3.46,+23.370, +0.050,+0.933
1704381060,+3.46,+23.412, +0.068,+0.934
1704381120,+3.46,+23.412, +0.058,+0.934
1704381180,+3.46,+23.429, +0.052,+0.934
1704381240,+3.46,+23.421, +0.050,+0.933
1704381300,+3.46,+23.412, +0.050,+0.933
1704381360,+3.46,+23.404, +0.050,+0.933
1704381420,+3.46,+23.412, +0.050,+0.934
1704381480,+3.46,+23.379, +0.050,+0.934
1704381540,+3.46,+23.387, +0.050,+0.933
1704381600,+3.46,+23.370, +0.049,+0.933
1704381660,+3.46,+23.362, +0.050,+0.934
1704381720,+3.46,+23.362, +0.050,+0.933
1704381780,+3.46,+23.379, +0.050,+0.934
1704381840,+3.46,+23.379, +0.050,+0.934
1704381900,+3.46,+23.395, +0.049,+0.934
1704381960,+3.46,+23.387, +0.050,+0.934
1704382020,+3.46,+23.404, +0.050,+0.933
1704382080,+3.46,+23.412, +0.050,+0.933
1704382140,+3.46,+23.412, +0.050,+0.933
1704382200,+3.46,+23.421, +0.050,+0.934
1704382260,+3.46,+23.437, +0.050,+0.933
1704382320,+3.46,+23.437, +0.050,+0.934
1704382380,+3.46,+23.454, +0.050,+0.933
1704382440,+3.46,+23.454, +0.050,+0.933
1704382500,+3.46,+23.454, +0.050,+0.933
1704382560,+3.46,+23.471, +0.050,+0.933
1704382620,+3.46,+23.462, +0.050,+0.933
1704382680,+3.46,+23.471, +0.050,+0.933
1704382740,+3.46,+23.462, +0.050,+0.933
1704382800,+3.46,+23.488, +0.051,+0.934
1704382860,+3.46,+23.454, +0.050,+0.933
1704382920,+3.46,+23.488, +0.050,+0.933
1704382980,+3.46,+23.488, +0.050,+0.933
1704383040,+3.46,+23.513, +0.050,+0.934
1704383100,+3.46,+23.521, +0.050,+0.933
1704383160,+3.46,+23.521, +0.050,+0.933
1704383220,+3.46,+23.529, +0.050,+0.933
1704383280,+3.46,+23.529, +0.050,+0.933
1704383340,+3.46,+23.538, +0.050,+0.933
1704383400,+3.46,+23.538, +0.050,+0.933
1704383460,+3.46,+23.555, +0.050,+0.933
1704383520,+3.46,+23.538, +0.050,+0.933
1704383580,+3.46,+23.580, +0.050,+0.933
1704383640,+3.46,+23.580, +0.050,+0.933
1704383700,+3.46,+23.563, +0.050,+0.933
1704383760,+3.46,+23.605, +0.050,+0.933
1704383820,+3.46,+23.605, +0.050,+0.933
1704383880,+3.46,+23.613, +0.051,+0.934
1704383940,+3.46,+23.605, +0.051,+0.933
1704384000,+3.46,+23.622, +0.049,+0.933
1704384060,+3.46,+23.630, +0.051,+0.933
1704384120,+3.46,+23.630, +0.050,+0.933
1704384180,+3.46,+23.638, +0.050,+0.933
1704384240,+3.46,+23.647, +0.050,+0.933
1704384300,+3.46,+23.655, +0.051,+0.933
1704384360,+3.46,+23.622, +0.050,+0.934
1704384420,+3.46,+23.655, +0.050,+0.933
1704384480,+3.46,+23.672, +0.051,+0.933
1704384540,+3.46,+23.680, +0.051,+0.933
1704384600,+3.46,+23.680, +0.050,+0.933
1704384660,+3.46,+23.697, +0.050,+0.933
1704384720,+3.46,+23.705, +0.050,+0.933
1704384780,+3.46,+23.697, +0.051,+0.933
1704384840,+3.46,+23.689, +0.050,+0.933
1704384900,+3.46,+23.730, +0.051,+0.933
1704384960,+3.46,+23.739, +0.050,+0.933
1704385020,+3.45,+23.756, +0.050,+0.933
1704385080,+3.45,+23.772, +0.051,+0.933
1704385140,+3.45,+23.764, +0.051,+0.933
1704385200,+3.45,+23.781, +0.050,+0.933
1704385260,+3.45,+23.789, +0.050,+0.933
1704385320,+3.45,+23.797, +0.050,+0.933
1704385380,+3.45,+23.797, +0.050,+0.933
1704385440,+3.45,+23.806, +0.051,+0.933
1704385500,+3.45,+23.797, +0.051,+0.933
1704385560,+3.45,+23.823, +0.051,+0.933
1704385620,+3.45,+23.831, +0.050,+0.933
1704385680,+3.45,+23.848, +0.050,+0.933
1704385740,+3.45,+23.856, +0.050,+0.933
1704385800,+3.45,+23.856, +0.050,+0.933
1704385860,+3.45,+23.873, +0.050,+0.933
1704385920,+3.45,+23.881, +0.050,+0.933
1704385980,+3.45,+23.915, +0.051,+0.933
1704386040,+3.45,+23.898, +0.050,+0.933
1704386100,+3.45,+23.923, +0.050,+0.933
1704386160,+3.45,+23.932, +0.050,+0.933
1704386220,+3.45,+23.948, +0.050,+0.933
1704386280,+3.45,+23.948, +0.050,+0.933
1704386340,+3.45,+23.957, +0.050,+0.933
1704386400,+3.45,+23.957, +0.050,+0.933
1704386460,+3.45,+23.965, +0.051,+0.933
1704386520,+3.45,+23.965, +0.051,+0.933
1704386580,+3.45,+23.957, +0.052,+0.933
1704386640,+3.45,+23.990, +0.052,+0.933
1704386700,+3.45,+23.990, +0.052,+0.933
1704386760,+3.45,+24.007, +0.052,+0.933
1704386820,+3.45,+24.024, +0.051,+0.933
1704386880,+3.45,+24.032, +0.052,+0.933
1704386940,+3.45,+24.049, +0.051,+0.933
1704387000,+3.45,+24.040, +0.052,+0.933
1704387060,+3.45,+24.040, +0.051,+0.933
1704387120,+3.45,+24.049, +0.053,+0.933
1704387180,+3.45,+24.066, +0.053,+0.933
1704387240,+3.45,+24.074, +0.052,+0.933
1704387300,+3.45,+24.074, +0.051,+0.933
1704387360,+3.45,+24.082, +0.054,+0.933
1704387420,+3.45,+24.091, +0.055,+0.933
1704387480,+3.45,+24.108, +0.055,+0.933
1704387540,+3.45,+24.116, +0.054,+0.933
1704387600,+3.45,+24.124, +0.053,+0.933
1704387660,+3.45,+24.141, +0.052,+0.933
1704387720,+3.45,+24.141, +0.051,+0.933
1704387780,+3.45,+24.166, +0.051,+0.933
1704387840,+3.45,+24.149, +0.051,+0.933
1704387900,+3.45,+24.149, +0.051,+0.933
1704387960,+3.45,+24.141, +0.050,+0.933
1704388020,+3.45,+24.158, +0.051,+0.933
1704388080,+3.45,+24.158, +0.050,+0.933
1704388140,+3.45,+24.141, +0.050,+0.933
1704388200,+3.45,+24.149, +0.051,+0.933
1704388260,+3.45,+24.141, +0.051,+0.933
1704388320,+3.45,+24.175, +0.051,+0.933
1704388380,+3.45,+24.166, +0.050,+0.933
1704388440,+3.45,+24.166, +0.051,+0.933
1704388500,+3.45,+24.158, +0.051,+0.933
1704388560,+3.45,+24.166, +0.050,+0.933
1704388620,+3.45,+24.175, +0.051,+0.933
1704388680,+3.45,+24.183, +0.050,+0.933
1704388740,+3.45,+24.183, +0.051,+0.933
1704388800,+3.45,+24.191, +0.051,+0.933
1704388860,+3.45,+24.191, +0.051,+0.933
1704388920,+3.45,+24.191, +0.051,+0.933
1704388980,+3.45,+24.200, +0.051,+0.933
1704389040,+3.45,+24.191, +0.051,+0.933
1704389100,+3.45,+24.166, +0.050,+0.933
1704389160,+3.45,+24.175, +0.051,+0.933
1704389220,+3.45,+24.191, +0.051,+0.933
1704389280,+3.45,+24.191, +0.050,+0.933
1704389340,+3.45,+24.200, +0.050,+0.933
1704389400,+3.45,+24.191, +0.051,+0.933
1704389460,+3.45,+24.208, +0.051,+0.933
1704389520,+3.45,+24.191, +0.051,+0.933
1704389580,+3.45,+24.208, +0.051,+0.933
1704389640,+3.45,+24.225, +0.051,+0.933
1704389700,+3.45,+24.250, +0.051,+0.933
1704389760,+3.45,+24.233, +0.051,+0.933
1704389820,+3.45,+24.250, +0.050,+0.933
1704389880,+3.45,+24.267, +0.050,+0.933
1704389940,+3.45,+24.259, +0.050,+0.933
1704390000,+3.45,+24.259, +0.051,+0.933
1704390060,+3.45,+24.292, +0.051,+0.933
1704390120,+3.45,+24.300, +0.051,+0.933
1704390180,+3.45,+24.292, +0.051,+0.933
1704390240,+3.45,+24.292, +0.050,+0.933
1704390300,+3.45,+24.326, +0.051,+0.933
1704390360,+3.46,+24.368, +0.051,+0.933
1704390420,+3.46,+24.376, +0.051,+0.933
1704390480,+3.46,+24.384, +0.051,+0.933
1704390540,+3.46,+24.384, +0.051,+0.933
1704390600,+3.46,+24.393, +0.051,+0.933
1704390660,+3.46,+24.384, +0.050,+0.933
1704390720,+3.46,+24.384, +0.051,+0.933
1704390780,+3.46,+24.384, +0.051,+0.933
1704390840,+3.46,+24.410, +0.050,+0.933
1704390900,+3.46,+24.393, +0.051,+0.933
1704390960,+3.46,+24.401, +0.051,+0.933
1704391020,+3.46,+24.384, +0.051,+0.933
1704391080,+3.46,+24.368, +0.051,+0.933
1704391140,+3.46,+24.410, +0.051,+0.933
1704391200,+3.46,+24.384, +0.050,+0.933
1704391260,+3.46,+24.410, +0.051,+0.933
1704391320,+3.46,+24.418, +0.050,+0.933
1704391380,+3.46,+24.435, +0.051,+0.933
1704391440,+3.46,+24.485, +0.051,+0.933
1704391500,+3.46,+24.477, +0.052,+0.933
1704391560,+3.46,+24.485, +0.052,+0.933
1704391620,+3.46,+24.485, +0.052,+0.933
1704391680,+3.46,+24.493, +0.051,+0.933
1704391740,+3.46,+24.485, +0.050,+0.933
1704391800,+3.46,+24.527, +0.066,+0.933
1704391860,+3.46,+24.577, +0.069,+0.934
1704391920,+3.46,+24.636, +0.065,+0.934
1704391980,+3.46,+24.645, +0.058,+0.933
1704392040,+3.46,+24.619, +0.053,+0.933
1704392100,+3.46,+24.611, +0.052,+0.933
1704392160,+3.46,+24.611, +0.051,+0.933
1704392220,+3.46,+24.569, +0.051,+0.933
1704392280,+3.46,+24.586, +0.051,+0.933
1704392340,+3.46,+24.577, +0.052,+0.933
1704392400,+3.46,+24.569, +0.051,+0.933
1704392460,+3.46,+24.594, +0.051,+0.933
1704392520,+3.46,+24.577, +0.052,+0.933
1704392580,+3.46,+24.594, +0.051,+0.933
1704392640,+3.46,+24.594, +0.050,+0.933
1704392700,+3.46,+24.594, +0.050,+0.933
1704392760,+3.46,+24.603, +0.050,+0.933
1704392820,+3.46,+24.577, +0.051,+0.933
