7450-988987
OS REV: 1.05 Sensor Cal: 1620327161
Time (sec),  BV (Volts),  T (deg C),  DO (mg/l),  Q ()
1704911280,+3.46,+26.008, +0.054,+0.930
1704911340,+3.46,+26.050, +0.054,+0.930
1704911400,+3.46,+26.050, +0.053,+0.930
1704911460,+3.46,+26.025, +0.053,+0.930
1704911520,+3.46,+26.033, +0.054,+0.930
1704911580,+3.46,+26.017, +0.054,+0.930
1704911640,+3.46,+26.042, +0.053,+0.930
1704911700,+3.46,+26.050, +0.054,+0.930
1704911760,+3.46,+26.067, +0.054,+0.930
1704911820,+3.46,+26.076, +0.054,+0.930
1704911880,+3.46,+26.084, +0.053,+0.930
1704911940,+3.46,+26.067, +0.054,+0.930
1704912000,+3.46,+26.067, +0.054,+0.930
1704912060,+3.46,+26.076, +0.054,+0.930
1704912120,+3.46,+26.059, +0.054,+0.930
1704912180,+3.46,+26.059, +0.054,+0.930
1704912240,+3.46,+26.076, +0.054,+0.930
1704912300,+3.46,+26.084, +0.054,+0.930
1704912360,+3.46,+26.076, +0.054,+0.930
1704912420,+3.46,+26.093, +0.054,+0.930
1704912480,+3.46,+26.076, +0.054,+0.930
1704912540,+3.46,+26.093, +0.054,+0.930
1704912600,+3.46,+26.084, +0.054,+0.930
1704912660,+3.46,+26.093, +0.054,+0.930
1704912720,+3.46,+26.109, +0.054,+0.930
1704912780,+3.46,+26.101, +0.054,+0.930
1704912840,+3.46,+26.118, +0.055,+0.930
1704912900,+3.46,+26.118, +0.054,+0.930
1704912960,+3.46,+26.118, +0.054,+0.930
1704913020,+3.46,+26.152, +0.054,+0.930
1704913080,+3.46,+26.126, +0.054,+0.930
1704913140,+3.46,+26.152, +0.054,+0.930
1704913200,+3.46,+26.143, +0.054,+0.930
1704913260,+3.46,+26.143, +0.054,+0.930
1704913320,+3.46,+26.177, +0.054,+0.930
1704913380,+3.46,+26.169, +0.054,+0.930
1704913440,+3.46,+26.152, +0.054,+0.930
1704913500,+3.46,+26.160, +0.054,+0.930
1704913560,+3.46,+26.160, +0.054,+0.930
1704913620,+3.46,+26.177, +0.054,+0.930
1704913680,+3.46,+26.185, +0.054,+0.930
1704913740,+3.46,+26.194, +0.054,+0.930
1704913800,+3.46,+26.228, +0.054,+0.930
1704913860,+3.46,+26.202, +0.054,+0.930
1704913920,+3.46,+26.219, +0.054,+0.930
1704913980,+3.46,+26.194, +0.054,+0.930
1704914040,+3.46,+26.177, +0.054,+0.930
1704914100,+3.46,+26.169, +0.054,+0.930
1704914160,+3.46,+26.185, +0.053,+0.930
1704914220,+3.46,+26.202, +0.054,+0.930
1704914280,+3.46,+26.211, +0.054,+0.930
1704914340,+3.46,+26.219, +0.054,+0.930
1704914400,+3.46,+26.228, +0.055,+0.930
1704914460,+3.46,+26.219, +0.054,+0.930
1704914520,+3.46,+26.253, +0.054,+0.930
1704914580,+3.46,+26.228, +0.054,+0.930
1704914640,+3.46,+26.228, +0.054,+0.930
1704914700,+3.46,+26.211, +0.054,+0.930
1704914760,+3.46,+26.194, +0.054,+0.930
1704914820,+3.46,+26.219, +0.054,+0.930
1704914880,+3.46,+26.228, +0.054,+0.930
1704914940,+3.46,+26.228, +0.054,+0.930
1704915000,+3.46,+26.253, +0.054,+0.930
1704915060,+3.46,+26.270, +0.054,+0.930
1704915120,+3.46,+26.261, +0.054,+0.930
1704915180,+3.46,+26.245, +0.054,+0.930
1704915240,+3.46,+26.261, +0.054,+0.930
1704915300,+3.46,+26.245, +0.054,+0.930
1704915360,+3.46,+26.253, +0.054,+0.930
1704915420,+3.46,+26.219, +0.054,+0.930
1704915480,+3.46,+26.228, +0.054,+0.930
1704915540,+3.46,+26.228, +0.054,+0.930
1704915600,+3.46,+26.236, +0.054,+0.930
1704915660,+3.46,+26.245, +0.054,+0.930
1704915720,+3.46,+26.253, +0.055,+0.930
1704915780,+3.46,+26.261, +0.054,+0.930
1704915840,+3.46,+26.261, +0.054,+0.930
1704915900,+3.46,+26.245, +0.054,+0.930
1704915960,+3.46,+26.270, +0.054,+0.930
1704916020,+3.46,+26.245, +0.054,+0.930
1704916080,+3.46,+26.261, +0.054,+0.930
1704916140,+3.46,+26.253, +0.055,+0.930
1704916200,+3.46,+26.253, +0.054,+0.930
1704916260,+3.46,+26.245, +0.054,+0.930
1704916320,+3.46,+26.253, +0.054,+0.930
1704916380,+3.46,+26.245, +0.054,+0.930
1704916440,+3.46,+26.261, +0.054,+0.930
1704916500,+3.46,+26.253, +0.055,+0.930
1704916560,+3.46,+26.245, +0.054,+0.930
1704916620,+3.46,+26.253, +0.054,+0.930
1704916680,+3.46,+26.261, +0.054,+0.930
1704916740,+3.46,+26.253, +0.054,+0.930
1704916800,+3.46,+26.261, +0.054,+0.930
1704916860,+3.46,+26.261, +0.054,+0.930
1704916920,+3.46,+26.253, +0.054,+0.930
1704916980,+3.46,+26.245, +0.054,+0.930
1704917040,+3.46,+26.228, +0.054,+0.930
1704917100,+3.46,+26.228, +0.054,+0.930
1704917160,+3.46,+26.219, +0.055,+0.930
1704917220,+3.46,+26.219, +0.054,+0.930
1704917280,+3.46,+26.202, +0.054,+0.930
1704917340,+3.46,+26.202, +0.054,+0.930
1704917400,+3.46,+26.202, +0.054,+0.930
1704917460,+3.46,+26.194, +0.054,+0.930
1704917520,+3.46,+26.219, +0.054,+0.930
1704917580,+3.46,+26.228, +0.054,+0.930
1704917640,+3.46,+26.245, +0.054,+0.930
1704917700,+3.46,+26.245, +0.054,+0.930
1704917760,+3.46,+26.228, +0.055,+0.930
1704917820,+3.46,+26.236, +0.055,+0.930
1704917880,+3.46,+26.219, +0.054,+0.930
1704917940,+3.46,+26.236, +0.054,+0.930
1704918000,+3.46,+26.219, +0.054,+0.930
1704918060,+3.46,+26.253, +0.054,+0.930
1704918120,+3.46,+26.219, +0.054,+0.930
1704918180,+3.46,+26.236, +0.054,+0.930
1704918240,+3.46,+26.236, +0.054,+0.930
1704918300,+3.46,+26.228, +0.055,+0.930
1704918360,+3.46,+26.228, +0.054,+0.930
1704918420,+3.46,+26.219, +0.054,+0.930
1704918480,+3.46,+26.211, +0.054,+0.930
1704918540,+3.46,+26.202, +0.054,+0.930
1704918600,+3.46,+26.194, +0.054,+0.930
1704918660,+3.46,+26.211, +0.054,+0.930
1704918720,+3.46,+26.177, +0.054,+0.930
1704918780,+3.46,+26.185, +0.054,+0.930
1704918840,+3.46,+26.202, +0.054,+0.930
1704918900,+3.46,+26.194, +0.054,+0.930
1704918960,+3.46,+26.202, +0.055,+0.930
1704919020,+3.46,+26.202, +0.054,+0.930
1704919080,+3.46,+26.194, +0.055,+0.930
1704919140,+3.46,+26.185, +0.054,+0.930
1704919200,+3.46,+26.211, +0.055,+0.930
1704919260,+3.46,+26.194, +0.054,+0.930
1704919320,+3.46,+26.194, +0.054,+0.930
1704919380,+3.46,+26.202, +0.055,+0.930
1704919440,+3.46,+26.194, +0.054,+0.930
1704919500,+3.46,+26.194, +0.055,+0.930
1704919560,+3.46,+26.194, +0.054,+0.930
1704919620,+3.46,+26.185, +0.055,+0.930
1704919680,+3.46,+26.177, +0.054,+0.930
1704919740,+3.46,+26.143, +0.054,+0.930
1704919800,+3.46,+26.143, +0.055,+0.930
1704919860,+3.46,+26.152, +0.054,+0.930
1704919920,+3.46,+26.152, +0.054,+0.930
1704919980,+3.46,+26.126, +0.055,+0.931
1704920040,+3.46,+26.126, +0.054,+0.930
1704920100,+3.46,+26.126, +0.054,+0.930
1704920160,+3.46,+26.135, +0.054,+0.930
1704920220,+3.46,+26.126, +0.054,+0.930
1704920280,+3.46,+26.126, +0.054,+0.930
1704920340,+3.46,+26.118, +0.061,+0.931
1704920400,+3.46,+26.101, +0.056,+0.930
1704920460,+3.46,+26.101, +0.057,+0.930
1704920520,+3.46,+26.101, +0.057,+0.931
1704920580,+3.46,+26.093, +0.056,+0.930
1704920640,+3.46,+26.101, +0.055,+0.930
1704920700,+3.46,+26.101, +0.055,+0.930
1704920760,+3.46,+26.093, +0.056,+0.930
1704920820,+3.46,+26.101, +0.055,+0.930
1704920880,+3.46,+26.076, +0.055,+0.930
1704920940,+3.46,+26.101, +0.055,+0.930
1704921000,+3.46,+26.067, +0.054,+0.930
1704921060,+3.46,+26.084, +0.054,+0.930
1704921120,+3.46,+26.067, +0.055,+0.930
1704921180,+3.46,+26.076, +0.054,+0.930
1704921240,+3.46,+26.067, +0.054,+0.930
1704921300,+3.46,+26.059, +0.054,+0.930
1704921360,+3.46,+26.050, +0.054,+0.930
1704921420,+3.46,+26.059, +0.054,+0.930
1704921480,+3.46,+26.050, +0.054,+0.930
1704921540,+3.46,+26.050, +0.056,+0.931
1704921600,+3.46,+26.042, +0.055,+0.930
1704921660,+3.46,+26.059, +0.054,+0.930
1704921720,+3.46,+26.042, +0.055,+0.930
1704921780,+3.46,+26.025, +0.055,+0.930
1704921840,+3.46,+26.025, +0.055,+0.930
1704921900,+3.46,+26.025, +0.055,+0.930
1704921960,+3.46,+26.017, +0.055,+0.930
1704922020,+3.46,+26.025, +0.055,+0.931
1704922080,+3.46,+26.025, +0.055,+0.930
1704922140,+3.46,+26.008, +0.054,+0.930
1704922200,+3.46,+26.008, +0.054,+0.930
1704922260,+3.46,+26.000, +0.055,+0.930
1704922320,+3.46,+26.000, +0.055,+0.930
1704922380,+3.46,+26.000, +0.055,+0.931
1704922440,+3.46,+26.017, +0.057,+0.931
1704922500,+3.46,+25.991, +0.056,+0.931
1704922560,+3.46,+26.008, +0.055,+0.930
1704922620,+3.46,+26.000, +0.054,+0.930
1704922680,+3.46,+26.000, +0.055,+0.930
1704922740,+3.46,+25.991, +0.054,+0.930
1704922800,+3.46,+25.983, +0.055,+0.931
1704922860,+3.46,+25.974, +0.054,+0.930
1704922920,+3.46,+25.991, +0.054,+0.930
1704922980,+3.46,+25.983, +0.054,+0.930
1704923040,+3.46,+25.983, +0.054,+0.930
1704923100,+3.46,+25.974, +0.055,+0.930
1704923160,+3.46,+25.974, +0.055,+0.930
1704923220,+3.46,+25.966, +0.055,+0.930
1704923280,+3.46,+25.949, +0.054,+0.930
1704923340,+3.46,+25.958, +0.054,+0.930
1704923400,+3.46,+25.941, +0.055,+0.931
1704923460,+3.46,+25.958, +0.054,+0.930
1704923520,+3.46,+25.958, +0.054,+0.930
1704923580,+3.46,+25.949, +0.055,+0.930
1704923640,+3.46,+25.949, +0.054,+0.930
1704923700,+3.46,+25.932, +0.054,+0.930
1704923760,+3.46,+25.932, +0.054,+0.930
1704923820,+3.46,+25.932, +0.054,+0.930
1704923880,+3.46,+25.915, +0.055,+0.930
1704923940,+3.46,+25.932, +0.054,+0.930
1704924000,+3.46,+25.907, +0.054,+0.930
1704924060,+3.46,+25.907, +0.054,+0.930
1704924120,+3.46,+25.907, +0.055,+0.931
1704924180,+3.46,+25.898, +0.054,+0.930
1704924240,+3.46,+25.915, +0.057,+0.930
1704924300,+3.46,+25.890, +0.054,+0.930
1704924360,+3.46,+25.882, +0.054,+0.930
1704924420,+3.46,+25.882, +0.055,+0.931
1704924480,+3.46,+25.898, +0.054,+0.931
1704924540,+3.46,+25.890, +0.054,+0.930
1704924600,+3.46,+25.898, +0.055,+0.930
1704924660,+3.46,+25.898, +0.054,+0.930
1704924720,+3.46,+25.873, +0.054,+0.930
1704924780,+3.46,+25.882, +0.054,+0.931
1704924840,+3.46,+25.873, +0.055,+0.931
1704924900,+3.46,+25.873, +0.054,+0.930
1704924960,+3.46,+25.873, +0.054,+0.931
1704925020,+3.46,+25.873, +0.054,+0.930
1704925080,+3.46,+25.865, +0.054,+0.930
1704925140,+3.46,+25.873, +0.055,+0.931
1704925200,+3.46,+25.848, +0.054,+0.930
1704925260,+3.46,+25.865, +0.055,+0.930
1704925320,+3.46,+25.848, +0.054,+0.930
1704925380,+3.46,+25.848, +0.054,+0.931
1704925440,+3.46,+25.823, +0.055,+0.931
1704925500,+3.46,+25.848, +0.054,+0.931
1704925560,+3.46,+25.831, +0.055,+0.931
1704925620,+3.46,+25.839, +0.054,+0.930
1704925680,+3.46,+25.856, +0.055,+0.931
1704925740,+3.46,+25.814, +0.054,+0.930
1704925800,+3.46,+25.831, +0.054,+0.931
1704925860,+3.46,+25.823, +0.054,+0.930
1704925920,+3.46,+25.831, +0.055,+0.931
1704925980,+3.46,+25.814, +0.054,+0.931
1704926040,+3.46,+25.823, +0.055,+0.930
1704926100,+3.46,+25.814, +0.054,+0.930
1704926160,+3.46,+25.814, +0.054,+0.930
1704926220,+3.46,+25.797, +0.055,+0.931
1704926280,+3.46,+25.789, +0.055,+0.931
1704926340,+3.46,+25.797, +0.055,+0.931
1704926400,+3.46,+25.806, +0.054,+0.930
1704926460,+3.46,+25.823, +0.055,+0.931
1704926520,+3.46,+25.797, +0.054,+0.930
1704926580,+3.46,+25.789, +0.054,+0.930
1704926640,+3.46,+25.797, +0.054,+0.931
1704926700,+3.46,+25.789, +0.054,+0.930
1704926760,+3.46,+25.780, +0.054,+0.930
1704926820,+3.46,+25.789, +0.054,+0.931
1704926880,+3.46,+25.780, +0.054,+0.931
1704926940,+3.46,+25.772, +0.055,+0.930
1704927000,+3.46,+25.764, +0.055,+0.931
1704927060,+3.46,+25.780, +0.054,+0.930
1704927120,+3.46,+25.780, +0.054,+0.930
1704927180,+3.46,+25.772, +0.054,+0.930
1704927240,+3.46,+25.764, +0.054,+0.930
1704927300,+3.46,+25.755, +0.055,+0.931
1704927360,+3.46,+25.747, +0.055,+0.931
1704927420,+3.46,+25.772, +0.054,+0.931
1704927480,+3.46,+25.772, +0.054,+0.930
1704927540,+3.46,+25.738, +0.054,+0.930
1704927600,+3.46,+25.747, +0.054,+0.931
1704927660,+3.46,+25.764, +0.054,+0.931
1704927720,+3.46,+25.738, +0.054,+0.931
1704927780,+3.46,+25.747, +0.055,+0.930
1704927840,+3.46,+25.747, +0.054,+0.931
1704927900,+3.46,+25.738, +0.055,+0.931
1704927960,+3.46,+25.747, +0.054,+0.931
1704928020,+3.46,+25.747, +0.054,+0.930
1704928080,+3.46,+25.738, +0.054,+0.930
1704928140,+3.46,+25.730, +0.055,+0.931
1704928200,+3.46,+25.755, +0.054,+0.930
1704928260,+3.46,+25.713, +0.054,+0.930
1704928320,+3.46,+25.730, +0.055,+0.931
1704928380,+3.46,+25.721, +0.054,+0.930
1704928440,+3.46,+25.721, +0.054,+0.931
1704928500,+3.46,+25.705, +0.054,+0.930
1704928560,+3.46,+25.721, +0.055,+0.931
1704928620,+3.46,+25.705, +0.054,+0.930
1704928680,+3.46,+25.705, +0.054,+0.930
1704928740,+3.46,+25.696, +0.054,+0.931
1704928800,+3.46,+25.705, +0.055,+0.931
1704928860,+3.46,+25.696, +0.054,+0.931
1704928920,+3.46,+25.696, +0.054,+0.931
1704928980,+3.46,+25.688, +0.054,+0.931
1704929040,+3.46,+25.688, +0.055,+0.931
1704929100,+3.46,+25.679, +0.054,+0.931
1704929160,+3.46,+25.671, +0.054,+0.931
1704929220,+3.46,+25.679, +0.055,+0.931
1704929280,+3.46,+25.679, +0.054,+0.930
1704929340,+3.46,+25.688, +0.054,+0.931
1704929400,+3.46,+25.662, +0.054,+0.931
1704929460,+3.46,+25.671, +0.054,+0.931
1704929520,+3.46,+25.671, +0.055,+0.931
1704929580,+3.46,+25.662, +0.054,+0.931
1704929640,+3.46,+25.646, +0.054,+0.931
1704929700,+3.46,+25.654, +0.054,+0.931
1704929760,+3.46,+25.654, +0.055,+0.931
1704929820,+3.46,+25.654, +0.054,+0.930
1704929880,+3.46,+25.654, +0.054,+0.931
1704929940,+3.46,+25.637, +0.054,+0.931
1704930000,+3.46,+25.646, +0.054,+0.931
1704930060,+3.46,+25.654, +0.055,+0.931
1704930120,+3.46,+25.637, +0.054,+0.931
1704930180,+3.46,+25.637, +0.054,+0.931
1704930240,+3.47,+25.629, +0.054,+0.931
1704930300,+3.46,+25.629, +0.054,+0.931
1704930360,+3.46,+25.620, +0.053,+0.930
1704930420,+3.46,+25.629, +0.054,+0.931
1704930480,+3.46,+25.629, +0.054,+0.930
1704930540,+3.46,+25.603, +0.054,+0.930
1704930600,+3.46,+25.620, +0.054,+0.931
1704930660,+3.46,+25.612, +0.054,+0.930
1704930720,+3.46,+25.612, +0.054,+0.930
1704930780,+3.46,+25.603, +0.054,+0.931
1704930840,+3.46,+25.595, +0.054,+0.931
1704930900,+3.46,+25.603, +0.054,+0.931
1704930960,+3.46,+25.595, +0.054,+0.930
1704931020,+3.46,+25.603, +0.054,+0.931
1704931080,+3.46,+25.595, +0.054,+0.930
1704931140,+3.46,+25.603, +0.054,+0.930
1704931200,+3.47,+25.603, +0.054,+0.931
1704931260,+3.46,+25.612, +0.077,+0.931
1704931320,+3.46,+25.595, +0.055,+0.931
1704931380,+3.46,+25.595, +0.054,+0.931
1704931440,+3.46,+25.587, +0.054,+0.931
1704931500,+3.47,+25.587, +0.053,+0.930
1704931560,+3.46,+25.595, +0.054,+0.931
1704931620,+3.47,+25.595, +0.054,+0.931
1704931680,+3.46,+25.595, +0.054,+0.931
1704931740,+3.46,+25.595, +0.054,+0.930
1704931800,+3.46,+25.595, +0.055,+0.931
1704931860,+3.46,+25.578, +0.054,+0.931
1704931920,+3.47,+25.587, +0.054,+0.931
1704931980,+3.47,+25.570, +0.054,+0.930
1704932040,+3.47,+25.578, +0.054,+0.931
1704932100,+3.47,+25.587, +0.054,+0.931
1704932160,+3.47,+25.587, +0.054,+0.930
1704932220,+3.46,+25.561, +0.054,+0.931
1704932280,+3.47,+25.570, +0.054,+0.930
1704932340,+3.47,+25.570, +0.054,+0.930
1704932400,+3.46,+25.553, +0.054,+0.931
1704932460,+3.47,+25.570, +0.054,+0.931
1704932520,+3.47,+25.570, +0.054,+0.931
1704932580,+3.46,+25.578, +0.054,+0.931
1704932640,+3.47,+25.553, +0.054,+0.931
1704932700,+3.47,+25.561, +0.054,+0.931
1704932760,+3.47,+25.570, +0.054,+0.931
1704932820,+3.47,+25.561, +0.054,+0.930
1704932880,+3.46,+25.553, +0.054,+0.931
1704932940,+3.47,+25.553, +0.135,+0.933
1704933000,+3.47,+25.544, +0.083,+0.932
1704933060,+3.47,+25.561, +0.054,+0.930
1704933120,+3.47,+25.536, +0.054,+0.930
1704933180,+3.47,+25.544, +0.054,+0.931
1704933240,+3.46,+25.544, +0.054,+0.931
1704933300,+3.47,+25.544, +0.053,+0.930
1704933360,+3.46,+25.536, +0.054,+0.931
1704933420,+3.46,+25.553, +0.054,+0.931
1704933480,+3.46,+25.544, +0.054,+0.930
1704933540,+3.46,+25.536, +0.054,+0.930
1704933600,+3.47,+25.528, +0.054,+0.930
1704933660,+3.47,+25.519, +0.054,+0.931
1704933720,+3.46,+25.544, +0.054,+0.930
1704933780,+3.46,+25.528, +0.054,+0.930
1704933840,+3.47,+25.544, +0.055,+0.931
1704933900,+3.47,+25.544, +0.054,+0.931
1704933960,+3.47,+25.511, +0.054,+0.931
1704934020,+3.47,+25.528, +0.054,+0.930
1704934080,+3.47,+25.519, +0.054,+0.931
1704934140,+3.46,+25.519, +0.054,+0.931
1704934200,+3.47,+25.528, +0.054,+0.930
1704934260,+3.47,+25.511, +0.054,+0.930
1704934320,+3.46,+25.485, +0.054,+0.930
1704934380,+3.47,+25.511, +0.054,+0.931
1704934440,+3.47,+25.502, +0.054,+0.931
1704934500,+3.47,+25.511, +0.054,+0.931
1704934560,+3.47,+25.511, +0.055,+0.931
1704934620,+3.47,+25.511, +0.054,+0.930
1704934680,+3.47,+25.519, +0.054,+0.930
1704934740,+3.46,+25.502, +0.055,+0.931
1704934800,+3.46,+25.502, +0.054,+0.930
1704934860,+3.47,+25.494, +0.054,+0.930
1704934920,+3.47,+25.485, +0.054,+0.931
1704934980,+3.46,+25.494, +0.054,+0.930
1704935040,+3.47,+25.485, +0.054,+0.931
1704935100,+3.46,+25.477, +0.054,+0.931
1704935160,+3.46,+25.494, +0.054,+0.930
1704935220,+3.47,+25.494, +0.054,+0.930
1704935280,+3.47,+25.485, +0.054,+0.931
1704935340,+3.46,+25.485, +0.054,+0.931
1704935400,+3.47,+25.477, +0.054,+0.930
1704935460,+3.47,+25.485, +0.054,+0.930
1704935520,+3.47,+25.477, +0.054,+0.931
1704935580,+3.47,+25.477, +0.054,+0.931
1704935640,+3.46,+25.469, +0.054,+0.930
1704935700,+3.46,+25.477, +0.054,+0.930
1704935760,+3.46,+25.460, +0.054,+0.931
1704935820,+3.46,+25.460, +0.054,+0.931
1704935880,+3.46,+25.469, +0.054,+0.930
1704935940,+3.47,+25.469, +0.054,+0.931
1704936000,+3.47,+25.469, +0.054,+0.930
1704936060,+3.47,+25.469, +0.054,+0.930
1704936120,+3.47,+25.460, +0.054,+0.930
1704936180,+3.47,+25.452, +0.055,+0.931
1704936240,+3.47,+25.469, +0.055,+0.930
1704936300,+3.46,+25.443, +0.059,+0.931
1704936360,+3.46,+25.452, +0.055,+0.931
1704936420,+3.46,+25.435, +0.054,+0.931
1704936480,+3.46,+25.460, +0.058,+0.931
1704936540,+3.46,+25.443, +0.096,+0.932
1704936600,+3.46,+25.469, +0.059,+0.931
1704936660,+3.46,+25.452, +0.054,+0.931
1704936720,+3.46,+25.452, +0.054,+0.930
1704936780,+3.47,+25.452, +0.054,+0.931
1704936840,+3.46,+25.427, +0.054,+0.931
1704936900,+3.46,+25.443, +0.053,+0.930
1704936960,+3.46,+25.452, +0.054,+0.930
1704937020,+3.46,+25.452, +0.054,+0.930
1704937080,+3.46,+25.435, +0.054,+0.930
1704937140,+3.46,+25.435, +0.055,+0.931
1704937200,+3.46,+25.435, +0.054,+0.931
1704937260,+3.46,+25.435, +0.054,+0.931
1704937320,+3.46,+25.427, +0.054,+0.931
1704937380,+3.46,+25.435, +0.053,+0.931
1704937440,+3.46,+25.427, +0.054,+0.930
1704937500,+3.46,+25.418, +0.054,+0.931
1704937560,+3.46,+25.427, +0.054,+0.930
1704937620,+3.46,+25.418, +0.053,+0.931
1704937680,+3.46,+25.410, +0.054,+0.931
1704937740,+3.46,+25.410, +0.054,+0.931
1704937800,+3.46,+25.427, +0.054,+0.930
1704937860,+3.46,+25.401, +0.054,+0.931
1704937920,+3.46,+25.410, +0.054,+0.931
1704937980,+3.46,+25.427, +0.054,+0.930
1704938040,+3.46,+25.410, +0.054,+0.931
1704938100,+3.46,+25.393, +0.054,+0.931
1704938160,+3.46,+25.393, +0.054,+0.931
1704938220,+3.46,+25.393, +0.054,+0.931
1704938280,+3.46,+25.410, +0.054,+0.931
1704938340,+3.46,+25.393, +0.054,+0.931
1704938400,+3.46,+25.401, +0.054,+0.931
1704938460,+3.46,+25.368, +0.054,+0.930
1704938520,+3.46,+25.384, +0.054,+0.931
1704938580,+3.46,+25.384, +0.054,+0.931
1704938640,+3.46,+25.393, +0.054,+0.931
1704938700,+3.46,+25.393, +0.054,+0.931
1704938760,+3.46,+25.384, +0.054,+0.930
1704938820,+3.46,+25.384, +0.055,+0.931
1704938880,+3.46,+25.384, +0.054,+0.930
1704938940,+3.46,+25.384, +0.054,+0.931
1704939000,+3.46,+25.384, +0.055,+0.931
1704939060,+3.46,+25.384, +0.053,+0.930
1704939120,+3.46,+25.393, +0.054,+0.931
1704939180,+3.46,+25.368, +0.054,+0.931
1704939240,+3.46,+25.368, +0.054,+0.931
1704939300,+3.46,+25.368, +0.055,+0.931
1704939360,+3.46,+25.384, +0.055,+0.931
1704939420,+3.46,+25.368, +0.055,+0.930
1704939480,+3.46,+25.368, +0.054,+0.930
1704939540,+3.46,+25.359, +0.054,+0.930
1704939600,+3.46,+25.368, +0.054,+0.931
1704939660,+3.46,+25.359, +0.054,+0.931
1704939720,+3.46,+25.376, +0.054,+0.930
1704939780,+3.46,+25.368, +0.054,+0.931
1704939840,+3.46,+25.368, +0.054,+0.931
1704939900,+3.46,+25.359, +0.054,+0.930
1704939960,+3.46,+25.368, +0.054,+0.931
1704940020,+3.46,+25.351, +0.054,+0.931
1704940080,+3.46,+25.368, +0.054,+0.930
1704940140,+3.46,+25.359, +0.054,+0.931
1704940200,+3.46,+25.359, +0.056,+0.931
1704940260,+3.46,+25.342, +0.055,+0.931
1704940320,+3.46,+25.368, +0.055,+0.931
1704940380,+3.46,+25.359, +0.055,+0.931
1704940440,+3.46,+25.368, +0.054,+0.931
1704940500,+3.46,+25.342, +0.054,+0.931
1704940560,+3.46,+25.359, +0.054,+0.931
1704940620,+3.46,+25.359, +0.054,+0.930
1704940680,+3.46,+25.334, +0.054,+0.930
1704940740,+3.46,+25.342, +0.055,+0.931
1704940800,+3.46,+25.342, +0.054,+0.931
1704940860,+3.46,+25.351, +0.054,+0.930
1704940920,+3.46,+25.342, +0.054,+0.930
1704940980,+3.46,+25.334, +0.069,+0.931
1704941040,+3.46,+25.342, +0.055,+0.931
1704941100,+3.46,+25.334, +0.054,+0.931
1704941160,+3.46,+25.351, +0.054,+0.930
1704941220,+3.46,+25.351, +0.054,+0.931
1704941280,+3.46,+25.326, +0.054,+0.931
1704941340,+3.46,+25.342, +0.054,+0.931
1704941400,+3.46,+25.334, +0.055,+0.931
1704941460,+3.46,+25.326, +0.054,+0.930
1704941520,+3.46,+25.334, +0.054,+0.931
1704941580,+3.46,+25.334, +0.054,+0.931
1704941640,+3.46,+25.334, +0.054,+0.930
1704941700,+3.46,+25.326, +0.054,+0.931
1704941760,+3.46,+25.317, +0.054,+0.931
1704941820,+3.46,+25.334, +0.054,+0.931
1704941880,+3.46,+25.317, +0.054,+0.931
1704941940,+3.46,+25.317, +0.054,+0.931
1704942000,+3.46,+25.309, +0.054,+0.931
1704942060,+3.46,+25.326, +0.055,+0.931
1704942120,+3.46,+25.334, +0.054,+0.931
1704942180,+3.46,+25.309, +0.054,+0.930
1704942240,+3.46,+25.309, +0.054,+0.931
1704942300,+3.46,+25.309, +0.054,+0.931
1704942360,+3.46,+25.309, +0.054,+0.930
1704942420,+3.46,+25.309, +0.054,+0.931
1704942480,+3.46,+25.309, +0.054,+0.931
1704942540,+3.46,+25.317, +0.054,+0.931
1704942600,+3.46,+25.300, +0.054,+0.931
1704942660,+3.46,+25.309, +0.054,+0.931
1704942720,+3.46,+25.300, +0.054,+0.931
1704942780,+3.46,+25.317, +0.054,+0.931
1704942840,+3.46,+25.309, +0.054,+0.931
1704942900,+3.46,+25.292, +0.054,+0.931
1704942960,+3.46,+25.300, +0.054,+0.931
1704943020,+3.46,+25.292, +0.054,+0.931
1704943080,+3.46,+25.309, +0.054,+0.931
1704943140,+3.46,+25.292, +0.054,+0.930
1704943200,+3.46,+25.309, +0.054,+0.931
1704943260,+3.46,+25.283, +0.054,+0.931
1704943320,+3.46,+25.283, +0.054,+0.930
1704943380,+3.46,+25.300, +0.053,+0.931
1704943440,+3.46,+25.292, +0.054,+0.931
1704943500,+3.46,+25.283, +0.054,+0.930
1704943560,+3.46,+25.267, +0.053,+0.930
1704943620,+3.46,+25.267, +0.053,+0.930
1704943680,+3.46,+25.275, +0.054,+0.931
1704943740,+3.46,+25.267, +0.054,+0.931
1704943800,+3.46,+25.275, +0.054,+0.931
1704943860,+3.46,+25.258, +0.053,+0.931
1704943920,+3.46,+25.267, +0.054,+0.931
1704943980,+3.46,+25.250, +0.054,+0.931
1704944040,+3.46,+25.250, +0.054,+0.931
1704944100,+3.46,+25.250, +0.054,+0.931
1704944160,+3.46,+25.250, +0.053,+0.930
1704944220,+3.46,+25.241, +0.054,+0.931
1704944280,+3.46,+25.241, +0.054,+0.931
1704944340,+3.46,+25.258, +0.054,+0.931
1704944400,+3.46,+25.258, +0.054,+0.930
1704944460,+3.46,+25.250, +0.054,+0.930
1704944520,+3.46,+25.267, +0.054,+0.931
1704944580,+3.46,+25.250, +0.054,+0.931
1704944640,+3.46,+25.241, +0.054,+0.931
1704944700,+3.46,+25.250, +0.054,+0.931
1704944760,+3.46,+25.250, +0.054,+0.931
1704944820,+3.46,+25.258, +0.054,+0.930
1704944880,+3.46,+25.250, +0.054,+0.931
1704944940,+3.46,+25.250, +0.054,+0.930
1704945000,+3.46,+25.233, +0.054,+0.931
1704945060,+3.46,+25.241, +0.054,+0.931
1704945120,+3.46,+25.241, +0.054,+0.930
1704945180,+3.46,+25.233, +0.054,+0.931
1704945240,+3.46,+25.250, +0.053,+0.931
1704945300,+3.46,+25.241, +0.054,+0.931
1704945360,+3.46,+25.233, +0.054,+0.931
1704945420,+3.46,+25.241, +0.054,+0.931
1704945480,+3.46,+25.241, +0.054,+0.930
1704945540,+3.46,+25.241, +0.054,+0.930
1704945600,+3.46,+25.233, +0.054,+0.931
1704945660,+3.46,+25.233, +0.054,+0.931
1704945720,+3.46,+25.233, +0.053,+0.930
1704945780,+3.46,+25.208, +0.053,+0.931
1704945840,+3.46,+25.225, +0.054,+0.931
1704945900,+3.46,+25.216, +0.054,+0.931
1704945960,+3.46,+25.225, +0.053,+0.930
1704946020,+3.46,+25.233, +0.054,+0.931
1704946080,+3.46,+25.216, +0.054,+0.931
1704946140,+3.46,+25.225, +0.054,+0.931
1704946200,+3.46,+25.216, +0.054,+0.930
1704946260,+3.46,+25.241, +0.053,+0.930
1704946320,+3.46,+25.225, +0.054,+0.931
1704946380,+3.46,+25.225, +0.054,+0.931
1704946440,+3.46,+25.233, +0.054,+0.930
1704946500,+3.46,+25.208, +0.054,+0.931
1704946560,+3.46,+25.199, +0.054,+0.931
1704946620,+3.46,+25.216, +0.053,+0.930
1704946680,+3.46,+25.208, +0.053,+0.930
1704946740,+3.46,+25.208, +0.053,+0.931
1704946800,+3.46,+25.208, +0.053,+0.930
1704946860,+3.46,+25.199, +0.053,+0.930
1704946920,+3.46,+25.199, +0.054,+0.931
1704946980,+3.46,+25.199, +0.054,+0.931
1704947040,+3.46,+25.191, +0.054,+0.930
1704947100,+3.46,+25.208, +0.053,+0.930
1704947160,+3.46,+25.216, +0.053,+0.931
1704947220,+3.46,+25.208, +0.054,+0.930
1704947280,+3.46,+25.199, +0.055,+0.930
1704947340,+3.46,+25.191, +0.053,+0.930
1704947400,+3.46,+25.216, +0.054,+0.931
1704947460,+3.46,+25.199, +0.054,+0.931
1704947520,+3.46,+25.208, +0.053,+0.930
1704947580,+3.46,+25.208, +0.054,+0.931
1704947640,+3.46,+25.208, +0.054,+0.930
1704947700,+3.46,+25.182, +0.054,+0.931
1704947760,+3.46,+25.225, +0.053,+0.930
1704947820,+3.46,+25.191, +0.054,+0.931
1704947880,+3.46,+25.208, +0.054,+0.931
1704947940,+3.46,+25.199, +0.053,+0.930
1704948000,+3.46,+25.182, +0.054,+0.931
1704948060,+3.46,+25.199, +0.054,+0.930
1704948120,+3.46,+25.216, +0.054,+0.930
1704948180,+3.46,+25.199, +0.054,+0.931
1704948240,+3.46,+25.199, +0.054,+0.931
1704948300,+3.46,+25.182, +0.054,+0.930
1704948360,+3.46,+25.216, +0.054,+0.931
1704948420,+3.46,+25.199, +0.054,+0.931
1704948480,+3.46,+25.216, +0.054,+0.930
1704948540,+3.46,+25.199, +0.054,+0.931
1704948600,+3.46,+25.182, +0.054,+0.930
1704948660,+3.46,+25.199, +0.053,+0.930
1704948720,+3.46,+25.199, +0.054,+0.930
1704948780,+3.46,+25.199, +0.054,+0.931
1704948840,+3.46,+25.174, +0.054,+0.931
1704948900,+3.46,+25.174, +0.054,+0.931
1704948960,+3.46,+25.208, +0.054,+0.930
1704949020,+3.46,+25.182, +0.054,+0.931
1704949080,+3.46,+25.191, +0.054,+0.931
1704949140,+3.46,+25.182, +0.054,+0.931
1704949200,+3.46,+25.182, +0.054,+0.931
1704949260,+3.46,+25.174, +0.054,+0.930
1704949320,+3.46,+25.174, +0.053,+0.930
1704949380,+3.46,+25.174, +0.054,+0.930
1704949440,+3.46,+25.166, +0.054,+0.931
1704949500,+3.46,+25.157, +0.053,+0.930
1704949560,+3.46,+25.174, +0.054,+0.930
1704949620,+3.46,+25.166, +0.054,+0.931
1704949680,+3.46,+25.166, +0.054,+0.930
1704949740,+3.46,+25.174, +0.053,+0.930
1704949800,+3.46,+25.166, +0.054,+0.931
1704949860,+3.46,+25.157, +0.054,+0.930
1704949920,+3.46,+25.166, +0.054,+0.930
1704949980,+3.46,+25.157, +0.054,+0.930
1704950040,+3.46,+25.157, +0.053,+0.930
1704950100,+3.46,+25.140, +0.054,+0.931
1704950160,+3.46,+25.149, +0.054,+0.931
1704950220,+3.46,+25.140, +0.054,+0.931
1704950280,+3.46,+25.149, +0.054,+0.930
1704950340,+3.46,+25.132, +0.054,+0.931
1704950400,+3.46,+25.140, +0.054,+0.931
1704950460,+3.46,+25.149, +0.054,+0.930
1704950520,+3.46,+25.157, +0.054,+0.930
1704950580,+3.46,+25.124, +0.053,+0.931
1704950640,+3.46,+25.166, +0.053,+0.931
1704950700,+3.46,+25.132, +0.053,+0.931
1704950760,+3.46,+25.132, +0.054,+0.931
1704950820,+3.46,+25.132, +0.054,+0.930
1704950880,+3.46,+25.124, +0.053,+0.930
1704950940,+3.46,+25.140, +0.053,+0.930
1704951000,+3.46,+25.115, +0.053,+0.930
1704951060,+3.46,+25.124, +0.054,+0.931
1704951120,+3.46,+25.115, +0.054,+0.931
1704951180,+3.46,+25.132, +0.053,+0.930
1704951240,+3.46,+25.132, +0.054,+0.931
1704951300,+3.46,+25.124, +0.054,+0.930
1704951360,+3.46,+25.107, +0.054,+0.931
1704951420,+3.46,+25.124, +0.054,+0.930
1704951480,+3.46,+25.098, +0.054,+0.930
1704951540,+3.46,+25.124, +0.054,+0.931
1704951600,+3.46,+25.115, +0.054,+0.930
1704951660,+3.46,+25.115, +0.053,+0.930
1704951720,+3.46,+25.115, +0.054,+0.931
1704951780,+3.46,+25.115, +0.053,+0.930
1704951840,+3.46,+25.098, +0.054,+0.931
1704951900,+3.46,+25.107, +0.054,+0.931
1704951960,+3.46,+25.115, +0.054,+0.931
1704952020,+3.46,+25.124, +0.054,+0.931
1704952080,+3.46,+25.098, +0.054,+0.931
1704952140,+3.46,+25.115, +0.053,+0.931
1704952200,+3.46,+25.115, +0.054,+0.930
1704952260,+3.46,+25.098, +0.054,+0.931
1704952320,+3.46,+25.098, +0.053,+0.930
1704952380,+3.46,+25.090, +0.054,+0.931
1704952440,+3.46,+25.115, +0.053,+0.930
1704952500,+3.46,+25.090, +0.054,+0.930
1704952560,+3.46,+25.107, +0.054,+0.931
1704952620,+3.46,+25.098, +0.053,+0.931
1704952680,+3.46,+25.098, +0.054,+0.930
1704952740,+3.46,+25.073, +0.054,+0.930
1704952800,+3.46,+25.098, +0.054,+0.931
1704952860,+3.46,+25.090, +0.054,+0.931
1704952920,+3.46,+25.090, +0.054,+0.931
1704952980,+3.46,+25.090, +0.053,+0.930
1704953040,+3.46,+25.098, +0.054,+0.930
1704953100,+3.46,+25.073, +0.053,+0.930
1704953160,+3.46,+25.073, +0.064,+0.931
1704953220,+3.46,+25.073, +0.054,+0.931
1704953280,+3.46,+25.073, +0.053,+0.930
1704953340,+3.46,+25.082, +0.053,+0.930
1704953400,+3.46,+25.048, +0.053,+0.930
1704953460,+3.46,+25.065, +0.060,+0.931
1704953520,+3.46,+25.065, +0.054,+0.931
1704953580,+3.46,+25.065, +0.053,+0.930
1704953640,+3.46,+25.065, +0.054,+0.931
1704953700,+3.46,+25.065, +0.054,+0.931
1704953760,+3.46,+25.073, +0.054,+0.931
1704953820,+3.46,+25.048, +0.054,+0.931
1704953880,+3.46,+25.073, +0.053,+0.930
1704953940,+3.46,+25.065, +0.054,+0.931
1704954000,+3.46,+25.073, +0.054,+0.931
1704954060,+3.46,+25.056, +0.054,+0.930
1704954120,+3.46,+25.039, +0.056,+0.931
1704954180,+3.46,+25.039, +0.054,+0.931
1704954240,+3.46,+25.048, +0.054,+0.931
1704954300,+3.46,+25.039, +0.053,+0.930
1704954360,+3.46,+25.039, +0.054,+0.931
1704954420,+3.46,+25.039, +0.054,+0.931
1704954480,+3.46,+25.031, +0.054,+0.931
1704954540,+3.46,+25.039, +0.053,+0.931
1704954600,+3.46,+25.048, +0.054,+0.931
1704954660,+3.46,+25.031, +0.054,+0.931
1704954720,+3.46,+25.039, +0.054,+0.931
1704954780,+3.46,+25.039, +0.054,+0.930
1704954840,+3.46,+25.048, +0.054,+0.931
1704954900,+3.46,+25.039, +0.053,+0.930
1704954960,+3.46,+25.031, +0.054,+0.930
1704955020,+3.46,+25.039, +0.054,+0.931
1704955080,+3.46,+25.031, +0.053,+0.930
1704955140,+3.46,+25.023, +0.054,+0.931
1704955200,+3.46,+25.023, +0.053,+0.931
1704955260,+3.46,+25.039, +0.054,+0.931
1704955320,+3.46,+25.039, +0.054,+0.931
1704955380,+3.46,+25.048, +0.054,+0.931
1704955440,+3.46,+25.031, +0.054,+0.931
1704955500,+3.46,+25.031, +0.054,+0.931
1704955560,+3.46,+25.031, +0.054,+0.931
1704955620,+3.46,+25.031, +0.054,+0.931
1704955680,+3.46,+25.031, +0.054,+0.930
1704955740,+3.46,+25.031, +0.054,+0.931
1704955800,+3.46,+25.031, +0.054,+0.931
1704955860,+3.46,+25.023, +0.053,+0.930
1704955920,+3.46,+25.031, +0.053,+0.931
1704955980,+3.46,+25.023, +0.053,+0.930
1704956040,+3.46,+25.023, +0.054,+0.931
1704956100,+3.46,+25.039, +0.054,+0.931
1704956160,+3.46,+25.039, +0.053,+0.931
1704956220,+3.46,+25.031, +0.053,+0.931
1704956280,+3.46,+25.014, +0.054,+0.930
1704956340,+3.46,+25.014, +0.054,+0.931
1704956400,+3.46,+25.031, +0.053,+0.930
1704956460,+3.46,+25.006, +0.054,+0.930
1704956520,+3.46,+25.006, +0.054,+0.930
1704956580,+3.46,+24.989, +0.055,+0.931
1704956640,+3.46,+24.997, +0.054,+0.931
1704956700,+3.46,+24.997, +0.054,+0.930
1704956760,+3.46,+25.006, +0.053,+0.931
1704956820,+3.46,+24.997, +0.054,+0.931
1704956880,+3.46,+25.006, +0.054,+0.930
1704956940,+3.46,+25.014, +0.053,+0.930
1704957000,+3.46,+25.006, +0.054,+0.931
1704957060,+3.46,+24.997, +0.054,+0.931
1704957120,+3.46,+24.981, +0.054,+0.931
1704957180,+3.46,+24.997, +0.053,+0.930
1704957240,+3.46,+24.997, +0.053,+0.930
1704957300,+3.46,+24.972, +0.054,+0.930
1704957360,+3.46,+25.006, +0.054,+0.930
1704957420,+3.46,+24.981, +0.054,+0.931
1704957480,+3.46,+24.997, +0.054,+0.931
1704957540,+3.46,+24.981, +0.054,+0.931
1704957600,+3.46,+24.981, +0.054,+0.931
1704957660,+3.46,+24.989, +0.053,+0.931
1704957720,+3.46,+24.981, +0.054,+0.931
1704957780,+3.46,+24.981, +0.054,+0.931
1704957840,+3.46,+24.981, +0.054,+0.931
1704957900,+3.46,+24.981, +0.054,+0.931
1704957960,+3.46,+24.989, +0.053,+0.930
1704958020,+3.46,+24.972, +0.053,+0.931
1704958080,+3.46,+24.989, +0.053,+0.931
1704958140,+3.46,+24.989, +0.054,+0.930
1704958200,+3.46,+24.981, +0.053,+0.930
1704958260,+3.46,+24.972, +0.054,+0.931
1704958320,+3.46,+24.989, +0.054,+0.931
1704958380,+3.46,+24.964, +0.054,+0.931
1704958440,+3.46,+24.989, +0.054,+0.931
1704958500,+3.46,+24.981, +0.054,+0.931
1704958560,+3.46,+24.981, +0.054,+0.931
1704958620,+3.46,+24.964, +0.054,+0.931
1704958680,+3.46,+24.997, +0.054,+0.931
1704958740,+3.46,+24.972, +0.054,+0.931
1704958800,+3.46,+24.989, +0.054,+0.931
1704958860,+3.46,+24.972, +0.056,+0.931
1704958920,+3.46,+24.972, +0.054,+0.931
1704958980,+3.46,+24.972, +0.055,+0.931
1704959040,+3.46,+24.981, +0.053,+0.930
1704959100,+3.46,+24.972, +0.054,+0.931
1704959160,+3.46,+24.964, +0.054,+0.931
1704959220,+3.46,+24.972, +0.054,+0.931
1704959280,+3.46,+24.955, +0.053,+0.930
1704959340,+3.46,+24.955, +0.054,+0.931
1704959400,+3.46,+24.964, +0.053,+0.930
1704959460,+3.46,+24.955, +0.053,+0.930
1704959520,+3.46,+24.955, +0.053,+0.931
1704959580,+3.46,+24.947, +0.054,+0.931
1704959640,+3.46,+24.964, +0.054,+0.931
1704959700,+3.46,+24.939, +0.054,+0.931
1704959760,+3.46,+24.947, +0.054,+0.931
1704959820,+3.46,+24.947, +0.054,+0.930
1704959880,+3.46,+24.964, +0.054,+0.931
1704959940,+3.46,+24.972, +0.053,+0.931
1704960000,+3.46,+24.955, +0.053,+0.931
1704960060,+3.46,+24.964, +0.054,+0.931
1704960120,+3.46,+24.955, +0.053,+0.931
1704960180,+3.46,+24.947, +0.054,+0.931
1704960240,+3.46,+24.972, +0.054,+0.930
1704960300,+3.46,+24.947, +0.054,+0.931
1704960360,+3.46,+24.955, +0.053,+0.930
1704960420,+3.46,+24.947, +0.053,+0.931
1704960480,+3.46,+24.947, +0.054,+0.931
1704960540,+3.46,+24.939, +0.054,+0.931
1704960600,+3.46,+24.939, +0.054,+0.931
1704960660,+3.46,+24.939, +0.053,+0.931
1704960720,+3.46,+24.955, +0.054,+0.931
1704960780,+3.46,+24.947, +0.054,+0.931
1704960840,+3.46,+24.939, +0.054,+0.931
1704960900,+3.46,+24.955, +0.053,+0.930
1704960960,+3.46,+24.930, +0.053,+0.930
1704961020,+3.46,+24.939, +0.054,+0.931
1704961080,+3.46,+24.947, +0.053,+0.931
1704961140,+3.46,+24.947, +0.053,+0.930
1704961200,+3.46,+24.939, +0.054,+0.931
1704961260,+3.46,+24.922, +0.054,+0.931
1704961320,+3.46,+24.913, +0.053,+0.931
1704961380,+3.46,+24.930, +0.053,+0.931
1704961440,+3.46,+24.922, +0.054,+0.931
1704961500,+3.46,+24.922, +0.053,+0.930
1704961560,+3.46,+24.930, +0.054,+0.931
1704961620,+3.46,+24.922, +0.053,+0.931
1704961680,+3.46,+24.922, +0.054,+0.930
1704961740,+3.46,+24.922, +0.054,+0.931
1704961800,+3.46,+24.922, +0.054,+0.930
1704961860,+3.46,+24.922, +0.054,+0.931
1704961920,+3.46,+24.922, +0.053,+0.930
1704961980,+3.46,+24.930, +0.054,+0.931
1704962040,+3.46,+24.913, +0.053,+0.931
1704962100,+3.46,+24.905, +0.055,+0.931
1704962160,+3.46,+24.922, +0.053,+0.930
1704962220,+3.46,+24.922, +0.053,+0.931
1704962280,+3.46,+24.905, +0.054,+0.931
1704962340,+3.46,+24.905, +0.054,+0.931
1704962400,+3.46,+24.913, +0.054,+0.931
1704962460,+3.46,+24.913, +0.054,+0.931
1704962520,+3.46,+24.913, +0.054,+0.931
1704962580,+3.46,+24.905, +0.054,+0.931
1704962640,+3.46,+24.897, +0.054,+0.931
1704962700,+3.46,+24.905, +0.054,+0.931
1704962760,+3.46,+24.897, +0.053,+0.930
1704962820,+3.46,+24.905, +0.053,+0.931
1704962880,+3.46,+24.897, +0.054,+0.931
1704962940,+3.46,+24.897, +0.054,+0.931
1704963000,+3.46,+24.897, +0.053,+0.931
1704963060,+3.46,+24.897, +0.054,+0.931
1704963120,+3.46,+24.888, +0.053,+0.931
1704963180,+3.46,+24.888, +0.053,+0.931
1704963240,+3.46,+24.897, +0.053,+0.930
1704963300,+3.46,+24.880, +0.054,+0.931
1704963360,+3.46,+24.855, +0.054,+0.931
1704963420,+3.46,+24.880, +0.053,+0.931
1704963480,+3.46,+24.871, +0.054,+0.931
1704963540,+3.46,+24.863, +0.053,+0.931
1704963600,+3.46,+24.871, +0.053,+0.931
1704963660,+3.46,+24.871, +0.053,+0.931
1704963720,+3.46,+24.888, +0.054,+0.931
1704963780,+3.46,+24.880, +0.053,+0.930
1704963840,+3.46,+24.863, +0.054,+0.931
1704963900,+3.46,+24.871, +0.053,+0.931
1704963960,+3.46,+24.863, +0.053,+0.931
1704964020,+3.46,+24.855, +0.053,+0.931
1704964080,+3.46,+24.855, +0.053,+0.931
1704964140,+3.46,+24.863, +0.053,+0.931
1704964200,+3.46,+24.855, +0.054,+0.931
1704964260,+3.46,+24.846, +0.054,+0.931
1704964320,+3.46,+24.838, +0.054,+0.931
1704964380,+3.46,+24.846, +0.053,+0.931
1704964440,+3.46,+24.821, +0.054,+0.931
1704964500,+3.46,+24.846, +0.054,+0.931
1704964560,+3.46,+24.855, +0.053,+0.931
1704964620,+3.46,+24.855, +0.053,+0.930
1704964680,+3.46,+24.855, +0.054,+0.931
1704964740,+3.46,+24.846, +0.054,+0.931
1704964800,+3.46,+24.863, +0.053,+0.931
1704964860,+3.46,+24.838, +0.054,+0.931
1704964920,+3.46,+24.829, +0.053,+0.930
1704964980,+3.46,+24.846, +0.053,+0.931
1704965040,+3.46,+24.846, +0.054,+0.931
1704965100,+3.46,+24.829, +0.054,+0.931
1704965160,+3.46,+24.838, +0.054,+0.931
1704965220,+3.46,+24.821, +0.053,+0.930
1704965280,+3.46,+24.838, +0.054,+0.931
1704965340,+3.46,+24.821, +0.054,+0.931
1704965400,+3.46,+24.821, +0.054,+0.931
1704965460,+3.46,+24.821, +0.053,+0.931
1704965520,+3.46,+24.821, +0.054,+0.931
1704965580,+3.46,+24.813, +0.054,+0.931
1704965640,+3.46,+24.838, +0.054,+0.931
1704965700,+3.46,+24.829, +0.053,+0.931
1704965760,+3.46,+24.804, +0.054,+0.931
1704965820,+3.46,+24.821, +0.053,+0.931
1704965880,+3.46,+24.829, +0.053,+0.930
1704965940,+3.46,+24.821, +0.053,+0.931
1704966000,+3.46,+24.813, +0.053,+0.931
1704966060,+3.46,+24.829, +0.053,+0.931
1704966120,+3.46,+24.821, +0.054,+0.931
1704966180,+3.46,+24.821, +0.054,+0.931
1704966240,+3.46,+24.796, +0.054,+0.931
1704966300,+3.46,+24.813, +0.053,+0.931
1704966360,+3.46,+24.821, +0.053,+0.931
1704966420,+3.46,+24.804, +0.053,+0.931
1704966480,+3.46,+24.813, +0.054,+0.931
1704966540,+3.46,+24.796, +0.054,+0.931
1704966600,+3.46,+24.779, +0.053,+0.931
1704966660,+3.46,+24.813, +0.053,+0.931
1704966720,+3.46,+24.796, +0.053,+0.931
1704966780,+3.46,+24.813, +0.053,+0.931
1704966840,+3.46,+24.804, +0.053,+0.931
1704966900,+3.46,+24.804, +0.053,+0.931
1704966960,+3.46,+24.813, +0.054,+0.931
1704967020,+3.46,+24.804, +0.053,+0.931
1704967080,+3.46,+24.796, +0.054,+0.931
1704967140,+3.46,+24.779, +0.054,+0.931
1704967200,+3.46,+24.787, +0.053,+0.931
1704967260,+3.46,+24.787, +0.054,+0.931
1704967320,+3.46,+24.796, +0.053,+0.931
1704967380,+3.46,+24.779, +0.053,+0.931
1704967440,+3.46,+24.787, +0.053,+0.931
1704967500,+3.46,+24.771, +0.054,+0.931
1704967560,+3.46,+24.779, +0.053,+0.931
1704967620,+3.46,+24.779, +0.054,+0.931
1704967680,+3.46,+24.787, +0.053,+0.931
1704967740,+3.46,+24.779, +0.053,+0.930
1704967800,+3.46,+24.771, +0.054,+0.931
1704967860,+3.46,+24.779, +0.053,+0.931
1704967920,+3.46,+24.754, +0.054,+0.931
1704967980,+3.46,+24.762, +0.054,+0.931
1704968040,+3.46,+24.771, +0.053,+0.931
1704968100,+3.46,+24.771, +0.054,+0.931
1704968160,+3.46,+24.762, +0.054,+0.931
1704968220,+3.46,+24.771, +0.054,+0.931
1704968280,+3.46,+24.779, +0.054,+0.931
1704968340,+3.46,+24.771, +0.054,+0.931
1704968400,+3.46,+24.771, +0.054,+0.931
1704968460,+3.46,+24.771, +0.054,+0.931
1704968520,+3.46,+24.771, +0.054,+0.931
1704968580,+3.46,+24.762, +0.053,+0.931
1704968640,+3.46,+24.771, +0.053,+0.931
1704968700,+3.46,+24.745, +0.053,+0.931
1704968760,+3.46,+24.754, +0.054,+0.931
1704968820,+3.46,+24.754, +0.053,+0.931
1704968880,+3.46,+24.754, +0.053,+0.931
1704968940,+3.46,+24.754, +0.054,+0.931
1704969000,+3.46,+24.754, +0.053,+0.931
1704969060,+3.46,+24.762, +0.053,+0.931
1704969120,+3.46,+24.762, +0.053,+0.931
1704969180,+3.46,+24.762, +0.054,+0.931
1704969240,+3.46,+24.737, +0.053,+0.930
1704969300,+3.46,+24.745, +0.053,+0.931
1704969360,+3.46,+24.745, +0.054,+0.931
1704969420,+3.46,+24.737, +0.054,+0.931
1704969480,+3.46,+24.754, +0.054,+0.931
1704969540,+3.46,+24.737, +0.053,+0.930
1704969600,+3.46,+24.745, +0.054,+0.931
1704969660,+3.46,+24.762, +0.053,+0.931
1704969720,+3.46,+24.754, +0.054,+0.931
1704969780,+3.46,+24.737, +0.053,+0.931
1704969840,+3.46,+24.745, +0.054,+0.931
1704969900,+3.46,+24.754, +0.054,+0.931
1704969960,+3.46,+24.745, +0.053,+0.931
1704970020,+3.46,+24.754, +0.053,+0.931
1704970080,+3.46,+24.729, +0.054,+0.931
1704970140,+3.46,+24.720, +0.054,+0.931
1704970200,+3.46,+24.745, +0.053,+0.931
1704970260,+3.46,+24.729, +0.054,+0.931
1704970320,+3.46,+24.737, +0.054,+0.931
1704970380,+3.46,+24.720, +0.054,+0.931
1704970440,+3.46,+24.737, +0.054,+0.931
1704970500,+3.46,+24.729, +0.054,+0.931
1704970560,+3.46,+24.729, +0.053,+0.931
1704970620,+3.46,+24.737, +0.053,+0.931
1704970680,+3.46,+24.737, +0.054,+0.931
1704970740,+3.46,+24.737, +0.054,+0.931
1704970800,+3.46,+24.720, +0.054,+0.931
1704970860,+3.46,+24.720, +0.053,+0.931
1704970920,+3.46,+24.729, +0.054,+0.931
1704970980,+3.46,+24.720, +0.054,+0.931
1704971040,+3.46,+24.737, +0.054,+0.931
1704971100,+3.46,+24.720, +0.053,+0.931
1704971160,+3.46,+24.729, +0.054,+0.931
1704971220,+3.46,+24.729, +0.054,+0.931
1704971280,+3.46,+24.712, +0.054,+0.931
1704971340,+3.46,+24.712, +0.054,+0.931
1704971400,+3.46,+24.712, +0.054,+0.931
1704971460,+3.46,+24.729, +0.053,+0.931
1704971520,+3.46,+24.712, +0.054,+0.931
1704971580,+3.46,+24.703, +0.053,+0.931
1704971640,+3.46,+24.712, +0.054,+0.931
1704971700,+3.46,+24.703, +0.053,+0.931
1704971760,+3.46,+24.703, +0.053,+0.931
1704971820,+3.46,+24.703, +0.054,+0.931
1704971880,+3.46,+24.703, +0.054,+0.931
1704971940,+3.46,+24.695, +0.053,+0.931
1704972000,+3.46,+24.687, +0.054,+0.931
1704972060,+3.46,+24.720, +0.054,+0.931
1704972120,+3.46,+24.712, +0.053,+0.931
1704972180,+3.46,+24.695, +0.054,+0.931
1704972240,+3.46,+24.687, +0.053,+0.931
1704972300,+3.46,+24.712, +0.054,+0.931
1704972360,+3.46,+24.687, +0.054,+0.931
1704972420,+3.46,+24.687, +0.054,+0.931
1704972480,+3.46,+24.695, +0.054,+0.931
1704972540,+3.46,+24.678, +0.054,+0.931
1704972600,+3.46,+24.687, +0.054,+0.931
1704972660,+3.46,+24.678, +0.054,+0.931
1704972720,+3.46,+24.678, +0.054,+0.931
1704972780,+3.46,+24.695, +0.054,+0.931
1704972840,+3.46,+24.687, +0.054,+0.931
1704972900,+3.46,+24.687, +0.054,+0.931
1704972960,+3.46,+24.687, +0.053,+0.931
1704973020,+3.46,+24.678, +0.054,+0.931
1704973080,+3.46,+24.687, +0.054,+0.931
1704973140,+3.46,+24.661, +0.053,+0.931
1704973200,+3.46,+24.678, +0.054,+0.931
1704973260,+3.46,+24.653, +0.054,+0.931
1704973320,+3.46,+24.670, +0.053,+0.931
1704973380,+3.46,+24.678, +0.053,+0.931
1704973440,+3.46,+24.687, +0.054,+0.931
1704973500,+3.46,+24.678, +0.054,+0.931
1704973560,+3.46,+24.661, +0.053,+0.931
1704973620,+3.46,+24.670, +0.053,+0.931
1704973680,+3.46,+24.653, +0.054,+0.931
1704973740,+3.46,+24.661, +0.053,+0.931
1704973800,+3.46,+24.653, +0.054,+0.931
1704973860,+3.46,+24.653, +0.053,+0.931
1704973920,+3.46,+24.653, +0.053,+0.931
1704973980,+3.46,+24.670, +0.053,+0.931
1704974040,+3.46,+24.670, +0.053,+0.931
1704974100,+3.46,+24.636, +0.053,+0.931
1704974160,+3.46,+24.661, +0.054,+0.931
1704974220,+3.46,+24.653, +0.053,+0.931
1704974280,+3.46,+24.645, +0.053,+0.931
1704974340,+3.46,+24.653, +0.053,+0.931
1704974400,+3.46,+24.645, +0.054,+0.931
1704974460,+3.46,+24.628, +0.054,+0.931
1704974520,+3.46,+24.670, +0.054,+0.931
1704974580,+3.46,+24.645, +0.053,+0.930
1704974640,+3.46,+24.645, +0.054,+0.931
1704974700,+3.46,+24.636, +0.053,+0.931
1704974760,+3.46,+24.661, +0.053,+0.931
1704974820,+3.46,+24.645, +0.054,+0.931
1704974880,+3.46,+24.645, +0.053,+0.931
1704974940,+3.46,+24.636, +0.054,+0.931
1704975000,+3.46,+24.636, +0.053,+0.931
1704975060,+3.46,+24.645, +0.053,+0.931
1704975120,+3.46,+24.653, +0.053,+0.931
1704975180,+3.46,+24.628, +0.054,+0.931
1704975240,+3.46,+24.636, +0.053,+0.931
1704975300,+3.46,+24.645, +0.053,+0.931
1704975360,+3.46,+24.619, +0.053,+0.931
1704975420,+3.46,+24.645, +0.053,+0.931
1704975480,+3.46,+24.645, +0.053,+0.931
1704975540,+3.46,+24.636, +0.054,+0.931
1704975600,+3.46,+24.636, +0.053,+0.931
1704975660,+3.46,+24.645, +0.053,+0.931
1704975720,+3.46,+24.628, +0.053,+0.931
1704975780,+3.46,+24.628, +0.053,+0.931
1704975840,+3.46,+24.636, +0.053,+0.931
1704975900,+3.46,+24.628, +0.054,+0.931
1704975960,+3.46,+24.636, +0.053,+0.931
1704976020,+3.46,+24.619, +0.053,+0.930
1704976080,+3.46,+24.636, +0.053,+0.931
1704976140,+3.46,+24.636, +0.053,+0.931
1704976200,+3.46,+24.636, +0.054,+0.931
1704976260,+3.46,+24.628, +0.053,+0.931
1704976320,+3.46,+24.628, +0.054,+0.931
1704976380,+3.46,+24.619, +0.054,+0.931
1704976440,+3.46,+24.628, +0.053,+0.931
1704976500,+3.46,+24.611, +0.054,+0.931
1704976560,+3.46,+24.619, +0.053,+0.931
1704976620,+3.46,+24.645, +0.053,+0.931
1704976680,+3.46,+24.628, +0.053,+0.931
1704976740,+3.46,+24.619, +0.054,+0.931
1704976800,+3.46,+24.645, +0.053,+0.931
1704976860,+3.46,+24.645, +0.054,+0.931
1704976920,+3.46,+24.619, +0.053,+0.931
1704976980,+3.46,+24.619, +0.054,+0.931
1704977040,+3.46,+24.628, +0.054,+0.931
1704977100,+3.46,+24.619, +0.053,+0.931
1704977160,+3.46,+24.628, +0.054,+0.931
1704977220,+3.46,+24.619, +0.054,+0.931
1704977280,+3.46,+24.628, +0.053,+0.930
1704977340,+3.46,+24.636, +0.053,+0.930
1704977400,+3.46,+24.636, +0.053,+0.931
1704977460,+3.46,+24.636, +0.054,+0.931
1704977520,+3.46,+24.636, +0.054,+0.931
1704977580,+3.46,+24.628, +0.054,+0.931
1704977640,+3.46,+24.653, +0.054,+0.931
1704977700,+3.46,+24.636, +0.053,+0.930
1704977760,+3.46,+24.636, +0.053,+0.930
1704977820,+3.46,+24.628, +0.053,+0.931
1704977880,+3.46,+24.661, +0.053,+0.931
1704977940,+3.46,+24.628, +0.054,+0.930
1704978000,+3.46,+24.636, +0.053,+0.930
1704978060,+3.46,+24.619, +0.054,+0.931
1704978120,+3.46,+24.645, +0.054,+0.930
1704978180,+3.46,+24.645, +0.054,+0.930
1704978240,+3.46,+24.661, +0.053,+0.930
1704978300,+3.46,+24.670, +0.053,+0.930
1704978360,+3.46,+24.653, +0.053,+0.931
1704978420,+3.46,+24.645, +0.054,+0.931
1704978480,+3.46,+24.653, +0.053,+0.931
1704978540,+3.46,+24.636, +0.054,+0.931
1704978600,+3.46,+24.661, +0.053,+0.931
1704978660,+3.46,+24.661, +0.053,+0.930
1704978720,+3.46,+24.653, +0.053,+0.930
1704978780,+3.46,+24.653, +0.053,+0.930
1704978840,+3.46,+24.670, +0.053,+0.930
1704978900,+3.46,+24.670, +0.053,+0.930
1704978960,+3.46,+24.661, +0.053,+0.930
1704979020,+3.46,+24.661, +0.053,+0.930
1704979080,+3.46,+24.678, +0.053,+0.930
1704979140,+3.46,+24.653, +0.053,+0.930
1704979200,+3.46,+24.678, +0.053,+0.930
1704979260,+3.46,+24.661, +0.054,+0.930
1704979320,+3.46,+24.670, +0.053,+0.930
1704979380,+3.46,+24.678, +0.053,+0.930
1704979440,+3.46,+24.678, +0.053,+0.930
1704979500,+3.46,+24.670, +0.053,+0.930
1704979560,+3.46,+24.687, +0.053,+0.930
1704979620,+3.46,+24.678, +0.053,+0.930
1704979680,+3.46,+24.678, +0.053,+0.930
1704979740,+3.46,+24.678, +0.053,+0.930
1704979800,+3.46,+24.687, +0.053,+0.930
1704979860,+3.46,+24.678, +0.054,+0.930
1704979920,+3.46,+24.687, +0.054,+0.931
1704979980,+3.46,+24.695, +0.053,+0.930
1704980040,+3.46,+24.695, +0.053,+0.930
1704980100,+3.46,+24.687, +0.053,+0.930
1704980160,+3.46,+24.712, +0.053,+0.930
1704980220,+3.46,+24.687, +0.053,+0.930
1704980280,+3.46,+24.695, +0.053,+0.930
1704980340,+3.46,+24.703, +0.053,+0.930
1704980400,+3.46,+24.703, +0.053,+0.930
1704980460,+3.46,+24.695, +0.053,+0.930
1704980520,+3.46,+24.703, +0.053,+0.930
1704980580,+3.46,+24.703, +0.053,+0.930
1704980640,+3.46,+24.703, +0.053,+0.930
1704980700,+3.46,+24.712, +0.053,+0.930
1704980760,+3.46,+24.712, +0.053,+0.930
1704980820,+3.46,+24.720, +0.054,+0.930
1704980880,+3.46,+24.712, +0.053,+0.930
1704980940,+3.46,+24.729, +0.053,+0.930
1704981000,+3.46,+24.729, +0.054,+0.930
1704981060,+3.46,+24.720, +0.054,+0.930
1704981120,+3.46,+24.720, +0.053,+0.930
1704981180,+3.46,+24.737, +0.053,+0.930
1704981240,+3.46,+24.737, +0.053,+0.930
1704981300,+3.46,+24.729, +0.054,+0.930
1704981360,+3.46,+24.737, +0.053,+0.930
1704981420,+3.46,+24.754, +0.053,+0.930
1704981480,+3.46,+24.745, +0.054,+0.930
1704981540,+3.46,+24.754, +0.053,+0.930
1704981600,+3.46,+24.745, +0.053,+0.930
1704981660,+3.46,+24.762, +0.053,+0.930
1704981720,+3.46,+24.771, +0.054,+0.930
1704981780,+3.46,+24.762, +0.053,+0.930
1704981840,+3.46,+24.787, +0.052,+0.930
1704981900,+3.46,+24.787, +0.053,+0.930
1704981960,+3.46,+24.787, +0.053,+0.930
1704982020,+3.46,+24.771, +0.053,+0.930
1704982080,+3.46,+24.796, +0.053,+0.930
1704982140,+3.46,+24.771, +0.053,+0.930
1704982200,+3.46,+24.779, +0.053,+0.930
1704982260,+3.46,+24.804, +0.053,+0.930
1704982320,+3.46,+24.813, +0.053,+0.930
1704982380,+3.46,+24.813, +0.053,+0.930
1704982440,+3.46,+24.804, +0.053,+0.930
1704982500,+3.46,+24.804, +0.053,+0.930
1704982560,+3.46,+24.838, +0.053,+0.930
1704982620,+3.46,+24.821, +0.053,+0.930
1704982680,+3.46,+24.821, +0.053,+0.930
1704982740,+3.46,+24.821, +0.053,+0.930
1704982800,+3.46,+24.821, +0.054,+0.930
1704982860,+3.46,+24.838, +0.053,+0.930
1704982920,+3.46,+24.838, +0.053,+0.930
1704982980,+3.46,+24.846, +0.054,+0.930
1704983040,+3.46,+24.855, +0.053,+0.930
1704983100,+3.46,+24.855, +0.054,+0.930
1704983160,+3.46,+24.855, +0.053,+0.930
1704983220,+3.46,+24.855, +0.053,+0.930
1704983280,+3.46,+24.855, +0.053,+0.930
1704983340,+3.46,+24.888, +0.053,+0.930
1704983400,+3.46,+24.871, +0.054,+0.930
1704983460,+3.46,+24.863, +0.053,+0.930
1704983520,+3.46,+24.880, +0.053,+0.930
1704983580,+3.46,+24.888, +0.053,+0.930
1704983640,+3.46,+24.880, +0.053,+0.930
1704983700,+3.46,+24.897, +0.054,+0.930
1704983760,+3.46,+24.897, +0.053,+0.930
1704983820,+3.46,+24.897, +0.053,+0.930
1704983880,+3.46,+24.888, +0.054,+0.930
1704983940,+3.46,+24.913, +0.053,+0.930
1704984000,+3.46,+24.888, +0.053,+0.930
1704984060,+3.46,+24.905, +0.053,+0.930
1704984120,+3.46,+24.922, +0.054,+0.930
1704984180,+3.46,+24.922, +0.053,+0.930
1704984240,+3.46,+24.922, +0.053,+0.930
1704984300,+3.46,+24.922, +0.053,+0.930
1704984360,+3.46,+24.922, +0.053,+0.930
1704984420,+3.46,+24.930, +0.053,+0.930
1704984480,+3.46,+24.930, +0.053,+0.930
1704984540,+3.46,+24.930, +0.053,+0.930
1704984600,+3.46,+24.939, +0.053,+0.930
1704984660,+3.46,+24.947, +0.053,+0.930
1704984720,+3.46,+24.930, +0.053,+0.930
1704984780,+3.46,+24.947, +0.053,+0.930
1704984840,+3.46,+24.955, +0.053,+0.930
1704984900,+3.46,+24.964, +0.053,+0.930
1704984960,+3.46,+24.955, +0.054,+0.930
1704985020,+3.46,+24.972, +0.053,+0.930
1704985080,+3.46,+24.964, +0.053,+0.930
1704985140,+3.46,+24.955, +0.053,+0.930
1704985200,+3.46,+24.981, +0.053,+0.930
1704985260,+3.46,+24.981, +0.054,+0.930
1704985320,+3.46,+25.006, +0.053,+0.930
1704985380,+3.46,+24.981, +0.054,+0.930
1704985440,+3.46,+24.981, +0.053,+0.930
1704985500,+3.46,+25.014, +0.054,+0.930
1704985560,+3.46,+25.006, +0.053,+0.930
1704985620,+3.46,+24.997, +0.053,+0.930
1704985680,+3.46,+25.006, +0.053,+0.930
1704985740,+3.46,+25.014, +0.053,+0.930
1704985800,+3.46,+25.023, +0.053,+0.930
1704985860,+3.46,+25.023, +0.053,+0.930
1704985920,+3.46,+25.023, +0.053,+0.930
1704985980,+3.46,+25.014, +0.053,+0.930
1704986040,+3.46,+25.014, +0.053,+0.930
1704986100,+3.46,+25.023, +0.054,+0.930
1704986160,+3.46,+25.031, +0.053,+0.930
1704986220,+3.46,+25.039, +0.054,+0.930
1704986280,+3.46,+25.048, +0.053,+0.930
1704986340,+3.46,+25.039, +0.054,+0.930
1704986400,+3.46,+25.048, +0.053,+0.930
1704986460,+3.46,+25.065, +0.053,+0.930
1704986520,+3.46,+25.073, +0.053,+0.930
1704986580,+3.46,+25.073, +0.054,+0.930
1704986640,+3.46,+25.073, +0.053,+0.930
1704986700,+3.46,+25.090, +0.053,+0.930
1704986760,+3.46,+25.107, +0.054,+0.930
1704986820,+3.46,+25.124, +0.053,+0.930
1704986880,+3.46,+25.124, +0.054,+0.930
1704986940,+3.46,+25.124, +0.054,+0.930
1704987000,+3.46,+25.149, +0.054,+0.930
1704987060,+3.46,+25.149, +0.053,+0.930
1704987120,+3.46,+25.166, +0.053,+0.930
1704987180,+3.46,+25.174, +0.053,+0.930
1704987240,+3.46,+25.157, +0.053,+0.930
1704987300,+3.46,+25.182, +0.054,+0.930
1704987360,+3.46,+25.174, +0.053,+0.930
1704987420,+3.46,+25.199, +0.053,+0.930
1704987480,+3.46,+25.182, +0.053,+0.930
1704987540,+3.46,+25.191, +0.053,+0.930
1704987600,+3.46,+25.199, +0.054,+0.930
1704987660,+3.46,+25.208, +0.053,+0.930
1704987720,+3.46,+25.208, +0.053,+0.930
1704987780,+3.46,+25.208, +0.054,+0.930
1704987840,+3.46,+25.208, +0.054,+0.930
1704987900,+3.46,+25.233, +0.053,+0.930
1704987960,+3.46,+25.216, +0.053,+0.930
1704988020,+3.46,+25.241, +0.053,+0.930
1704988080,+3.46,+25.275, +0.054,+0.930
1704988140,+3.46,+25.275, +0.054,+0.930
1704988200,+3.46,+25.292, +0.053,+0.930
1704988260,+3.46,+25.283, +0.053,+0.930
1704988320,+3.46,+25.292, +0.054,+0.930
1704988380,+3.46,+25.300, +0.054,+0.930
1704988440,+3.46,+25.309, +0.053,+0.930
1704988500,+3.46,+25.317, +0.053,+0.930
1704988560,+3.46,+25.326, +0.054,+0.930
1704988620,+3.46,+25.326, +0.053,+0.930
1704988680,+3.46,+25.326, +0.053,+0.929
1704988740,+3.46,+25.342, +0.053,+0.929
1704988800,+3.46,+25.342, +0.053,+0.930
1704988860,+3.46,+25.351, +0.053,+0.929
1704988920,+3.46,+25.351, +0.053,+0.929
1704988980,+3.46,+25.359, +0.053,+0.930
1704989040,+3.46,+25.359, +0.053,+0.929
1704989100,+3.46,+25.368, +0.053,+0.929
1704989160,+3.46,+25.359, +0.053,+0.930
1704989220,+3.46,+25.384, +0.054,+0.930
1704989280,+3.46,+25.393, +0.053,+0.929
1704989340,+3.46,+25.401, +0.053,+0.930
1704989400,+3.46,+25.401, +0.054,+0.929
1704989460,+3.46,+25.418, +0.054,+0.929
1704989520,+3.46,+25.435, +0.054,+0.930
1704989580,+3.46,+25.435, +0.053,+0.929
1704989640,+3.46,+25.435, +0.053,+0.929
1704989700,+3.46,+25.469, +0.053,+0.929
1704989760,+3.46,+25.477, +0.053,+0.930
1704989820,+3.46,+25.477, +0.053,+0.930
1704989880,+3.46,+25.485, +0.053,+0.929
1704989940,+3.46,+25.477, +0.053,+0.929
1704990000,+3.46,+25.494, +0.053,+0.930
1704990060,+3.46,+25.494, +0.054,+0.930
1704990120,+3.46,+25.502, +0.053,+0.929
1704990180,+3.46,+25.502, +0.053,+0.929
1704990240,+3.46,+25.502, +0.053,+0.929
1704990300,+3.46,+25.511, +0.053,+0.929
1704990360,+3.46,+25.528, +0.053,+0.929
1704990420,+3.46,+25.528, +0.054,+0.929
1704990480,+3.46,+25.553, +0.053,+0.929
1704990540,+3.46,+25.561, +0.053,+0.929
1704990600,+3.46,+25.553, +0.054,+0.929
1704990660,+3.46,+25.553, +0.053,+0.929
1704990720,+3.46,+25.553, +0.053,+0.929
1704990780,+3.46,+25.536, +0.054,+0.929
1704990840,+3.46,+25.561, +0.053,+0.929
1704990900,+3.46,+25.561, +0.053,+0.929
1704990960,+3.46,+25.570, +0.054,+0.929
1704991020,+3.46,+25.578, +0.053,+0.929
1704991080,+3.46,+25.578, +0.054,+0.930
1704991140,+3.46,+25.595, +0.053,+0.929
1704991200,+3.46,+25.595, +0.053,+0.929
1704991260,+3.46,+25.620, +0.053,+0.929
1704991320,+3.46,+25.646, +0.054,+0.929
1704991380,+3.46,+25.654, +0.053,+0.929
1704991440,+3.46,+25.654, +0.054,+0.929
1704991500,+3.46,+25.646, +0.054,+0.929
1704991560,+3.46,+25.637, +0.054,+0.929
1704991620,+3.46,+25.654, +0.054,+0.929
1704991680,+3.46,+25.646, +0.054,+0.929
1704991740,+3.46,+25.654, +0.053,+0.929
1704991800,+3.46,+25.654, +0.054,+0.929
1704991860,+3.46,+25.679, +0.053,+0.929
1704991920,+3.46,+25.705, +0.054,+0.929
1704991980,+3.46,+25.730, +0.054,+0.929
1704992040,+3.46,+25.747, +0.054,+0.929
1704992100,+3.46,+25.772, +0.054,+0.929
1704992160,+3.46,+25.789, +0.054,+0.929
1704992220,+3.46,+25.823, +0.054,+0.929
1704992280,+3.46,+25.848, +0.054,+0.929
1704992340,+3.46,+25.865, +0.055,+0.929
1704992400,+3.46,+25.890, +0.054,+0.929
1704992460,+3.46,+25.907, +0.054,+0.929
1704992520,+3.46,+25.898, +0.054,+0.929
1704992580,+3.46,+25.907, +0.053,+0.929
1704992640,+3.46,+25.898, +0.053,+0.929
1704992700,+3.46,+25.898, +0.054,+0.929
1704992760,+3.46,+25.898, +0.054,+0.929
1704992820,+3.46,+25.898, +0.054,+0.929
1704992880,+3.46,+25.915, +0.054,+0.929
1704992940,+3.46,+25.924, +0.053,+0.929
1704993000,+3.46,+25.932, +0.054,+0.929
1704993060,+3.46,+25.924, +0.054,+0.929
1704993120,+3.46,+25.924, +0.053,+0.929
1704993180,+3.46,+25.932, +0.054,+0.929
1704993240,+3.46,+25.941, +0.054,+0.929
1704993300,+3.46,+25.924, +0.053,+0.929
1704993360,+3.46,+25.915, +0.053,+0.929
1704993420,+3.46,+25.915, +0.054,+0.929
1704993480,+3.46,+25.932, +0.053,+0.929
1704993540,+3.46,+25.924, +0.052,+0.929
1704993600,+3.46,+25.924, +0.053,+0.929
1704993660,+3.46,+25.915, +0.054,+0.929
1704993720,+3.46,+25.898, +0.053,+0.929
1704993780,+3.46,+25.924, +0.054,+0.929
1704993840,+3.46,+25.941, +0.053,+0.929
1704993900,+3.46,+25.958, +0.053,+0.929
1704993960,+3.46,+25.949, +0.054,+0.929
1704994020,+3.46,+25.949, +0.053,+0.929
1704994080,+3.46,+25.966, +0.053,+0.929
1704994140,+3.46,+25.949, +0.053,+0.929
1704994200,+3.46,+25.949, +0.053,+0.929
1704994260,+3.46,+25.932, +0.053,+0.929
1704994320,+3.46,+25.958, +0.053,+0.929
1704994380,+3.46,+25.949, +0.053,+0.929
1704994440,+3.46,+25.941, +0.053,+0.929
1704994500,+3.46,+25.958, +0.053,+0.929
1704994560,+3.46,+25.949, +0.054,+0.929
1704994620,+3.46,+25.974, +0.053,+0.929
1704994680,+3.46,+25.974, +0.054,+0.929
1704994740,+3.46,+25.966, +0.053,+0.929
1704994800,+3.46,+25.974, +0.053,+0.929
1704994860,+3.46,+25.991, +0.054,+0.929
1704994920,+3.46,+26.017, +0.054,+0.929
1704994980,+3.46,+26.017, +0.053,+0.929
1704995040,+3.46,+26.025, +0.053,+0.929
1704995100,+3.46,+26.017, +0.053,+0.929
1704995160,+3.46,+26.025, +0.053,+0.929
1704995220,+3.46,+26.017, +0.054,+0.929
1704995280,+3.46,+26.050, +0.054,+0.929
1704995340,+3.46,+26.059, +0.054,+0.929
1704995400,+3.46,+26.076, +0.054,+0.929
1704995460,+3.46,+26.093, +0.053,+0.929
1704995520,+3.46,+26.093, +0.053,+0.929
1704995580,+3.46,+26.109, +0.054,+0.929
1704995640,+3.46,+26.101, +0.054,+0.929
1704995700,+3.46,+26.126, +0.054,+0.929
1704995760,+3.46,+26.143, +0.054,+0.929
1704995820,+3.46,+26.152, +0.054,+0.929
1704995880,+3.46,+26.152, +0.054,+0.929
1704995940,+3.46,+26.177, +0.054,+0.929
1704996000,+3.46,+26.177, +0.053,+0.929
1704996060,+3.46,+26.169, +0.054,+0.929
1704996120,+3.46,+26.177, +0.054,+0.929
1704996180,+3.46,+26.177, +0.054,+0.929
1704996240,+3.46,+26.194, +0.054,+0.929
1704996300,+3.46,+26.177, +0.054,+0.929
1704996360,+3.46,+26.185, +0.054,+0.929
1704996420,+3.46,+26.194, +0.054,+0.929
1704996480,+3.46,+26.219, +0.054,+0.929
1704996540,+3.46,+26.194, +0.054,+0.929
1704996600,+3.46,+26.236, +0.054,+0.929
1704996660,+3.46,+26.202, +0.054,+0.929
1704996720,+3.46,+26.219, +0.054,+0.929
1704996780,+3.46,+26.228, +0.054,+0.929
1704996840,+3.46,+26.219, +0.054,+0.929
1704996900,+3.46,+26.228, +0.054,+0.929
1704996960,+3.46,+26.219, +0.054,+0.929
1704997020,+3.46,+26.228, +0.054,+0.929
1704997080,+3.46,+26.261, +0.054,+0.929
1704997140,+3.46,+26.270, +0.054,+0.929
1704997200,+3.46,+26.245, +0.054,+0.929
1704997260,+3.46,+26.253, +0.055,+0.929
1704997320,+3.46,+26.278, +0.054,+0.929
1704997380,+3.46,+26.295, +0.054,+0.929
1704997440,+3.46,+26.329, +0.054,+0.929
1704997500,+3.46,+26.337, +0.054,+0.929
1704997560,+3.46,+26.337, +0.055,+0.929
1704997620,+3.46,+26.321, +0.054,+0.929
