7450-988987
OS REV: 1.05 Sensor Cal: 1620327161
Time (sec),  BV (Volts),  T (deg C),  DO (mg/l),  Q ()
1704738480,+3.45,+24.040, +0.052,+0.932
1704738540,+3.45,+24.040, +0.051,+0.932
1704738600,+3.45,+24.066, +0.051,+0.931
1704738660,+3.45,+24.066, +0.052,+0.932
1704738720,+3.45,+24.057, +0.052,+0.932
1704738780,+3.45,+24.074, +0.052,+0.932
1704738840,+3.45,+24.066, +0.051,+0.932
1704738900,+3.45,+24.074, +0.052,+0.932
1704738960,+3.45,+24.082, +0.052,+0.932
1704739020,+3.45,+24.108, +0.052,+0.932
1704739080,+3.45,+24.091, +0.051,+0.932
1704739140,+3.45,+24.091, +0.052,+0.932
1704739200,+3.45,+24.091, +0.052,+0.932
1704739260,+3.45,+24.091, +0.052,+0.932
1704739320,+3.45,+24.116, +0.051,+0.932
1704739380,+3.45,+24.099, +0.051,+0.932
1704739440,+3.45,+24.091, +0.052,+0.932
1704739500,+3.45,+24.091, +0.052,+0.932
1704739560,+3.45,+24.099, +0.051,+0.932
1704739620,+3.45,+24.074, +0.052,+0.932
1704739680,+3.45,+24.074, +0.051,+0.932
1704739740,+3.45,+24.108, +0.051,+0.932
1704739800,+3.45,+24.099, +0.052,+0.932
1704739860,+3.45,+24.091, +0.052,+0.932
1704739920,+3.45,+24.108, +0.052,+0.932
1704739980,+3.45,+24.091, +0.052,+0.932
1704740040,+3.45,+24.108, +0.051,+0.932
1704740100,+3.45,+24.108, +0.052,+0.932
1704740160,+3.45,+24.108, +0.051,+0.931
1704740220,+3.45,+24.124, +0.051,+0.932
1704740280,+3.45,+24.124, +0.051,+0.931
1704740340,+3.45,+24.133, +0.052,+0.932
1704740400,+3.45,+24.149, +0.052,+0.932
1704740460,+3.45,+24.141, +0.052,+0.931
1704740520,+3.45,+24.166, +0.052,+0.932
1704740580,+3.45,+24.166, +0.052,+0.932
1704740640,+3.45,+24.183, +0.052,+0.932
1704740700,+3.45,+24.183, +0.052,+0.932
1704740760,+3.45,+24.191, +0.052,+0.932
1704740820,+3.45,+24.183, +0.051,+0.932
1704740880,+3.45,+24.175, +0.052,+0.932
1704740940,+3.45,+24.208, +0.051,+0.931
1704741000,+3.45,+24.175, +0.052,+0.931
1704741060,+3.45,+24.183, +0.052,+0.932
1704741120,+3.45,+24.183, +0.052,+0.932
1704741180,+3.45,+24.183, +0.052,+0.932
1704741240,+3.45,+24.191, +0.052,+0.932
1704741300,+3.45,+24.217, +0.051,+0.931
1704741360,+3.45,+24.225, +0.052,+0.931
1704741420,+3.45,+24.242, +0.051,+0.932
1704741480,+3.45,+24.242, +0.052,+0.932
1704741540,+3.45,+24.259, +0.052,+0.932
1704741600,+3.45,+24.284, +0.052,+0.932
1704741660,+3.45,+24.292, +0.052,+0.932
1704741720,+3.45,+24.326, +0.052,+0.931
1704741780,+3.45,+24.334, +0.052,+0.932
1704741840,+3.46,+24.368, +0.052,+0.931
1704741900,+3.46,+24.384, +0.052,+0.932
1704741960,+3.46,+24.401, +0.052,+0.932
1704742020,+3.46,+24.384, +0.052,+0.932
1704742080,+3.46,+24.376, +0.051,+0.932
1704742140,+3.46,+24.384, +0.052,+0.932
1704742200,+3.46,+24.359, +0.052,+0.932
1704742260,+3.46,+24.359, +0.052,+0.931
1704742320,+3.46,+24.342, +0.052,+0.932
1704742380,+3.46,+24.359, +0.052,+0.932
1704742440,+3.46,+24.368, +0.052,+0.932
1704742500,+3.46,+24.351, +0.052,+0.932
1704742560,+3.45,+24.334, +0.052,+0.932
1704742620,+3.46,+24.342, +0.052,+0.931
1704742680,+3.46,+24.342, +0.052,+0.931
1704742740,+3.46,+24.359, +0.052,+0.932
1704742800,+3.46,+24.334, +0.052,+0.932
1704742860,+3.46,+24.351, +0.052,+0.932
1704742920,+3.46,+24.342, +0.052,+0.932
1704742980,+3.46,+24.351, +0.052,+0.932
1704743040,+3.46,+24.342, +0.052,+0.932
1704743100,+3.46,+24.359, +0.052,+0.931
1704743160,+3.46,+24.368, +0.051,+0.932
1704743220,+3.46,+24.359, +0.052,+0.932
1704743280,+3.46,+24.342, +0.052,+0.931
1704743340,+3.46,+24.368, +0.052,+0.931
1704743400,+3.46,+24.368, +0.052,+0.931
1704743460,+3.46,+24.376, +0.052,+0.931
1704743520,+3.46,+24.393, +0.052,+0.931
1704743580,+3.46,+24.376, +0.052,+0.932
1704743640,+3.46,+24.376, +0.052,+0.931
1704743700,+3.46,+24.401, +0.052,+0.931
1704743760,+3.46,+24.401, +0.051,+0.931
1704743820,+3.46,+24.410, +0.052,+0.931
1704743880,+3.46,+24.426, +0.052,+0.932
1704743940,+3.46,+24.418, +0.052,+0.931
1704744000,+3.46,+24.418, +0.053,+0.931
1704744060,+3.46,+24.443, +0.052,+0.931
1704744120,+3.46,+24.443, +0.052,+0.931
1704744180,+3.46,+24.460, +0.052,+0.931
1704744240,+3.46,+24.477, +0.052,+0.931
1704744300,+3.46,+24.460, +0.052,+0.931
1704744360,+3.46,+24.426, +0.052,+0.932
1704744420,+3.46,+24.468, +0.052,+0.931
1704744480,+3.46,+24.451, +0.052,+0.931
1704744540,+3.46,+24.426, +0.052,+0.932
1704744600,+3.46,+24.435, +0.052,+0.932
1704744660,+3.46,+24.435, +0.052,+0.932
1704744720,+3.46,+24.443, +0.052,+0.931
1704744780,+3.46,+24.426, +0.052,+0.932
1704744840,+3.46,+24.426, +0.052,+0.932
1704744900,+3.46,+24.435, +0.052,+0.932
1704744960,+3.46,+24.451, +0.052,+0.932
1704745020,+3.46,+24.451, +0.052,+0.932
1704745080,+3.46,+24.443, +0.052,+0.932
1704745140,+3.46,+24.451, +0.051,+0.931
1704745200,+3.46,+24.435, +0.051,+0.931
1704745260,+3.46,+24.426, +0.051,+0.931
1704745320,+3.46,+24.426, +0.052,+0.932
1704745380,+3.46,+24.435, +0.052,+0.931
1704745440,+3.46,+24.451, +0.052,+0.932
1704745500,+3.46,+24.468, +0.052,+0.931
1704745560,+3.46,+24.468, +0.052,+0.932
1704745620,+3.46,+24.493, +0.052,+0.931
1704745680,+3.46,+24.493, +0.052,+0.932
1704745740,+3.46,+24.502, +0.052,+0.932
1704745800,+3.46,+24.502, +0.052,+0.932
1704745860,+3.46,+24.493, +0.052,+0.932
1704745920,+3.46,+24.502, +0.052,+0.931
1704745980,+3.46,+24.493, +0.052,+0.931
1704746040,+3.46,+24.493, +0.053,+0.932
1704746100,+3.46,+24.493, +0.052,+0.932
1704746160,+3.46,+24.502, +0.052,+0.931
1704746220,+3.46,+24.493, +0.052,+0.932
1704746280,+3.46,+24.502, +0.053,+0.932
1704746340,+3.46,+24.493, +0.052,+0.932
1704746400,+3.46,+24.502, +0.052,+0.932
1704746460,+3.46,+24.535, +0.052,+0.932
1704746520,+3.46,+24.510, +0.052,+0.932
1704746580,+3.46,+24.510, +0.051,+0.931
1704746640,+3.46,+24.510, +0.052,+0.931
1704746700,+3.46,+24.527, +0.052,+0.932
1704746760,+3.46,+24.519, +0.052,+0.932
1704746820,+3.46,+24.510, +0.052,+0.931
1704746880,+3.46,+24.527, +0.053,+0.932
1704746940,+3.46,+24.527, +0.052,+0.932
1704747000,+3.46,+24.535, +0.053,+0.932
1704747060,+3.46,+24.535, +0.052,+0.932
1704747120,+3.46,+24.535, +0.051,+0.931
1704747180,+3.46,+24.510, +0.052,+0.932
1704747240,+3.46,+24.493, +0.052,+0.932
1704747300,+3.46,+24.502, +0.052,+0.931
1704747360,+3.46,+24.527, +0.052,+0.932
1704747420,+3.46,+24.519, +0.052,+0.932
1704747480,+3.46,+24.535, +0.052,+0.932
1704747540,+3.46,+24.535, +0.052,+0.931
1704747600,+3.46,+24.552, +0.052,+0.932
1704747660,+3.46,+24.544, +0.052,+0.932
1704747720,+3.46,+24.561, +0.053,+0.932
1704747780,+3.46,+24.586, +0.052,+0.932
1704747840,+3.46,+24.577, +0.053,+0.932
1704747900,+3.46,+24.603, +0.052,+0.932
1704747960,+3.46,+24.594, +0.053,+0.932
1704748020,+3.46,+24.586, +0.053,+0.932
1704748080,+3.46,+24.594, +0.052,+0.932
1704748140,+3.46,+24.577, +0.052,+0.932
1704748200,+3.46,+24.577, +0.052,+0.932
1704748260,+3.46,+24.577, +0.053,+0.932
1704748320,+3.46,+24.552, +0.052,+0.932
1704748380,+3.46,+24.552, +0.052,+0.932
1704748440,+3.46,+24.569, +0.052,+0.932
1704748500,+3.46,+24.569, +0.052,+0.932
1704748560,+3.46,+24.561, +0.052,+0.932
1704748620,+3.46,+24.569, +0.052,+0.932
1704748680,+3.46,+24.569, +0.052,+0.931
1704748740,+3.46,+24.561, +0.052,+0.932
1704748800,+3.46,+24.561, +0.052,+0.932
1704748860,+3.46,+24.569, +0.052,+0.932
1704748920,+3.46,+24.561, +0.053,+0.932
1704748980,+3.46,+24.577, +0.052,+0.932
1704749040,+3.46,+24.577, +0.053,+0.932
1704749100,+3.46,+24.569, +0.052,+0.932
1704749160,+3.46,+24.569, +0.052,+0.932
1704749220,+3.46,+24.561, +0.052,+0.932
1704749280,+3.46,+24.586, +0.052,+0.932
1704749340,+3.46,+24.552, +0.053,+0.932
1704749400,+3.46,+24.569, +0.052,+0.932
1704749460,+3.46,+24.552, +0.052,+0.932
1704749520,+3.46,+24.535, +0.052,+0.932
1704749580,+3.46,+24.535, +0.052,+0.932
1704749640,+3.46,+24.527, +0.052,+0.932
1704749700,+3.46,+24.519, +0.052,+0.932
1704749760,+3.46,+24.502, +0.052,+0.932
1704749820,+3.46,+24.502, +0.052,+0.931
1704749880,+3.46,+24.527, +0.052,+0.932
1704749940,+3.46,+24.527, +0.052,+0.932
1704750000,+3.46,+24.527, +0.052,+0.932
1704750060,+3.46,+24.519, +0.051,+0.931
1704750120,+3.46,+24.527, +0.053,+0.932
1704750180,+3.46,+24.569, +0.081,+0.933
1704750240,+3.46,+24.569, +0.071,+0.932
1704750300,+3.46,+24.569, +0.059,+0.932
1704750360,+3.46,+24.586, +0.074,+0.932
1704750420,+3.46,+24.594, +0.059,+0.932
1704750480,+3.46,+24.594, +0.057,+0.932
1704750540,+3.46,+24.577, +0.059,+0.932
1704750600,+3.46,+24.594, +0.056,+0.932
1704750660,+3.46,+24.586, +0.053,+0.932
1704750720,+3.46,+24.569, +0.053,+0.932
1704750780,+3.46,+24.569, +0.053,+0.932
1704750840,+3.46,+24.577, +0.055,+0.932
1704750900,+3.46,+24.569, +0.053,+0.932
1704750960,+3.46,+24.561, +0.053,+0.932
1704751020,+3.46,+24.561, +0.052,+0.932
1704751080,+3.46,+24.552, +0.053,+0.932
1704751140,+3.46,+24.552, +0.052,+0.932
1704751200,+3.46,+24.561, +0.067,+0.932
1704751260,+3.46,+24.569, +0.067,+0.932
1704751320,+3.46,+24.569, +0.066,+0.932
1704751380,+3.46,+24.561, +0.060,+0.932
1704751440,+3.46,+24.544, +0.057,+0.932
1704751500,+3.46,+24.552, +0.056,+0.932
1704751560,+3.46,+24.552, +0.054,+0.932
1704751620,+3.46,+24.527, +0.052,+0.932
1704751680,+3.46,+24.535, +0.052,+0.932
1704751740,+3.46,+24.552, +0.053,+0.932
1704751800,+3.46,+24.544, +0.054,+0.932
1704751860,+3.46,+24.544, +0.053,+0.932
1704751920,+3.46,+24.544, +0.054,+0.932
1704751980,+3.46,+24.535, +0.053,+0.932
1704752040,+3.46,+24.535, +0.053,+0.932
1704752100,+3.46,+24.535, +0.053,+0.932
1704752160,+3.46,+24.535, +0.054,+0.932
1704752220,+3.46,+24.535, +0.056,+0.932
1704752280,+3.46,+24.535, +0.063,+0.932
1704752340,+3.46,+24.527, +0.075,+0.933
1704752400,+3.46,+24.527, +0.061,+0.932
1704752460,+3.46,+24.519, +0.060,+0.932
1704752520,+3.46,+24.527, +0.054,+0.932
1704752580,+3.46,+24.519, +0.054,+0.932
1704752640,+3.46,+24.519, +0.054,+0.932
1704752700,+3.46,+24.544, +0.053,+0.932
1704752760,+3.46,+24.519, +0.053,+0.932
1704752820,+3.46,+24.527, +0.053,+0.932
1704752880,+3.46,+24.527, +0.053,+0.932
1704752940,+3.46,+24.535, +0.053,+0.932
1704753000,+3.46,+24.502, +0.053,+0.932
1704753060,+3.46,+24.510, +0.053,+0.932
1704753120,+3.46,+24.510, +0.053,+0.932
1704753180,+3.46,+24.510, +0.053,+0.932
1704753240,+3.46,+24.493, +0.053,+0.932
1704753300,+3.46,+24.510, +0.053,+0.932
1704753360,+3.46,+24.502, +0.053,+0.932
1704753420,+3.46,+24.485, +0.053,+0.932
1704753480,+3.46,+24.477, +0.052,+0.932
1704753540,+3.46,+24.493, +0.053,+0.932
1704753600,+3.46,+24.502, +0.053,+0.932
1704753660,+3.46,+24.510, +0.053,+0.932
1704753720,+3.46,+24.485, +0.055,+0.932
1704753780,+3.46,+24.502, +0.054,+0.932
1704753840,+3.46,+24.502, +0.053,+0.932
1704753900,+3.46,+24.527, +0.053,+0.932
1704753960,+3.46,+24.493, +0.054,+0.932
1704754020,+3.46,+24.493, +0.054,+0.932
1704754080,+3.46,+24.510, +0.053,+0.932
1704754140,+3.46,+24.468, +0.053,+0.932
1704754200,+3.46,+24.493, +0.054,+0.932
1704754260,+3.46,+24.485, +0.053,+0.932
1704754320,+3.46,+24.493, +0.052,+0.932
1704754380,+3.46,+24.485, +0.053,+0.932
1704754440,+3.46,+24.477, +0.053,+0.932
1704754500,+3.46,+24.468, +0.054,+0.932
1704754560,+3.46,+24.485, +0.053,+0.932
1704754620,+3.46,+24.493, +0.052,+0.932
1704754680,+3.46,+24.493, +0.053,+0.932
1704754740,+3.46,+24.477, +0.053,+0.932
1704754800,+3.46,+24.468, +0.053,+0.932
1704754860,+3.46,+24.485, +0.053,+0.932
1704754920,+3.46,+24.477, +0.053,+0.932
1704754980,+3.46,+24.485, +0.053,+0.932
1704755040,+3.46,+24.468, +0.052,+0.932
1704755100,+3.46,+24.460, +0.052,+0.932
1704755160,+3.46,+24.468, +0.052,+0.932
1704755220,+3.46,+24.468, +0.053,+0.932
1704755280,+3.46,+24.477, +0.052,+0.932
1704755340,+3.46,+24.468, +0.052,+0.932
1704755400,+3.46,+24.468, +0.053,+0.932
1704755460,+3.46,+24.477, +0.053,+0.932
1704755520,+3.46,+24.485, +0.053,+0.932
1704755580,+3.46,+24.451, +0.053,+0.932
1704755640,+3.46,+24.468, +0.053,+0.932
1704755700,+3.46,+24.485, +0.053,+0.932
1704755760,+3.46,+24.460, +0.053,+0.932
1704755820,+3.46,+24.468, +0.053,+0.932
1704755880,+3.46,+24.460, +0.052,+0.932
1704755940,+3.46,+24.468, +0.052,+0.932
1704756000,+3.46,+24.451, +0.053,+0.932
1704756060,+3.46,+24.435, +0.053,+0.932
1704756120,+3.46,+24.460, +0.052,+0.932
1704756180,+3.46,+24.451, +0.052,+0.932
1704756240,+3.46,+24.443, +0.053,+0.932
1704756300,+3.46,+24.435, +0.052,+0.932
1704756360,+3.46,+24.468, +0.053,+0.932
1704756420,+3.46,+24.460, +0.053,+0.932
1704756480,+3.46,+24.443, +0.052,+0.932
1704756540,+3.46,+24.451, +0.052,+0.932
1704756600,+3.46,+24.426, +0.053,+0.932
1704756660,+3.46,+24.435, +0.052,+0.932
1704756720,+3.46,+24.435, +0.052,+0.932
1704756780,+3.46,+24.443, +0.052,+0.932
1704756840,+3.46,+24.443, +0.052,+0.932
1704756900,+3.46,+24.443, +0.052,+0.932
1704756960,+3.46,+24.443, +0.053,+0.932
1704757020,+3.46,+24.435, +0.052,+0.932
1704757080,+3.46,+24.443, +0.052,+0.932
1704757140,+3.46,+24.435, +0.053,+0.932
1704757200,+3.46,+24.435, +0.053,+0.932
1704757260,+3.46,+24.435, +0.053,+0.932
1704757320,+3.46,+24.410, +0.052,+0.932
1704757380,+3.46,+24.435, +0.052,+0.932
1704757440,+3.46,+24.426, +0.053,+0.932
1704757500,+3.46,+24.426, +0.052,+0.932
1704757560,+3.46,+24.418, +0.053,+0.932
1704757620,+3.46,+24.426, +0.053,+0.932
1704757680,+3.46,+24.426, +0.053,+0.932
1704757740,+3.46,+24.418, +0.053,+0.932
1704757800,+3.46,+24.410, +0.052,+0.932
1704757860,+3.46,+24.426, +0.053,+0.932
1704757920,+3.46,+24.418, +0.053,+0.932
1704757980,+3.46,+24.401, +0.052,+0.932
1704758040,+3.46,+24.418, +0.052,+0.932
1704758100,+3.46,+24.410, +0.054,+0.932
1704758160,+3.46,+24.426, +0.054,+0.932
1704758220,+3.46,+24.401, +0.077,+0.933
1704758280,+3.46,+24.410, +0.062,+0.932
1704758340,+3.46,+24.401, +0.055,+0.932
1704758400,+3.46,+24.393, +0.053,+0.932
1704758460,+3.46,+24.410, +0.053,+0.932
1704758520,+3.46,+24.401, +0.052,+0.932
1704758580,+3.46,+24.401, +0.053,+0.932
1704758640,+3.46,+24.401, +0.055,+0.932
1704758700,+3.46,+24.393, +0.054,+0.932
1704758760,+3.46,+24.401, +0.054,+0.932
1704758820,+3.46,+24.401, +0.054,+0.932
1704758880,+3.46,+24.401, +0.055,+0.932
1704758940,+3.46,+24.401, +0.054,+0.932
1704759000,+3.46,+24.393, +0.053,+0.932
1704759060,+3.46,+24.376, +0.054,+0.932
1704759120,+3.46,+24.376, +0.054,+0.932
1704759180,+3.46,+24.393, +0.054,+0.932
1704759240,+3.46,+24.376, +0.054,+0.932
1704759300,+3.46,+24.401, +0.055,+0.932
1704759360,+3.46,+24.401, +0.053,+0.932
1704759420,+3.46,+24.393, +0.058,+0.932
1704759480,+3.46,+24.368, +0.055,+0.932
1704759540,+3.46,+24.368, +0.055,+0.932
1704759600,+3.46,+24.376, +0.056,+0.932
1704759660,+3.46,+24.359, +0.062,+0.932
1704759720,+3.46,+24.376, +0.056,+0.932
1704759780,+3.46,+24.376, +0.054,+0.932
1704759840,+3.46,+24.384, +0.053,+0.932
1704759900,+3.46,+24.393, +0.076,+0.932
1704759960,+3.46,+24.376, +0.053,+0.932
1704760020,+3.46,+24.376, +0.056,+0.932
1704760080,+3.46,+24.368, +0.054,+0.932
1704760140,+3.46,+24.368, +0.053,+0.932
1704760200,+3.46,+24.376, +0.053,+0.932
1704760260,+3.46,+24.376, +0.057,+0.932
1704760320,+3.46,+24.359, +0.053,+0.932
1704760380,+3.46,+24.384, +0.053,+0.932
1704760440,+3.46,+24.376, +0.053,+0.932
1704760500,+3.46,+24.368, +0.052,+0.932
1704760560,+3.46,+24.359, +0.053,+0.932
1704760620,+3.46,+24.359, +0.052,+0.932
1704760680,+3.46,+24.368, +0.052,+0.932
1704760740,+3.46,+24.359, +0.053,+0.932
1704760800,+3.46,+24.376, +0.053,+0.932
1704760860,+3.46,+24.368, +0.056,+0.932
1704760920,+3.46,+24.359, +0.053,+0.932
1704760980,+3.46,+24.359, +0.053,+0.932
1704761040,+3.46,+24.334, +0.053,+0.932
1704761100,+3.46,+24.342, +0.052,+0.932
1704761160,+3.46,+24.351, +0.052,+0.932
1704761220,+3.46,+24.368, +0.052,+0.932
1704761280,+3.46,+24.351, +0.053,+0.932
1704761340,+3.46,+24.351, +0.053,+0.932
1704761400,+3.46,+24.351, +0.052,+0.932
1704761460,+3.46,+24.334, +0.052,+0.932
1704761520,+3.46,+24.351, +0.052,+0.932
1704761580,+3.46,+24.351, +0.053,+0.932
1704761640,+3.46,+24.326, +0.053,+0.932
1704761700,+3.46,+24.342, +0.053,+0.932
1704761760,+3.46,+24.342, +0.052,+0.932
1704761820,+3.46,+24.342, +0.053,+0.932
1704761880,+3.46,+24.326, +0.053,+0.932
1704761940,+3.46,+24.326, +0.053,+0.932
1704762000,+3.46,+24.326, +0.053,+0.932
1704762060,+3.46,+24.326, +0.052,+0.932
1704762120,+3.46,+24.334, +0.053,+0.932
1704762180,+3.46,+24.326, +0.053,+0.932
1704762240,+3.46,+24.317, +0.052,+0.932
1704762300,+3.46,+24.317, +0.052,+0.932
1704762360,+3.46,+24.317, +0.053,+0.932
1704762420,+3.46,+24.309, +0.052,+0.932
1704762480,+3.46,+24.300, +0.052,+0.932
1704762540,+3.46,+24.326, +0.053,+0.932
1704762600,+3.46,+24.317, +0.052,+0.932
1704762660,+3.46,+24.309, +0.052,+0.932
1704762720,+3.46,+24.309, +0.053,+0.932
1704762780,+3.45,+24.300, +0.052,+0.932
1704762840,+3.45,+24.275, +0.053,+0.932
1704762900,+3.45,+24.292, +0.052,+0.932
1704762960,+3.45,+24.292, +0.052,+0.932
1704763020,+3.45,+24.300, +0.052,+0.932
1704763080,+3.46,+24.300, +0.058,+0.932
1704763140,+3.45,+24.300, +0.053,+0.932
1704763200,+3.45,+24.300, +0.053,+0.932
1704763260,+3.45,+24.284, +0.052,+0.932
1704763320,+3.45,+24.275, +0.052,+0.932
1704763380,+3.45,+24.275, +0.052,+0.932
1704763440,+3.45,+24.284, +0.052,+0.932
1704763500,+3.45,+24.284, +0.052,+0.932
1704763560,+3.45,+24.275, +0.078,+0.933
1704763620,+3.45,+24.267, +0.063,+0.932
1704763680,+3.45,+24.259, +0.053,+0.932
1704763740,+3.45,+24.267, +0.063,+0.932
1704763800,+3.45,+24.259, +0.052,+0.932
1704763860,+3.45,+24.259, +0.053,+0.932
1704763920,+3.45,+24.250, +0.053,+0.932
1704763980,+3.45,+24.259, +0.052,+0.932
1704764040,+3.45,+24.250, +0.052,+0.932
1704764100,+3.45,+24.242, +0.052,+0.932
1704764160,+3.45,+24.242, +0.052,+0.932
1704764220,+3.45,+24.259, +0.052,+0.932
1704764280,+3.45,+24.242, +0.052,+0.932
1704764340,+3.45,+24.242, +0.052,+0.932
1704764400,+3.45,+24.233, +0.053,+0.932
1704764460,+3.45,+24.250, +0.052,+0.932
1704764520,+3.45,+24.250, +0.053,+0.932
1704764580,+3.45,+24.250, +0.052,+0.932
1704764640,+3.45,+24.233, +0.053,+0.932
1704764700,+3.45,+24.225, +0.052,+0.932
1704764760,+3.45,+24.250, +0.053,+0.932
1704764820,+3.45,+24.233, +0.052,+0.932
1704764880,+3.45,+24.242, +0.052,+0.932
1704764940,+3.45,+24.233, +0.052,+0.932
1704765000,+3.45,+24.225, +0.052,+0.932
1704765060,+3.45,+24.225, +0.052,+0.932
1704765120,+3.45,+24.208, +0.052,+0.932
1704765180,+3.45,+24.217, +0.052,+0.932
1704765240,+3.45,+24.233, +0.052,+0.932
1704765300,+3.45,+24.208, +0.052,+0.932
1704765360,+3.45,+24.200, +0.052,+0.932
1704765420,+3.45,+24.217, +0.052,+0.932
1704765480,+3.45,+24.217, +0.053,+0.932
1704765540,+3.45,+24.200, +0.052,+0.932
1704765600,+3.45,+24.208, +0.051,+0.932
1704765660,+3.45,+24.233, +0.053,+0.932
1704765720,+3.45,+24.191, +0.053,+0.932
1704765780,+3.45,+24.200, +0.053,+0.932
1704765840,+3.45,+24.208, +0.053,+0.932
1704765900,+3.45,+24.191, +0.053,+0.932
1704765960,+3.45,+24.200, +0.052,+0.932
1704766020,+3.45,+24.183, +0.053,+0.932
1704766080,+3.45,+24.200, +0.052,+0.932
1704766140,+3.45,+24.183, +0.053,+0.932
1704766200,+3.45,+24.191, +0.052,+0.932
1704766260,+3.45,+24.200, +0.052,+0.932
1704766320,+3.45,+24.175, +0.052,+0.932
1704766380,+3.45,+24.183, +0.052,+0.932
1704766440,+3.45,+24.175, +0.052,+0.932
1704766500,+3.45,+24.175, +0.052,+0.932
1704766560,+3.45,+24.183, +0.052,+0.932
1704766620,+3.45,+24.175, +0.052,+0.932
1704766680,+3.45,+24.175, +0.053,+0.932
1704766740,+3.45,+24.166, +0.053,+0.932
1704766800,+3.45,+24.183, +0.053,+0.932
1704766860,+3.45,+24.166, +0.052,+0.932
1704766920,+3.45,+24.158, +0.052,+0.932
1704766980,+3.45,+24.166, +0.052,+0.932
1704767040,+3.45,+24.166, +0.053,+0.932
1704767100,+3.45,+24.166, +0.053,+0.932
1704767160,+3.45,+24.149, +0.053,+0.932
1704767220,+3.45,+24.158, +0.053,+0.932
1704767280,+3.45,+24.158, +0.053,+0.932
1704767340,+3.45,+24.149, +0.053,+0.932
1704767400,+3.45,+24.149, +0.053,+0.932
1704767460,+3.45,+24.149, +0.052,+0.932
1704767520,+3.45,+24.158, +0.052,+0.932
1704767580,+3.45,+24.166, +0.052,+0.932
1704767640,+3.45,+24.166, +0.052,+0.932
1704767700,+3.45,+24.133, +0.052,+0.932
1704767760,+3.45,+24.141, +0.052,+0.932
1704767820,+3.45,+24.133, +0.052,+0.932
1704767880,+3.45,+24.124, +0.052,+0.932
1704767940,+3.45,+24.158, +0.052,+0.932
1704768000,+3.45,+24.133, +0.052,+0.932
1704768060,+3.45,+24.133, +0.052,+0.932
1704768120,+3.45,+24.116, +0.052,+0.932
1704768180,+3.45,+24.108, +0.052,+0.932
1704768240,+3.45,+24.133, +0.052,+0.932
1704768300,+3.45,+24.116, +0.053,+0.932
1704768360,+3.45,+24.141, +0.052,+0.932
1704768420,+3.45,+24.108, +0.053,+0.932
1704768480,+3.45,+24.108, +0.053,+0.932
1704768540,+3.45,+24.116, +0.052,+0.932
1704768600,+3.45,+24.124, +0.052,+0.932
1704768660,+3.45,+24.099, +0.052,+0.932
1704768720,+3.45,+24.108, +0.052,+0.932
1704768780,+3.45,+24.099, +0.052,+0.932
1704768840,+3.45,+24.116, +0.052,+0.932
1704768900,+3.45,+24.099, +0.052,+0.932
1704768960,+3.45,+24.099, +0.052,+0.932
1704769020,+3.45,+24.091, +0.053,+0.932
1704769080,+3.45,+24.091, +0.052,+0.932
1704769140,+3.45,+24.091, +0.052,+0.932
1704769200,+3.45,+24.099, +0.052,+0.932
1704769260,+3.45,+24.091, +0.052,+0.932
1704769320,+3.45,+24.082, +0.052,+0.932
1704769380,+3.45,+24.082, +0.052,+0.932
1704769440,+3.45,+24.074, +0.052,+0.932
1704769500,+3.45,+24.091, +0.052,+0.932
1704769560,+3.45,+24.074, +0.053,+0.932
1704769620,+3.45,+24.082, +0.052,+0.932
1704769680,+3.45,+24.082, +0.053,+0.932
1704769740,+3.45,+24.091, +0.052,+0.932
1704769800,+3.45,+24.074, +0.052,+0.932
1704769860,+3.45,+24.082, +0.052,+0.932
1704769920,+3.45,+24.082, +0.052,+0.932
1704769980,+3.45,+24.057, +0.052,+0.932
1704770040,+3.45,+24.066, +0.052,+0.932
1704770100,+3.45,+24.057, +0.052,+0.932
1704770160,+3.45,+24.049, +0.052,+0.932
1704770220,+3.45,+24.057, +0.052,+0.932
1704770280,+3.45,+24.057, +0.052,+0.932
1704770340,+3.45,+24.066, +0.052,+0.932
1704770400,+3.45,+24.032, +0.052,+0.932
1704770460,+3.45,+24.066, +0.052,+0.932
1704770520,+3.45,+24.040, +0.053,+0.932
1704770580,+3.45,+24.040, +0.052,+0.932
1704770640,+3.45,+24.049, +0.052,+0.932
1704770700,+3.45,+24.040, +0.052,+0.932
1704770760,+3.45,+24.032, +0.053,+0.932
1704770820,+3.45,+24.015, +0.052,+0.932
1704770880,+3.45,+24.032, +0.053,+0.932
1704770940,+3.45,+24.032, +0.052,+0.932
1704771000,+3.45,+24.032, +0.052,+0.932
1704771060,+3.45,+24.032, +0.052,+0.932
1704771120,+3.45,+24.040, +0.052,+0.932
1704771180,+3.45,+24.015, +0.053,+0.932
1704771240,+3.45,+24.007, +0.052,+0.932
1704771300,+3.45,+24.007, +0.053,+0.932
1704771360,+3.45,+23.999, +0.052,+0.932
1704771420,+3.45,+24.015, +0.052,+0.932
1704771480,+3.45,+24.015, +0.052,+0.932
1704771540,+3.45,+23.999, +0.052,+0.932
1704771600,+3.45,+23.990, +0.052,+0.932
1704771660,+3.45,+23.990, +0.052,+0.932
1704771720,+3.45,+24.007, +0.052,+0.932
1704771780,+3.45,+24.007, +0.052,+0.932
1704771840,+3.45,+24.007, +0.052,+0.932
1704771900,+3.45,+24.007, +0.052,+0.932
1704771960,+3.45,+24.024, +0.052,+0.932
1704772020,+3.45,+24.007, +0.053,+0.932
1704772080,+3.45,+23.999, +0.052,+0.932
1704772140,+3.45,+23.982, +0.052,+0.932
1704772200,+3.45,+23.990, +0.052,+0.932
1704772260,+3.45,+23.999, +0.052,+0.932
1704772320,+3.45,+24.015, +0.052,+0.932
1704772380,+3.45,+24.007, +0.052,+0.932
1704772440,+3.45,+23.982, +0.052,+0.932
1704772500,+3.45,+23.990, +0.052,+0.932
1704772560,+3.45,+23.999, +0.052,+0.932
1704772620,+3.45,+23.990, +0.052,+0.932
1704772680,+3.45,+23.999, +0.052,+0.932
1704772740,+3.45,+23.982, +0.052,+0.932
1704772800,+3.45,+23.973, +0.052,+0.932
1704772860,+3.45,+23.982, +0.052,+0.932
1704772920,+3.45,+23.982, +0.052,+0.932
1704772980,+3.45,+23.973, +0.052,+0.932
1704773040,+3.45,+23.973, +0.052,+0.932
1704773100,+3.45,+23.965, +0.052,+0.932
1704773160,+3.45,+23.965, +0.053,+0.932
1704773220,+3.45,+23.957, +0.052,+0.932
1704773280,+3.45,+23.957, +0.052,+0.932
1704773340,+3.45,+23.957, +0.052,+0.932
1704773400,+3.45,+23.965, +0.052,+0.932
1704773460,+3.46,+23.940, +0.053,+0.932
1704773520,+3.45,+23.957, +0.052,+0.932
1704773580,+3.45,+23.948, +0.053,+0.932
1704773640,+3.45,+23.940, +0.053,+0.932
1704773700,+3.46,+23.940, +0.052,+0.932
1704773760,+3.45,+23.948, +0.052,+0.932
1704773820,+3.45,+23.948, +0.052,+0.932
1704773880,+3.46,+23.932, +0.052,+0.932
1704773940,+3.45,+23.940, +0.052,+0.932
1704774000,+3.46,+23.923, +0.052,+0.932
1704774060,+3.45,+23.932, +0.052,+0.932
1704774120,+3.46,+23.923, +0.051,+0.932
1704774180,+3.45,+23.915, +0.051,+0.932
1704774240,+3.45,+23.915, +0.052,+0.932
1704774300,+3.46,+23.915, +0.052,+0.932
1704774360,+3.45,+23.923, +0.052,+0.932
1704774420,+3.46,+23.915, +0.052,+0.932
1704774480,+3.46,+23.915, +0.052,+0.932
1704774540,+3.46,+23.890, +0.052,+0.932
1704774600,+3.46,+23.915, +0.052,+0.932
1704774660,+3.45,+23.890, +0.052,+0.932
1704774720,+3.46,+23.906, +0.052,+0.932
1704774780,+3.46,+23.915, +0.052,+0.932
1704774840,+3.46,+23.906, +0.053,+0.932
1704774900,+3.45,+23.915, +0.052,+0.932
1704774960,+3.46,+23.898, +0.052,+0.932
1704775020,+3.46,+23.898, +0.052,+0.932
1704775080,+3.45,+23.906, +0.052,+0.932
1704775140,+3.45,+23.906, +0.053,+0.932
1704775200,+3.45,+23.906, +0.052,+0.932
1704775260,+3.46,+23.898, +0.052,+0.932
1704775320,+3.45,+23.915, +0.052,+0.932
1704775380,+3.46,+23.915, +0.052,+0.932
1704775440,+3.46,+23.898, +0.052,+0.932
1704775500,+3.45,+23.898, +0.053,+0.932
1704775560,+3.45,+23.906, +0.052,+0.932
1704775620,+3.46,+23.890, +0.052,+0.932
1704775680,+3.45,+23.898, +0.052,+0.932
1704775740,+3.45,+23.881, +0.052,+0.932
1704775800,+3.46,+23.864, +0.052,+0.932
1704775860,+3.46,+23.890, +0.052,+0.932
1704775920,+3.46,+23.890, +0.052,+0.932
1704775980,+3.46,+23.881, +0.052,+0.932
1704776040,+3.46,+23.890, +0.052,+0.932
1704776100,+3.46,+23.890, +0.052,+0.932
1704776160,+3.46,+23.890, +0.052,+0.932
1704776220,+3.46,+23.873, +0.052,+0.932
1704776280,+3.46,+23.873, +0.052,+0.932
1704776340,+3.46,+23.881, +0.052,+0.932
1704776400,+3.46,+23.873, +0.052,+0.932
1704776460,+3.45,+23.873, +0.052,+0.932
1704776520,+3.46,+23.864, +0.052,+0.932
1704776580,+3.46,+23.881, +0.052,+0.932
1704776640,+3.46,+23.864, +0.052,+0.932
1704776700,+3.46,+23.864, +0.052,+0.932
1704776760,+3.46,+23.864, +0.052,+0.932
1704776820,+3.46,+23.848, +0.052,+0.932
1704776880,+3.45,+23.864, +0.051,+0.932
1704776940,+3.46,+23.848, +0.052,+0.932
1704777000,+3.46,+23.848, +0.052,+0.932
1704777060,+3.46,+23.839, +0.052,+0.932
1704777120,+3.46,+23.856, +0.052,+0.932
1704777180,+3.46,+23.848, +0.052,+0.932
1704777240,+3.46,+23.823, +0.052,+0.932
1704777300,+3.46,+23.848, +0.052,+0.932
1704777360,+3.46,+23.848, +0.052,+0.932
1704777420,+3.46,+23.831, +0.052,+0.932
1704777480,+3.46,+23.831, +0.051,+0.932
1704777540,+3.46,+23.839, +0.052,+0.932
1704777600,+3.46,+23.823, +0.053,+0.932
1704777660,+3.46,+23.823, +0.053,+0.932
1704777720,+3.46,+23.848, +0.052,+0.932
1704777780,+3.46,+23.839, +0.052,+0.932
1704777840,+3.46,+23.814, +0.052,+0.932
1704777900,+3.46,+23.806, +0.052,+0.932
1704777960,+3.46,+23.823, +0.052,+0.932
1704778020,+3.46,+23.823, +0.052,+0.932
1704778080,+3.46,+23.823, +0.052,+0.932
1704778140,+3.46,+23.814, +0.052,+0.932
1704778200,+3.46,+23.806, +0.052,+0.932
1704778260,+3.46,+23.806, +0.052,+0.932
1704778320,+3.46,+23.823, +0.052,+0.932
1704778380,+3.46,+23.814, +0.052,+0.932
1704778440,+3.46,+23.814, +0.052,+0.932
1704778500,+3.46,+23.814, +0.052,+0.932
1704778560,+3.46,+23.806, +0.052,+0.932
1704778620,+3.46,+23.806, +0.052,+0.932
1704778680,+3.46,+23.806, +0.053,+0.932
1704778740,+3.46,+23.806, +0.052,+0.932
1704778800,+3.46,+23.814, +0.052,+0.932
1704778860,+3.46,+23.797, +0.053,+0.932
1704778920,+3.46,+23.806, +0.052,+0.932
1704778980,+3.46,+23.814, +0.052,+0.932
1704779040,+3.46,+23.806, +0.052,+0.932
1704779100,+3.46,+23.797, +0.052,+0.932
1704779160,+3.46,+23.814, +0.052,+0.932
1704779220,+3.46,+23.806, +0.052,+0.932
1704779280,+3.46,+23.797, +0.052,+0.932
1704779340,+3.46,+23.806, +0.051,+0.932
1704779400,+3.46,+23.806, +0.052,+0.932
1704779460,+3.46,+23.814, +0.052,+0.932
1704779520,+3.46,+23.789, +0.052,+0.932
1704779580,+3.46,+23.806, +0.052,+0.932
1704779640,+3.46,+23.806, +0.052,+0.932
1704779700,+3.46,+23.781, +0.052,+0.932
1704779760,+3.46,+23.814, +0.053,+0.932
1704779820,+3.46,+23.814, +0.052,+0.932
1704779880,+3.46,+23.823, +0.052,+0.932
1704779940,+3.46,+23.789, +0.052,+0.932
1704780000,+3.46,+23.797, +0.052,+0.932
1704780060,+3.46,+23.797, +0.051,+0.932
1704780120,+3.46,+23.823, +0.051,+0.932
1704780180,+3.46,+23.797, +0.052,+0.932
1704780240,+3.46,+23.797, +0.051,+0.932
1704780300,+3.46,+23.814, +0.052,+0.932
1704780360,+3.46,+23.781, +0.052,+0.932
1704780420,+3.46,+23.823, +0.051,+0.932
1704780480,+3.46,+23.797, +0.053,+0.932
1704780540,+3.46,+23.797, +0.052,+0.932
1704780600,+3.46,+23.806, +0.052,+0.932
1704780660,+3.46,+23.789, +0.051,+0.932
1704780720,+3.46,+23.806, +0.052,+0.932
1704780780,+3.46,+23.781, +0.052,+0.932
1704780840,+3.46,+23.797, +0.051,+0.932
1704780900,+3.46,+23.789, +0.053,+0.932
1704780960,+3.46,+23.781, +0.052,+0.932
1704781020,+3.46,+23.772, +0.052,+0.932
1704781080,+3.46,+23.789, +0.052,+0.932
1704781140,+3.46,+23.781, +0.052,+0.932
1704781200,+3.46,+23.781, +0.052,+0.932
1704781260,+3.46,+23.789, +0.052,+0.932
1704781320,+3.46,+23.797, +0.052,+0.932
1704781380,+3.46,+23.772, +0.052,+0.932
1704781440,+3.46,+23.797, +0.052,+0.932
1704781500,+3.46,+23.781, +0.052,+0.932
1704781560,+3.46,+23.781, +0.052,+0.932
1704781620,+3.46,+23.781, +0.052,+0.932
1704781680,+3.46,+23.764, +0.052,+0.932
1704781740,+3.46,+23.772, +0.052,+0.932
1704781800,+3.46,+23.764, +0.051,+0.932
1704781860,+3.46,+23.764, +0.052,+0.932
1704781920,+3.46,+23.781, +0.051,+0.932
1704781980,+3.46,+23.764, +0.052,+0.932
1704782040,+3.46,+23.747, +0.052,+0.932
1704782100,+3.46,+23.756, +0.051,+0.932
1704782160,+3.46,+23.739, +0.052,+0.932
1704782220,+3.46,+23.730, +0.052,+0.932
1704782280,+3.46,+23.756, +0.052,+0.932
1704782340,+3.46,+23.747, +0.052,+0.932
1704782400,+3.46,+23.730, +0.052,+0.932
1704782460,+3.46,+23.747, +0.052,+0.932
1704782520,+3.46,+23.739, +0.053,+0.932
1704782580,+3.46,+23.730, +0.052,+0.932
1704782640,+3.46,+23.756, +0.052,+0.932
1704782700,+3.46,+23.739, +0.052,+0.932
1704782760,+3.46,+23.756, +0.052,+0.932
1704782820,+3.46,+23.747, +0.052,+0.932
1704782880,+3.46,+23.730, +0.052,+0.932
1704782940,+3.46,+23.739, +0.051,+0.932
1704783000,+3.46,+23.730, +0.052,+0.932
1704783060,+3.46,+23.747, +0.052,+0.932
1704783120,+3.46,+23.714, +0.052,+0.932
1704783180,+3.46,+23.730, +0.052,+0.932
1704783240,+3.46,+23.730, +0.052,+0.932
1704783300,+3.46,+23.714, +0.052,+0.932
1704783360,+3.46,+23.722, +0.052,+0.932
1704783420,+3.46,+23.722, +0.052,+0.932
1704783480,+3.46,+23.722, +0.052,+0.932
1704783540,+3.46,+23.722, +0.052,+0.932
1704783600,+3.46,+23.722, +0.052,+0.932
1704783660,+3.46,+23.714, +0.052,+0.932
1704783720,+3.46,+23.705, +0.052,+0.932
1704783780,+3.46,+23.730, +0.052,+0.932
1704783840,+3.46,+23.714, +0.052,+0.932
1704783900,+3.46,+23.705, +0.052,+0.932
1704783960,+3.46,+23.705, +0.052,+0.932
1704784020,+3.46,+23.714, +0.053,+0.932
1704784080,+3.46,+23.697, +0.052,+0.932
1704784140,+3.46,+23.697, +0.052,+0.932
1704784200,+3.46,+23.714, +0.052,+0.932
1704784260,+3.46,+23.705, +0.052,+0.932
1704784320,+3.46,+23.697, +0.052,+0.932
1704784380,+3.46,+23.714, +0.051,+0.932
1704784440,+3.46,+23.705, +0.052,+0.932
1704784500,+3.46,+23.714, +0.052,+0.932
1704784560,+3.46,+23.714, +0.052,+0.932
1704784620,+3.46,+23.705, +0.052,+0.932
1704784680,+3.46,+23.697, +0.052,+0.932
1704784740,+3.46,+23.705, +0.051,+0.932
1704784800,+3.46,+23.705, +0.051,+0.932
1704784860,+3.46,+23.689, +0.052,+0.932
1704784920,+3.46,+23.689, +0.051,+0.932
1704784980,+3.46,+23.705, +0.052,+0.932
1704785040,+3.46,+23.672, +0.052,+0.932
1704785100,+3.46,+23.689, +0.052,+0.932
1704785160,+3.46,+23.689, +0.052,+0.932
1704785220,+3.46,+23.714, +0.052,+0.932
1704785280,+3.46,+23.722, +0.052,+0.932
1704785340,+3.46,+23.705, +0.052,+0.932
1704785400,+3.46,+23.705, +0.052,+0.932
1704785460,+3.46,+23.705, +0.052,+0.932
1704785520,+3.46,+23.697, +0.052,+0.932
1704785580,+3.46,+23.689, +0.052,+0.932
1704785640,+3.46,+23.722, +0.052,+0.932
1704785700,+3.46,+23.672, +0.052,+0.932
1704785760,+3.46,+23.689, +0.052,+0.932
1704785820,+3.46,+23.697, +0.052,+0.932
1704785880,+3.46,+23.697, +0.052,+0.932
1704785940,+3.46,+23.680, +0.052,+0.932
1704786000,+3.46,+23.672, +0.052,+0.932
1704786060,+3.46,+23.697, +0.052,+0.932
1704786120,+3.46,+23.697, +0.052,+0.932
1704786180,+3.46,+23.680, +0.052,+0.932
1704786240,+3.46,+23.672, +0.052,+0.932
1704786300,+3.46,+23.689, +0.052,+0.932
1704786360,+3.46,+23.680, +0.051,+0.932
1704786420,+3.46,+23.680, +0.052,+0.932
1704786480,+3.46,+23.663, +0.052,+0.932
1704786540,+3.46,+23.663, +0.052,+0.932
1704786600,+3.46,+23.689, +0.051,+0.932
1704786660,+3.46,+23.663, +0.052,+0.932
1704786720,+3.46,+23.680, +0.052,+0.932
1704786780,+3.46,+23.680, +0.052,+0.932
1704786840,+3.46,+23.680, +0.051,+0.932
1704786900,+3.46,+23.672, +0.052,+0.932
1704786960,+3.46,+23.689, +0.052,+0.932
1704787020,+3.46,+23.680, +0.052,+0.932
1704787080,+3.46,+23.663, +0.052,+0.932
1704787140,+3.46,+23.663, +0.052,+0.932
1704787200,+3.46,+23.663, +0.052,+0.932
1704787260,+3.46,+23.680, +0.052,+0.932
1704787320,+3.46,+23.680, +0.052,+0.932
1704787380,+3.46,+23.680, +0.051,+0.932
1704787440,+3.46,+23.663, +0.052,+0.932
1704787500,+3.46,+23.672, +0.052,+0.932
1704787560,+3.46,+23.672, +0.052,+0.932
1704787620,+3.46,+23.655, +0.052,+0.932
1704787680,+3.46,+23.689, +0.052,+0.932
1704787740,+3.46,+23.680, +0.052,+0.932
1704787800,+3.46,+23.655, +0.052,+0.932
1704787860,+3.46,+23.655, +0.052,+0.932
1704787920,+3.46,+23.680, +0.052,+0.932
1704787980,+3.46,+23.663, +0.052,+0.932
1704788040,+3.46,+23.672, +0.052,+0.932
1704788100,+3.46,+23.655, +0.052,+0.932
1704788160,+3.46,+23.647, +0.052,+0.932
1704788220,+3.46,+23.663, +0.052,+0.932
1704788280,+3.46,+23.663, +0.051,+0.932
1704788340,+3.46,+23.655, +0.052,+0.932
1704788400,+3.46,+23.663, +0.051,+0.932
1704788460,+3.46,+23.655, +0.051,+0.932
1704788520,+3.46,+23.663, +0.052,+0.932
1704788580,+3.46,+23.638, +0.052,+0.932
1704788640,+3.46,+23.647, +0.052,+0.932
1704788700,+3.46,+23.663, +0.051,+0.932
1704788760,+3.46,+23.647, +0.051,+0.932
1704788820,+3.46,+23.655, +0.052,+0.932
1704788880,+3.46,+23.647, +0.052,+0.932
1704788940,+3.46,+23.647, +0.052,+0.932
1704789000,+3.46,+23.655, +0.052,+0.932
1704789060,+3.46,+23.638, +0.052,+0.932
1704789120,+3.46,+23.630, +0.052,+0.932
1704789180,+3.46,+23.638, +0.051,+0.932
1704789240,+3.46,+23.630, +0.051,+0.932
1704789300,+3.46,+23.622, +0.052,+0.932
1704789360,+3.46,+23.630, +0.052,+0.932
1704789420,+3.46,+23.630, +0.052,+0.932
1704789480,+3.46,+23.638, +0.052,+0.932
1704789540,+3.46,+23.613, +0.051,+0.932
1704789600,+3.46,+23.630, +0.052,+0.932
1704789660,+3.46,+23.622, +0.052,+0.932
1704789720,+3.46,+23.630, +0.052,+0.932
1704789780,+3.46,+23.622, +0.051,+0.932
1704789840,+3.46,+23.622, +0.052,+0.932
1704789900,+3.46,+23.613, +0.051,+0.932
1704789960,+3.46,+23.622, +0.052,+0.932
1704790020,+3.46,+23.622, +0.052,+0.932
1704790080,+3.46,+23.630, +0.052,+0.932
1704790140,+3.46,+23.622, +0.052,+0.932
1704790200,+3.46,+23.622, +0.052,+0.932
1704790260,+3.46,+23.605, +0.051,+0.932
1704790320,+3.46,+23.622, +0.052,+0.932
1704790380,+3.46,+23.613, +0.052,+0.932
1704790440,+3.46,+23.630, +0.052,+0.932
1704790500,+3.46,+23.638, +0.052,+0.932
1704790560,+3.46,+23.613, +0.052,+0.932
1704790620,+3.46,+23.613, +0.052,+0.932
1704790680,+3.46,+23.596, +0.052,+0.932
1704790740,+3.46,+23.613, +0.052,+0.932
1704790800,+3.46,+23.596, +0.052,+0.932
1704790860,+3.46,+23.605, +0.052,+0.932
1704790920,+3.46,+23.596, +0.051,+0.932
1704790980,+3.46,+23.605, +0.052,+0.932
1704791040,+3.46,+23.596, +0.052,+0.932
1704791100,+3.46,+23.605, +0.052,+0.932
1704791160,+3.46,+23.588, +0.052,+0.932
1704791220,+3.46,+23.588, +0.052,+0.932
1704791280,+3.46,+23.588, +0.052,+0.932
1704791340,+3.46,+23.605, +0.052,+0.932
1704791400,+3.46,+23.605, +0.052,+0.932
1704791460,+3.46,+23.596, +0.052,+0.932
1704791520,+3.46,+23.605, +0.052,+0.932
1704791580,+3.46,+23.588, +0.052,+0.932
1704791640,+3.46,+23.596, +0.051,+0.932
1704791700,+3.46,+23.588, +0.052,+0.932
1704791760,+3.46,+23.588, +0.052,+0.932
1704791820,+3.46,+23.613, +0.051,+0.932
1704791880,+3.46,+23.588, +0.052,+0.932
1704791940,+3.46,+23.580, +0.052,+0.932
1704792000,+3.46,+23.605, +0.052,+0.932
1704792060,+3.46,+23.596, +0.052,+0.932
1704792120,+3.46,+23.605, +0.052,+0.932
1704792180,+3.46,+23.605, +0.052,+0.932
1704792240,+3.46,+23.588, +0.051,+0.932
1704792300,+3.46,+23.580, +0.052,+0.932
1704792360,+3.46,+23.596, +0.051,+0.932
1704792420,+3.46,+23.588, +0.052,+0.932
1704792480,+3.46,+23.605, +0.051,+0.932
1704792540,+3.46,+23.588, +0.052,+0.932
1704792600,+3.46,+23.613, +0.051,+0.932
1704792660,+3.46,+23.596, +0.052,+0.932
1704792720,+3.46,+23.605, +0.051,+0.932
1704792780,+3.46,+23.596, +0.052,+0.932
1704792840,+3.46,+23.596, +0.051,+0.932
1704792900,+3.46,+23.596, +0.052,+0.932
1704792960,+3.46,+23.580, +0.052,+0.932
1704793020,+3.46,+23.596, +0.051,+0.932
1704793080,+3.46,+23.580, +0.051,+0.932
1704793140,+3.46,+23.580, +0.052,+0.932
1704793200,+3.46,+23.571, +0.052,+0.932
1704793260,+3.46,+23.580, +0.052,+0.932
1704793320,+3.46,+23.588, +0.052,+0.932
1704793380,+3.46,+23.571, +0.052,+0.932
1704793440,+3.46,+23.613, +0.052,+0.932
1704793500,+3.46,+23.588, +0.051,+0.932
1704793560,+3.46,+23.580, +0.052,+0.932
1704793620,+3.46,+23.588, +0.052,+0.932
1704793680,+3.46,+23.580, +0.052,+0.932
1704793740,+3.46,+23.596, +0.051,+0.932
1704793800,+3.46,+23.571, +0.052,+0.932
1704793860,+3.46,+23.571, +0.052,+0.932
1704793920,+3.46,+23.580, +0.052,+0.932
1704793980,+3.46,+23.563, +0.052,+0.932
1704794040,+3.46,+23.580, +0.052,+0.932
1704794100,+3.46,+23.580, +0.051,+0.932
1704794160,+3.46,+23.571, +0.051,+0.932
1704794220,+3.46,+23.596, +0.051,+0.932
1704794280,+3.46,+23.580, +0.052,+0.932
1704794340,+3.46,+23.555, +0.052,+0.932
1704794400,+3.46,+23.588, +0.052,+0.932
1704794460,+3.46,+23.580, +0.051,+0.932
1704794520,+3.46,+23.580, +0.052,+0.932
1704794580,+3.46,+23.596, +0.052,+0.932
1704794640,+3.46,+23.588, +0.052,+0.932
1704794700,+3.46,+23.555, +0.052,+0.932
1704794760,+3.46,+23.596, +0.052,+0.932
1704794820,+3.46,+23.580, +0.051,+0.932
1704794880,+3.46,+23.563, +0.052,+0.932
1704794940,+3.46,+23.580, +0.052,+0.932
1704795000,+3.46,+23.588, +0.051,+0.932
1704795060,+3.46,+23.571, +0.052,+0.932
1704795120,+3.46,+23.571, +0.052,+0.932
1704795180,+3.46,+23.563, +0.052,+0.932
1704795240,+3.46,+23.571, +0.052,+0.932
1704795300,+3.46,+23.588, +0.051,+0.932
1704795360,+3.46,+23.580, +0.052,+0.932
1704795420,+3.46,+23.563, +0.052,+0.932
1704795480,+3.46,+23.563, +0.052,+0.932
1704795540,+3.46,+23.580, +0.052,+0.932
1704795600,+3.46,+23.580, +0.051,+0.932
1704795660,+3.46,+23.571, +0.052,+0.932
1704795720,+3.46,+23.555, +0.052,+0.932
1704795780,+3.46,+23.571, +0.051,+0.932
1704795840,+3.46,+23.555, +0.052,+0.932
1704795900,+3.46,+23.571, +0.052,+0.932
1704795960,+3.46,+23.563, +0.052,+0.932
1704796020,+3.46,+23.563, +0.052,+0.932
1704796080,+3.46,+23.538, +0.052,+0.932
1704796140,+3.46,+23.571, +0.051,+0.932
1704796200,+3.46,+23.571, +0.052,+0.932
1704796260,+3.46,+23.555, +0.052,+0.932
1704796320,+3.46,+23.555, +0.051,+0.932
1704796380,+3.46,+23.555, +0.051,+0.932
1704796440,+3.46,+23.563, +0.052,+0.932
1704796500,+3.46,+23.555, +0.052,+0.932
1704796560,+3.46,+23.555, +0.052,+0.932
1704796620,+3.46,+23.555, +0.052,+0.932
1704796680,+3.46,+23.546, +0.052,+0.932
1704796740,+3.46,+23.555, +0.052,+0.932
1704796800,+3.46,+23.555, +0.052,+0.932
1704796860,+3.46,+23.546, +0.052,+0.932
1704796920,+3.46,+23.563, +0.051,+0.932
1704796980,+3.46,+23.546, +0.052,+0.932
1704797040,+3.46,+23.546, +0.052,+0.932
1704797100,+3.46,+23.546, +0.052,+0.932
1704797160,+3.46,+23.538, +0.051,+0.932
1704797220,+3.46,+23.546, +0.051,+0.932
1704797280,+3.46,+23.529, +0.052,+0.932
1704797340,+3.46,+23.529, +0.052,+0.932
1704797400,+3.46,+23.546, +0.051,+0.932
1704797460,+3.46,+23.555, +0.052,+0.932
1704797520,+3.46,+23.546, +0.052,+0.932
1704797580,+3.46,+23.555, +0.052,+0.932
1704797640,+3.46,+23.555, +0.052,+0.932
1704797700,+3.46,+23.546, +0.051,+0.932
1704797760,+3.46,+23.538, +0.051,+0.932
1704797820,+3.46,+23.529, +0.052,+0.932
1704797880,+3.46,+23.521, +0.052,+0.932
1704797940,+3.46,+23.546, +0.052,+0.932
1704798000,+3.46,+23.521, +0.052,+0.932
1704798060,+3.46,+23.546, +0.052,+0.932
1704798120,+3.46,+23.538, +0.052,+0.932
1704798180,+3.46,+23.521, +0.052,+0.932
1704798240,+3.46,+23.529, +0.052,+0.932
1704798300,+3.46,+23.529, +0.052,+0.932
1704798360,+3.46,+23.538, +0.051,+0.932
1704798420,+3.46,+23.546, +0.051,+0.932
1704798480,+3.46,+23.538, +0.051,+0.932
1704798540,+3.46,+23.529, +0.052,+0.932
1704798600,+3.46,+23.521, +0.052,+0.932
1704798660,+3.46,+23.513, +0.051,+0.932
1704798720,+3.46,+23.521, +0.052,+0.932
1704798780,+3.46,+23.504, +0.052,+0.932
1704798840,+3.46,+23.504, +0.052,+0.932
1704798900,+3.46,+23.513, +0.053,+0.932
1704798960,+3.46,+23.521, +0.051,+0.932
1704799020,+3.46,+23.513, +0.052,+0.932
1704799080,+3.46,+23.488, +0.052,+0.932
1704799140,+3.46,+23.504, +0.052,+0.932
1704799200,+3.46,+23.504, +0.052,+0.932
1704799260,+3.46,+23.504, +0.051,+0.932
1704799320,+3.46,+23.504, +0.052,+0.932
1704799380,+3.46,+23.504, +0.052,+0.932
1704799440,+3.46,+23.513, +0.051,+0.932
1704799500,+3.46,+23.529, +0.051,+0.932
1704799560,+3.46,+23.504, +0.052,+0.932
1704799620,+3.46,+23.521, +0.051,+0.932
1704799680,+3.46,+23.488, +0.052,+0.932
1704799740,+3.46,+23.513, +0.052,+0.932
1704799800,+3.46,+23.504, +0.052,+0.932
1704799860,+3.46,+23.504, +0.052,+0.932
1704799920,+3.46,+23.513, +0.052,+0.932
1704799980,+3.46,+23.496, +0.052,+0.932
1704800040,+3.46,+23.504, +0.051,+0.932
1704800100,+3.46,+23.513, +0.051,+0.932
1704800160,+3.46,+23.496, +0.052,+0.932
1704800220,+3.46,+23.496, +0.052,+0.932
1704800280,+3.46,+23.496, +0.052,+0.932
1704800340,+3.46,+23.513, +0.052,+0.932
1704800400,+3.46,+23.538, +0.051,+0.932
1704800460,+3.46,+23.513, +0.052,+0.932
1704800520,+3.46,+23.496, +0.052,+0.932
1704800580,+3.46,+23.496, +0.051,+0.932
1704800640,+3.46,+23.521, +0.052,+0.932
1704800700,+3.46,+23.513, +0.052,+0.932
1704800760,+3.46,+23.513, +0.052,+0.932
1704800820,+3.46,+23.513, +0.052,+0.932
1704800880,+3.46,+23.521, +0.051,+0.932
1704800940,+3.46,+23.504, +0.052,+0.932
1704801000,+3.46,+23.513, +0.052,+0.932
1704801060,+3.46,+23.521, +0.052,+0.932
1704801120,+3.46,+23.513, +0.052,+0.932
1704801180,+3.46,+23.504, +0.052,+0.932
1704801240,+3.46,+23.504, +0.051,+0.932
1704801300,+3.46,+23.504, +0.052,+0.932
1704801360,+3.46,+23.513, +0.052,+0.932
1704801420,+3.46,+23.513, +0.052,+0.932
1704801480,+3.46,+23.513, +0.052,+0.932
1704801540,+3.46,+23.496, +0.052,+0.932
1704801600,+3.46,+23.504, +0.052,+0.932
1704801660,+3.46,+23.513, +0.052,+0.932
1704801720,+3.46,+23.513, +0.051,+0.932
1704801780,+3.46,+23.496, +0.052,+0.932
1704801840,+3.46,+23.513, +0.052,+0.932
1704801900,+3.46,+23.504, +0.052,+0.932
1704801960,+3.46,+23.513, +0.051,+0.932
1704802020,+3.46,+23.504, +0.052,+0.932
1704802080,+3.46,+23.504, +0.051,+0.932
1704802140,+3.46,+23.496, +0.051,+0.932
1704802200,+3.46,+23.504, +0.052,+0.932
1704802260,+3.46,+23.521, +0.052,+0.932
1704802320,+3.46,+23.521, +0.052,+0.932
1704802380,+3.46,+23.504, +0.051,+0.932
1704802440,+3.46,+23.529, +0.051,+0.932
1704802500,+3.46,+23.513, +0.052,+0.932
1704802560,+3.46,+23.504, +0.051,+0.932
1704802620,+3.46,+23.504, +0.052,+0.932
1704802680,+3.46,+23.521, +0.052,+0.932
1704802740,+3.46,+23.504, +0.052,+0.932
1704802800,+3.46,+23.504, +0.052,+0.932
1704802860,+3.46,+23.521, +0.053,+0.932
1704802920,+3.46,+23.521, +0.051,+0.932
1704802980,+3.46,+23.529, +0.051,+0.932
1704803040,+3.46,+23.513, +0.052,+0.932
1704803100,+3.46,+23.513, +0.052,+0.932
1704803160,+3.46,+23.513, +0.051,+0.932
1704803220,+3.46,+23.513, +0.052,+0.932
1704803280,+3.46,+23.529, +0.052,+0.932
1704803340,+3.46,+23.529, +0.052,+0.932
1704803400,+3.46,+23.538, +0.052,+0.932
1704803460,+3.46,+23.546, +0.052,+0.932
1704803520,+3.46,+23.538, +0.052,+0.932
1704803580,+3.46,+23.529, +0.051,+0.932
1704803640,+3.46,+23.513, +0.052,+0.932
1704803700,+3.46,+23.513, +0.052,+0.932
1704803760,+3.46,+23.529, +0.052,+0.932
1704803820,+3.46,+23.529, +0.051,+0.932
1704803880,+3.46,+23.546, +0.052,+0.932
1704803940,+3.46,+23.555, +0.052,+0.932
1704804000,+3.46,+23.529, +0.051,+0.932
1704804060,+3.46,+23.546, +0.051,+0.932
1704804120,+3.46,+23.538, +0.051,+0.931
1704804180,+3.46,+23.529, +0.052,+0.932
1704804240,+3.46,+23.538, +0.052,+0.932
1704804300,+3.46,+23.546, +0.052,+0.932
1704804360,+3.46,+23.555, +0.052,+0.932
1704804420,+3.46,+23.555, +0.052,+0.932
1704804480,+3.46,+23.555, +0.051,+0.932
1704804540,+3.46,+23.546, +0.051,+0.932
1704804600,+3.46,+23.546, +0.052,+0.932
1704804660,+3.46,+23.546, +0.052,+0.932
1704804720,+3.46,+23.555, +0.052,+0.932
1704804780,+3.46,+23.546, +0.052,+0.932
1704804840,+3.46,+23.563, +0.051,+0.931
1704804900,+3.46,+23.538, +0.052,+0.932
1704804960,+3.46,+23.563, +0.052,+0.932
1704805020,+3.46,+23.563, +0.052,+0.932
1704805080,+3.46,+23.571, +0.052,+0.932
1704805140,+3.46,+23.546, +0.051,+0.932
1704805200,+3.46,+23.563, +0.052,+0.932
1704805260,+3.46,+23.563, +0.052,+0.932
1704805320,+3.46,+23.555, +0.052,+0.932
1704805380,+3.46,+23.580, +0.052,+0.932
1704805440,+3.46,+23.580, +0.052,+0.932
1704805500,+3.46,+23.563, +0.052,+0.932
1704805560,+3.46,+23.563, +0.051,+0.932
1704805620,+3.46,+23.571, +0.052,+0.932
1704805680,+3.46,+23.555, +0.052,+0.932
1704805740,+3.46,+23.588, +0.052,+0.932
1704805800,+3.46,+23.571, +0.052,+0.932
1704805860,+3.46,+23.571, +0.051,+0.932
1704805920,+3.46,+23.588, +0.052,+0.932
1704805980,+3.46,+23.596, +0.052,+0.932
1704806040,+3.46,+23.571, +0.052,+0.932
1704806100,+3.46,+23.580, +0.052,+0.932
1704806160,+3.46,+23.605, +0.052,+0.932
1704806220,+3.46,+23.605, +0.051,+0.931
1704806280,+3.46,+23.596, +0.052,+0.932
1704806340,+3.46,+23.605, +0.052,+0.932
1704806400,+3.46,+23.596, +0.052,+0.932
1704806460,+3.46,+23.596, +0.052,+0.931
1704806520,+3.46,+23.622, +0.052,+0.932
1704806580,+3.46,+23.613, +0.051,+0.932
1704806640,+3.46,+23.622, +0.052,+0.932
1704806700,+3.46,+23.596, +0.052,+0.932
1704806760,+3.46,+23.613, +0.052,+0.932
1704806820,+3.46,+23.613, +0.052,+0.932
1704806880,+3.46,+23.622, +0.052,+0.932
1704806940,+3.46,+23.613, +0.052,+0.932
1704807000,+3.46,+23.613, +0.052,+0.932
1704807060,+3.46,+23.622, +0.051,+0.932
1704807120,+3.46,+23.630, +0.052,+0.932
1704807180,+3.46,+23.630, +0.051,+0.931
1704807240,+3.46,+23.630, +0.051,+0.931
1704807300,+3.46,+23.638, +0.052,+0.932
1704807360,+3.46,+23.647, +0.052,+0.932
1704807420,+3.46,+23.638, +0.052,+0.931
1704807480,+3.46,+23.647, +0.051,+0.932
1704807540,+3.46,+23.655, +0.052,+0.931
1704807600,+3.46,+23.655, +0.052,+0.932
1704807660,+3.46,+23.655, +0.052,+0.932
1704807720,+3.46,+23.655, +0.052,+0.932
1704807780,+3.46,+23.663, +0.051,+0.932
1704807840,+3.46,+23.672, +0.052,+0.932
1704807900,+3.46,+23.672, +0.052,+0.932
1704807960,+3.46,+23.672, +0.052,+0.932
1704808020,+3.46,+23.680, +0.052,+0.932
1704808080,+3.46,+23.680, +0.051,+0.931
1704808140,+3.46,+23.697, +0.052,+0.931
1704808200,+3.46,+23.680, +0.052,+0.932
1704808260,+3.46,+23.689, +0.052,+0.931
1704808320,+3.46,+23.697, +0.052,+0.931
1704808380,+3.46,+23.689, +0.052,+0.932
1704808440,+3.46,+23.697, +0.051,+0.931
1704808500,+3.46,+23.705, +0.051,+0.931
1704808560,+3.46,+23.697, +0.051,+0.932
1704808620,+3.46,+23.722, +0.052,+0.931
1704808680,+3.46,+23.730, +0.052,+0.932
1704808740,+3.46,+23.714, +0.051,+0.931
1704808800,+3.46,+23.730, +0.051,+0.931
1704808860,+3.46,+23.722, +0.052,+0.931
1704808920,+3.46,+23.739, +0.051,+0.931
1704808980,+3.46,+23.730, +0.052,+0.931
1704809040,+3.46,+23.739, +0.052,+0.932
1704809100,+3.46,+23.756, +0.051,+0.931
1704809160,+3.46,+23.747, +0.052,+0.931
1704809220,+3.46,+23.739, +0.051,+0.931
1704809280,+3.46,+23.764, +0.052,+0.931
1704809340,+3.46,+23.747, +0.052,+0.931
1704809400,+3.46,+23.781, +0.052,+0.931
1704809460,+3.46,+23.772, +0.052,+0.931
1704809520,+3.46,+23.772, +0.052,+0.931
1704809580,+3.46,+23.789, +0.052,+0.931
1704809640,+3.46,+23.772, +0.052,+0.931
1704809700,+3.46,+23.772, +0.052,+0.931
1704809760,+3.46,+23.789, +0.051,+0.931
1704809820,+3.45,+23.797, +0.051,+0.931
1704809880,+3.46,+23.806, +0.051,+0.931
1704809940,+3.46,+23.781, +0.052,+0.931
1704810000,+3.46,+23.806, +0.052,+0.931
1704810060,+3.45,+23.814, +0.051,+0.931
1704810120,+3.46,+23.823, +0.051,+0.931
1704810180,+3.46,+23.814, +0.052,+0.931
1704810240,+3.46,+23.823, +0.051,+0.931
1704810300,+3.45,+23.823, +0.052,+0.931
1704810360,+3.45,+23.848, +0.051,+0.931
1704810420,+3.45,+23.839, +0.051,+0.931
1704810480,+3.45,+23.839, +0.051,+0.931
1704810540,+3.45,+23.831, +0.052,+0.931
1704810600,+3.45,+23.839, +0.052,+0.931
1704810660,+3.45,+23.856, +0.051,+0.931
1704810720,+3.45,+23.856, +0.052,+0.931
1704810780,+3.45,+23.856, +0.052,+0.931
1704810840,+3.45,+23.864, +0.052,+0.931
1704810900,+3.45,+23.864, +0.052,+0.931
1704810960,+3.45,+23.881, +0.052,+0.931
1704811020,+3.45,+23.898, +0.052,+0.931
1704811080,+3.45,+23.873, +0.052,+0.931
1704811140,+3.45,+23.915, +0.052,+0.931
1704811200,+3.45,+23.915, +0.052,+0.931
1704811260,+3.45,+23.890, +0.051,+0.931
1704811320,+3.45,+23.915, +0.052,+0.931
1704811380,+3.45,+23.906, +0.052,+0.931
1704811440,+3.45,+23.915, +0.052,+0.931
1704811500,+3.45,+23.898, +0.052,+0.931
1704811560,+3.45,+23.923, +0.051,+0.931
1704811620,+3.45,+23.932, +0.051,+0.931
1704811680,+3.45,+23.923, +0.052,+0.931
1704811740,+3.45,+23.932, +0.052,+0.931
1704811800,+3.45,+23.923, +0.051,+0.931
1704811860,+3.45,+23.932, +0.052,+0.931
1704811920,+3.45,+23.932, +0.052,+0.931
1704811980,+3.45,+23.940, +0.051,+0.931
1704812040,+3.45,+23.932, +0.052,+0.931
1704812100,+3.45,+23.948, +0.052,+0.931
1704812160,+3.45,+23.957, +0.051,+0.931
1704812220,+3.45,+23.957, +0.052,+0.931
1704812280,+3.45,+23.940, +0.052,+0.931
1704812340,+3.45,+23.973, +0.051,+0.931
1704812400,+3.45,+23.957, +0.051,+0.931
1704812460,+3.45,+23.973, +0.052,+0.931
1704812520,+3.45,+23.990, +0.052,+0.931
1704812580,+3.45,+23.982, +0.052,+0.931
1704812640,+3.45,+23.982, +0.052,+0.931
1704812700,+3.45,+23.982, +0.052,+0.931
1704812760,+3.45,+23.982, +0.052,+0.931
1704812820,+3.45,+23.999, +0.052,+0.931
1704812880,+3.45,+23.990, +0.052,+0.931
1704812940,+3.45,+23.999, +0.052,+0.931
1704813000,+3.45,+23.999, +0.052,+0.931
1704813060,+3.45,+24.032, +0.052,+0.931
1704813120,+3.45,+24.032, +0.052,+0.931
1704813180,+3.45,+24.040, +0.052,+0.931
1704813240,+3.45,+24.049, +0.052,+0.931
1704813300,+3.45,+24.040, +0.051,+0.931
1704813360,+3.45,+24.057, +0.052,+0.931
1704813420,+3.45,+24.057, +0.052,+0.931
1704813480,+3.45,+24.049, +0.051,+0.931
1704813540,+3.45,+24.074, +0.052,+0.931
1704813600,+3.45,+24.074, +0.052,+0.931
1704813660,+3.45,+24.066, +0.051,+0.931
1704813720,+3.45,+24.091, +0.052,+0.931
1704813780,+3.45,+24.082, +0.051,+0.931
1704813840,+3.45,+24.099, +0.052,+0.931
1704813900,+3.45,+24.091, +0.052,+0.931
1704813960,+3.45,+24.091, +0.052,+0.931
1704814020,+3.45,+24.099, +0.052,+0.931
1704814080,+3.45,+24.124, +0.051,+0.931
1704814140,+3.45,+24.108, +0.051,+0.931
1704814200,+3.45,+24.124, +0.052,+0.931
1704814260,+3.45,+24.124, +0.052,+0.931
1704814320,+3.45,+24.133, +0.051,+0.931
1704814380,+3.45,+24.133, +0.052,+0.931
1704814440,+3.45,+24.141, +0.052,+0.931
1704814500,+3.45,+24.141, +0.052,+0.931
1704814560,+3.45,+24.149, +0.053,+0.931
1704814620,+3.45,+24.158, +0.052,+0.931
1704814680,+3.45,+24.141, +0.052,+0.931
1704814740,+3.45,+24.166, +0.052,+0.931
1704814800,+3.45,+24.175, +0.052,+0.931
1704814860,+3.45,+24.183, +0.052,+0.931
1704814920,+3.45,+24.191, +0.052,+0.931
1704814980,+3.45,+24.191, +0.052,+0.931
1704815040,+3.45,+24.175, +0.052,+0.931
1704815100,+3.45,+24.183, +0.052,+0.931
1704815160,+3.45,+24.200, +0.051,+0.931
1704815220,+3.45,+24.208, +0.052,+0.931
1704815280,+3.45,+24.217, +0.052,+0.931
1704815340,+3.45,+24.225, +0.052,+0.931
1704815400,+3.45,+24.242, +0.052,+0.931
1704815460,+3.45,+24.275, +0.053,+0.931
1704815520,+3.45,+24.267, +0.052,+0.931
1704815580,+3.45,+24.267, +0.052,+0.931
1704815640,+3.45,+24.275, +0.052,+0.931
1704815700,+3.45,+24.292, +0.052,+0.931
1704815760,+3.45,+24.309, +0.052,+0.931
1704815820,+3.45,+24.292, +0.052,+0.931
1704815880,+3.45,+24.309, +0.052,+0.931
1704815940,+3.45,+24.292, +0.052,+0.931
1704816000,+3.45,+24.317, +0.051,+0.931
1704816060,+3.45,+24.326, +0.052,+0.931
1704816120,+3.46,+24.334, +0.052,+0.931
1704816180,+3.45,+24.334, +0.052,+0.931
1704816240,+3.46,+24.351, +0.051,+0.931
1704816300,+3.46,+24.342, +0.052,+0.931
1704816360,+3.46,+24.359, +0.052,+0.931
1704816420,+3.46,+24.368, +0.052,+0.931
1704816480,+3.46,+24.376, +0.052,+0.931
1704816540,+3.46,+24.384, +0.051,+0.931
1704816600,+3.46,+24.401, +0.052,+0.931
1704816660,+3.46,+24.401, +0.052,+0.931
1704816720,+3.46,+24.426, +0.052,+0.931
1704816780,+3.46,+24.410, +0.052,+0.931
1704816840,+3.46,+24.418, +0.052,+0.931
1704816900,+3.46,+24.443, +0.052,+0.931
1704816960,+3.46,+24.451, +0.052,+0.931
1704817020,+3.46,+24.451, +0.052,+0.931
1704817080,+3.46,+24.468, +0.052,+0.931
1704817140,+3.46,+24.477, +0.052,+0.931
1704817200,+3.46,+24.561, +0.053,+0.931
1704817260,+3.46,+24.586, +0.052,+0.931
1704817320,+3.46,+24.577, +0.052,+0.931
1704817380,+3.46,+24.569, +0.052,+0.931
1704817440,+3.46,+24.577, +0.052,+0.931
1704817500,+3.46,+24.577, +0.052,+0.931
1704817560,+3.46,+24.577, +0.052,+0.931
1704817620,+3.46,+24.561, +0.052,+0.931
1704817680,+3.46,+24.569, +0.052,+0.931
1704817740,+3.46,+24.603, +0.052,+0.931
1704817800,+3.46,+24.636, +0.052,+0.931
1704817860,+3.46,+24.636, +0.052,+0.931
1704817920,+3.46,+24.661, +0.052,+0.931
1704817980,+3.46,+24.653, +0.052,+0.931
1704818040,+3.46,+24.678, +0.052,+0.931
1704818100,+3.46,+24.687, +0.052,+0.931
1704818160,+3.46,+24.695, +0.051,+0.930
1704818220,+3.46,+24.720, +0.052,+0.931
1704818280,+3.46,+24.703, +0.052,+0.930
1704818340,+3.46,+24.729, +0.052,+0.931
1704818400,+3.46,+24.737, +0.052,+0.930
1704818460,+3.46,+24.754, +0.052,+0.931
1704818520,+3.46,+24.762, +0.052,+0.930
1704818580,+3.46,+24.787, +0.052,+0.930
1704818640,+3.46,+24.804, +0.052,+0.930
1704818700,+3.46,+24.813, +0.052,+0.930
1704818760,+3.46,+24.804, +0.052,+0.930
1704818820,+3.46,+24.813, +0.052,+0.930
1704818880,+3.46,+24.846, +0.052,+0.930
1704818940,+3.46,+24.838, +0.052,+0.930
1704819000,+3.46,+24.855, +0.052,+0.930
1704819060,+3.46,+24.863, +0.052,+0.930
1704819120,+3.46,+24.905, +0.052,+0.930
1704819180,+3.46,+24.922, +0.052,+0.930
1704819240,+3.46,+24.939, +0.053,+0.930
1704819300,+3.45,+24.972, +0.052,+0.930
1704819360,+3.46,+24.981, +0.052,+0.930
1704819420,+3.45,+24.989, +0.052,+0.930
1704819480,+3.45,+25.006, +0.052,+0.930
1704819540,+3.45,+25.006, +0.052,+0.930
1704819600,+3.45,+25.014, +0.052,+0.930
1704819660,+3.45,+25.031, +0.052,+0.930
1704819720,+3.45,+25.031, +0.052,+0.930
1704819780,+3.45,+25.031, +0.052,+0.930
1704819840,+3.45,+25.039, +0.052,+0.930
1704819900,+3.45,+25.048, +0.052,+0.930
1704819960,+3.45,+25.023, +0.052,+0.930
1704820020,+3.45,+25.048, +0.051,+0.930
1704820080,+3.45,+25.031, +0.052,+0.930
1704820140,+3.46,+25.031, +0.052,+0.930
1704820200,+3.46,+25.031, +0.052,+0.930
1704820260,+3.46,+25.048, +0.052,+0.930
1704820320,+3.46,+25.048, +0.051,+0.930
1704820380,+3.45,+25.039, +0.051,+0.930
1704820440,+3.46,+25.048, +0.051,+0.930
1704820500,+3.46,+25.031, +0.052,+0.930
1704820560,+3.46,+25.039, +0.052,+0.930
1704820620,+3.46,+25.039, +0.051,+0.930
1704820680,+3.46,+25.039, +0.051,+0.930
1704820740,+3.46,+25.031, +0.051,+0.930
1704820800,+3.46,+25.031, +0.052,+0.930
1704820860,+3.46,+25.031, +0.052,+0.930
1704820920,+3.46,+25.039, +0.052,+0.930
1704820980,+3.46,+25.023, +0.052,+0.930
1704821040,+3.46,+25.014, +0.051,+0.930
1704821100,+3.46,+25.048, +0.051,+0.930
1704821160,+3.46,+25.056, +0.051,+0.930
1704821220,+3.46,+25.048, +0.052,+0.930
1704821280,+3.46,+25.031, +0.052,+0.930
1704821340,+3.46,+25.031, +0.051,+0.930
1704821400,+3.46,+25.031, +0.051,+0.930
1704821460,+3.46,+25.048, +0.052,+0.930
1704821520,+3.46,+25.048, +0.052,+0.930
1704821580,+3.46,+25.073, +0.052,+0.930
1704821640,+3.46,+25.065, +0.052,+0.930
1704821700,+3.46,+25.065, +0.052,+0.930
1704821760,+3.46,+25.082, +0.051,+0.930
1704821820,+3.46,+25.082, +0.051,+0.930
1704821880,+3.46,+25.090, +0.052,+0.930
1704821940,+3.46,+25.090, +0.052,+0.930
1704822000,+3.46,+25.098, +0.051,+0.930
1704822060,+3.46,+25.098, +0.052,+0.930
1704822120,+3.46,+25.098, +0.053,+0.930
1704822180,+3.46,+25.098, +0.052,+0.930
1704822240,+3.46,+25.107, +0.052,+0.930
1704822300,+3.46,+25.107, +0.052,+0.930
1704822360,+3.46,+25.107, +0.052,+0.930
1704822420,+3.46,+25.115, +0.052,+0.930
1704822480,+3.46,+25.115, +0.052,+0.930
1704822540,+3.46,+25.107, +0.052,+0.930
1704822600,+3.46,+25.124, +0.052,+0.930
1704822660,+3.46,+25.132, +0.052,+0.930
1704822720,+3.46,+25.115, +0.052,+0.930
1704822780,+3.46,+25.149, +0.052,+0.930
1704822840,+3.46,+25.174, +0.052,+0.930
1704822900,+3.46,+25.149, +0.052,+0.930
1704822960,+3.46,+25.182, +0.052,+0.930
1704823020,+3.46,+25.182, +0.052,+0.930
1704823080,+3.46,+25.174, +0.053,+0.930
1704823140,+3.46,+25.182, +0.052,+0.930
1704823200,+3.46,+25.182, +0.052,+0.930
1704823260,+3.46,+25.182, +0.051,+0.930
1704823320,+3.46,+25.191, +0.052,+0.930
1704823380,+3.46,+25.199, +0.052,+0.931
1704823440,+3.46,+25.191, +0.052,+0.931
1704823500,+3.46,+25.199, +0.052,+0.930
1704823560,+3.46,+25.199, +0.052,+0.930
1704823620,+3.46,+25.199, +0.052,+0.931
1704823680,+3.46,+25.208, +0.052,+0.930
1704823740,+3.46,+25.191, +0.053,+0.931
1704823800,+3.46,+25.199, +0.052,+0.930
1704823860,+3.46,+25.216, +0.052,+0.930
1704823920,+3.46,+25.199, +0.052,+0.930
1704823980,+3.46,+25.208, +0.053,+0.931
1704824040,+3.46,+25.233, +0.052,+0.931
1704824100,+3.46,+25.225, +0.053,+0.931
1704824160,+3.46,+25.216, +0.052,+0.930
1704824220,+3.46,+25.233, +0.053,+0.931
1704824280,+3.46,+25.241, +0.052,+0.931
1704824340,+3.46,+25.258, +0.052,+0.930
1704824400,+3.46,+25.250, +0.053,+0.931
1704824460,+3.46,+25.283, +0.053,+0.931
1704824520,+3.46,+25.283, +0.053,+0.931
1704824580,+3.46,+25.292, +0.052,+0.930
1704824640,+3.45,+25.292, +0.053,+0.930
1704824700,+3.45,+25.300, +0.053,+0.931
1704824760,+3.46,+25.326, +0.053,+0.930
1704824820,+3.46,+25.317, +0.053,+0.930
